#!ascii label  , from subject HYGLY28_VISIT_2 vox2ras=TkReg
1335
130805  -50.441  18.154  25.708 0.0000000000
142516  -45.317  33.349  12.393 0.0000000000
140009  -41.946  31.022  20.376 0.0000000000
134446  -53.134  22.859  15.579 0.0000000000
138449  -52.303  28.270  7.510 0.0000000000
136788  -51.184  26.473  11.822 0.0000000000
132294  -48.764  20.628  8.407 0.0000000000
135262  -46.613  23.877  13.668 0.0000000000
126117  -43.836  11.900  21.714 0.0000000000
130821  -45.182  18.172  24.697 0.0000000000
147962  -43.970  42.078  16.367 0.0000000000
145939  -47.639  38.086  11.662 0.0000000000
139368  -48.239  29.355  3.954 0.0000000000
135936  -47.001  24.832  21.743 0.0000000000
140928  -43.824  31.188  16.720 0.0000000000
140027  -49.251  30.707  19.374 0.0000000000
133556  -53.516  22.588  21.678 0.0000000000
133574  -50.279  22.569  19.378 0.0000000000
132862  -43.860  21.625  18.695 0.0000000000
130143  -51.242  17.562  24.641 0.0000000000
136855  -53.347  26.673  5.452 0.0000000000
132997  -53.626  22.038  7.431 0.0000000000
135329  -50.795  24.108  8.470 0.0000000000
134535  -45.680  22.997  9.302 0.0000000000
127793  -43.958  15.205  22.694 0.0000000000
130834  -42.053  18.506  23.864 0.0000000000
148669  -39.360  42.652  16.525 0.0000000000
142565  -48.599  33.411  8.045 0.0000000000
135949  -43.906  24.999  21.804 0.0000000000
137488  -44.596  27.712  18.818 0.0000000000
143870  -42.516  35.424  13.651 0.0000000000
140085  -44.561  30.680  13.322 0.0000000000
135268  -52.463  23.692  13.315 0.0000000000
136744  -49.634  26.884  15.669 0.0000000000
135994  -51.401  24.899  16.835 0.0000000000
136700  -51.233  26.664  20.526 0.0000000000
135210  -53.708  23.537  17.858 0.0000000000
133563  -53.070  21.552  19.974 0.0000000000
133608  -51.895  22.292  17.355 0.0000000000
134424  -45.564  23.807  16.539 0.0000000000
140136  -48.533  30.831  10.259 0.0000000000
139215  -48.608  29.531  12.254 0.0000000000
137577  -52.801  27.394  9.783 0.0000000000
133709  -52.706  22.686  10.757 0.0000000000
133706  -51.188  22.751  11.868 0.0000000000
134461  -50.136  23.448  14.494 0.0000000000
133703  -47.304  22.030  11.400 0.0000000000
132938  -42.856  20.806  11.010 0.0000000000
125216  -46.297  10.940  23.446 0.0000000000
127796  -46.870  14.862  23.425 0.0000000000
130114  -47.707  17.448  25.234 0.0000000000
147252  -36.853  40.414  14.950 0.0000000000
146576  -40.759  39.392  14.673 0.0000000000
145909  -44.141  38.506  14.848 0.0000000000
144542  -48.246  36.803  13.168 0.0000000000
143241  -49.596  34.708  10.064 0.0000000000
141055  -50.509  31.139  5.850 0.0000000000
138525  -50.552  28.213  2.946 0.0000000000
136896  -47.044  26.491  3.580 0.0000000000
133540  -43.179  22.586  22.049 0.0000000000
132814  -45.847  21.681  22.343 0.0000000000
132796  -49.368  21.665  23.343 0.0000000000
142447  -42.810  33.173  20.490 0.0000000000
139169  -48.430  30.072  15.497 0.0000000000
141758  -46.962  33.305  18.640 0.0000000000
140888  -45.348  32.082  20.704 0.0000000000
137477  -48.336  28.038  19.833 0.0000000000
135168  -50.611  24.464  22.461 0.0000000000
132164  -52.110  20.926  24.319 0.0000000000
132184  -53.039  20.387  22.907 0.0000000000
132193  -50.959  20.214  21.955 0.0000000000
132201  -47.436  20.531  20.857 0.0000000000
134412  -49.286  23.638  17.302 0.0000000000
133571  -47.224  22.454  19.299 0.0000000000
132198  -44.564  19.822  20.042 0.0000000000
128630  -49.537  15.699  25.551 0.0000000000
128631  -50.297  15.640  25.436 0.0000000000
130117  -50.858  17.447  25.483 0.0000000000
136854  -52.825  26.520  5.230 0.0000000000
135338  -52.654  24.246  6.424 0.0000000000
136818  -52.561  25.931  6.598 0.0000000000
136067  -50.398  24.723  8.735 0.0000000000
139129  -43.784  29.748  18.834 0.0000000000
143208  -43.749  34.439  13.218 0.0000000000
134462  -53.046  22.936  14.494 0.0000000000
135238  -52.036  24.273  15.070 0.0000000000
135224  -52.988  23.647  16.361 0.0000000000
135209  -53.182  24.121  17.419 0.0000000000
134431  -53.438  22.818  16.662 0.0000000000
133610  -53.794  22.163  17.811 0.0000000000
133639  -52.358  22.506  15.681 0.0000000000
139279  -50.049  30.147  8.787 0.0000000000
138382  -51.219  29.047  9.880 0.0000000000
137587  -53.044  27.711  8.877 0.0000000000
133753  -50.729  22.521  9.067 0.0000000000
132977  -53.040  21.971  9.231 0.0000000000
133741  -50.762  22.390  9.590 0.0000000000
133707  -51.914  22.476  11.596 0.0000000000
133725  -49.532  21.973  10.289 0.0000000000
133705  -49.040  22.203  11.023 0.0000000000
132270  -46.655  20.408  9.973 0.0000000000
133721  -43.260  21.855  9.865 0.0000000000
129430  -44.128  16.419  23.829 0.0000000000
127806  -45.561  14.276  22.730 0.0000000000
128648  -45.963  16.126  24.251 0.0000000000
128649  -46.837  15.833  24.499 0.0000000000
130822  -46.411  18.059  24.824 0.0000000000
147960  -41.757  42.103  16.148 0.0000000000
147255  -40.405  40.726  15.556 0.0000000000
147257  -42.339  40.571  15.491 0.0000000000
146578  -42.678  39.028  15.057 0.0000000000
147268  -44.054  39.925  15.117 0.0000000000
146601  -46.992  39.203  12.879 0.0000000000
146583  -47.168  39.354  13.909 0.0000000000
145917  -48.865  38.648  12.804 0.0000000000
143899  -48.942  35.305  11.722 0.0000000000
145287  -49.368  36.976  11.301 0.0000000000
141030  -48.027  31.410  6.559 0.0000000000
141840  -49.485  32.961  7.467 0.0000000000
140202  -49.059  30.509  5.282 0.0000000000
139371  -50.985  29.615  4.143 0.0000000000
139386  -48.958  28.819  3.222 0.0000000000
137710  -48.602  26.940  2.119 0.0000000000
137709  -47.884  27.189  2.622 0.0000000000
135944  -39.049  25.420  21.531 0.0000000000
135157  -39.228  24.252  22.446 0.0000000000
134357  -40.765  23.514  22.259 0.0000000000
133539  -42.229  22.628  22.191 0.0000000000
135160  -42.261  24.187  22.181 0.0000000000
135950  -45.079  25.105  21.488 0.0000000000
134371  -45.219  23.731  21.780 0.0000000000
133544  -47.037  22.970  22.306 0.0000000000
132179  -47.622  21.127  22.841 0.0000000000
133545  -48.191  22.956  22.677 0.0000000000
140914  -42.228  31.873  17.113 0.0000000000
141753  -41.643  32.708  18.819 0.0000000000
141755  -43.512  32.868  18.329 0.0000000000
138356  -51.324  28.419  12.114 0.0000000000
139202  -48.886  29.374  13.533 0.0000000000
138346  -50.531  28.495  13.579 0.0000000000
137498  -49.256  27.758  16.910 0.0000000000
140032  -48.608  30.912  17.521 0.0000000000
141760  -48.796  32.402  19.279 0.0000000000
142451  -46.453  33.829  20.917 0.0000000000
141727  -47.914  32.445  20.153 0.0000000000
140021  -46.523  30.410  19.362 0.0000000000
139134  -48.647  29.929  19.879 0.0000000000
135183  -52.466  24.399  20.739 0.0000000000
135956  -50.936  25.842  21.529 0.0000000000
134368  -52.011  23.656  22.434 0.0000000000
133526  -51.010  22.362  23.604 0.0000000000
133528  -53.092  21.850  23.289 0.0000000000
132791  -53.113  20.194  23.857 0.0000000000
133530  -54.282  21.215  22.777 0.0000000000
133562  -52.031  21.782  19.987 0.0000000000
132826  -52.363  20.825  21.283 0.0000000000
132833  -50.329  21.506  20.773 0.0000000000
132823  -49.031  20.691  21.376 0.0000000000
132832  -49.041  21.413  20.765 0.0000000000
134477  -49.049  23.969  13.708 0.0000000000
134443  -49.545  23.689  15.276 0.0000000000
135250  -47.998  24.537  14.848 0.0000000000
133606  -44.651  23.055  17.971 0.0000000000
134396  -46.663  23.474  18.149 0.0000000000
132863  -44.895  21.852  18.704 0.0000000000
132847  -45.658  21.511  19.336 0.0000000000
132845  -43.483  20.914  19.283 0.0000000000
130869  -42.560  18.764  19.409 0.0000000000
125206  -49.150  11.996  24.246 0.0000000000
130142  -50.588  17.130  24.220 0.0000000000
137631  -53.106  27.430  6.179 0.0000000000
136819  -53.561  26.265  7.508 0.0000000000
135348  -53.555  24.615  6.484 0.0000000000
133765  -51.929  22.548  7.704 0.0000000000
134548  -49.068  22.720  8.662 0.0000000000
133748  -46.064  21.767  8.350 0.0000000000
134538  -48.412  23.472  8.980 0.0000000000
126959  -44.020  13.490  21.886 0.0000000000
127792  -42.928  15.125  22.757 0.0000000000
130836  -43.642  18.367  24.008 0.0000000000
148663  -42.819  43.304  17.190 0.0000000000
144575  -48.192  36.371  10.115 0.0000000000
140220  -46.488  30.060  4.340 0.0000000000
139383  -46.450  28.574  3.502 0.0000000000
135959  -42.354  25.510  21.098 0.0000000000
136694  -44.602  26.005  20.343 0.0000000000
136695  -45.699  26.068  20.458 0.0000000000
140053  -43.858  30.336  15.223 0.0000000000
135267  -51.602  24.627  13.031 0.0000000000
136762  -50.416  26.740  13.726 0.0000000000
135237  -51.110  24.881  14.789 0.0000000000
135993  -50.604  25.443  16.539 0.0000000000
136731  -50.285  26.156  17.641 0.0000000000
137480  -50.553  27.443  19.806 0.0000000000
135976  -51.751  25.667  18.815 0.0000000000
135977  -52.599  25.039  19.155 0.0000000000
134384  -53.538  23.536  19.696 0.0000000000
132837  -54.103  21.683  20.674 0.0000000000
133597  -54.018  22.169  18.825 0.0000000000
133596  -53.313  21.789  18.472 0.0000000000
133594  -50.870  22.658  18.248 0.0000000000
135233  -46.346  24.452  15.275 0.0000000000
140884  -41.422  31.618  21.435 0.0000000000
141810  -46.884  32.537  11.373 0.0000000000
140100  -46.902  30.287  11.842 0.0000000000
139228  -48.451  29.902  10.973 0.0000000000
139255  -52.223  28.900  11.107 0.0000000000
136796  -51.879  26.485  10.743 0.0000000000
135324  -53.690  24.262  8.486 0.0000000000
134541  -52.875  23.590  9.721 0.0000000000
135297  -52.175  24.303  11.236 0.0000000000
134492  -52.872  23.074  12.468 0.0000000000
133692  -52.595  22.649  12.609 0.0000000000
133673  -51.893  22.564  13.834 0.0000000000
133653  -51.719  22.648  14.787 0.0000000000
133690  -51.186  22.878  13.000 0.0000000000
134490  -49.466  23.272  12.430 0.0000000000
134488  -47.396  23.060  12.374 0.0000000000
132955  -45.325  20.874  10.233 0.0000000000
132940  -44.900  21.201  11.248 0.0000000000
126960  -45.144  13.386  22.340 0.0000000000
126110  -46.567  12.586  22.734 0.0000000000
126094  -48.436  12.277  23.892 0.0000000000
127780  -47.901  14.581  23.996 0.0000000000
129420  -48.541  16.014  25.244 0.0000000000
130115  -48.729  17.442  25.717 0.0000000000
145903  -37.787  38.589  14.100 0.0000000000
147266  -38.579  40.261  14.792 0.0000000000
145242  -39.386  37.698  13.796 0.0000000000
145244  -41.397  37.541  14.341 0.0000000000
144527  -42.888  36.482  14.007 0.0000000000
144539  -44.716  36.268  13.760 0.0000000000
148684  -45.810  42.280  16.024 0.0000000000
147269  -45.901  40.386  15.251 0.0000000000
145258  -46.089  37.535  14.259 0.0000000000
143883  -46.675  35.282  12.754 0.0000000000
143228  -48.014  34.544  11.544 0.0000000000
141815  -49.056  33.348  9.936 0.0000000000
141003  -49.923  31.832  8.135 0.0000000000
143924  -49.209  35.393  9.872 0.0000000000
141841  -50.348  32.880  7.539 0.0000000000
140191  -51.248  30.396  6.411 0.0000000000
139353  -52.045  29.495  5.075 0.0000000000
138510  -51.760  28.272  3.813 0.0000000000
137700  -49.791  26.834  3.287 0.0000000000
136898  -48.738  26.316  3.202 0.0000000000
136132  -46.069  25.075  3.314 0.0000000000
132175  -43.330  20.611  22.316 0.0000000000
132176  -44.459  20.254  22.574 0.0000000000
135162  -43.838  24.279  22.146 0.0000000000
132813  -44.715  21.437  22.116 0.0000000000
132158  -45.375  19.795  23.278 0.0000000000
131519  -47.078  19.584  23.932 0.0000000000
132145  -48.743  19.578  24.204 0.0000000000
131502  -50.406  19.190  25.028 0.0000000000
140874  -42.633  32.420  21.608 0.0000000000
139200  -46.561  29.876  12.974 0.0000000000
139167  -46.282  29.573  14.894 0.0000000000
140040  -45.465  30.498  16.511 0.0000000000
139171  -49.846  29.366  15.510 0.0000000000
140031  -47.453  30.918  17.271 0.0000000000
141771  -45.440  32.263  18.100 0.0000000000
142460  -44.841  33.777  20.004 0.0000000000
141707  -44.203  33.056  21.854 0.0000000000
140897  -44.406  31.415  20.058 0.0000000000
140020  -45.574  30.502  19.137 0.0000000000
137475  -46.499  27.830  19.294 0.0000000000
136681  -47.632  26.012  21.044 0.0000000000
137465  -50.039  27.932  20.933 0.0000000000
136682  -48.784  26.455  21.185 0.0000000000
135938  -48.540  25.214  22.201 0.0000000000
133546  -49.313  22.825  23.006 0.0000000000
132797  -50.555  21.598  23.766 0.0000000000
131503  -51.477  19.155  25.064 0.0000000000
131504  -52.265  19.218  24.590 0.0000000000
131524  -52.600  18.960  24.040 0.0000000000
131536  -51.758  18.938  23.373 0.0000000000
132827  -53.402  20.888  21.309 0.0000000000
132194  -52.158  20.358  21.981 0.0000000000
132182  -50.835  19.556  22.593 0.0000000000
131543  -48.851  19.562  22.045 0.0000000000
132191  -48.348  20.116  21.558 0.0000000000
133638  -51.288  22.768  15.611 0.0000000000
133607  -51.034  22.684  17.109 0.0000000000
134400  -50.036  22.972  18.197 0.0000000000
135205  -47.763  24.097  16.840 0.0000000000
134398  -48.515  23.448  18.204 0.0000000000
133572  -48.147  22.581  19.424 0.0000000000
132849  -47.621  22.128  19.875 0.0000000000
132200  -46.193  20.051  20.652 0.0000000000
129399  -50.139  16.476  25.685 0.0000000000
129400  -50.593  16.395  25.284 0.0000000000
137654  -51.850  27.488  4.975 0.0000000000
136834  -52.721  26.088  5.873 0.0000000000
136833  -52.208  26.630  6.415 0.0000000000
139128  -42.750  29.534  18.929 0.0000000000
140017  -42.423  30.639  19.694 0.0000000000
143209  -44.762  34.443  12.862 0.0000000000
142515  -44.661  33.386  12.647 0.0000000000
141805  -45.547  32.525  12.235 0.0000000000
135239  -52.658  23.509  15.319 0.0000000000
134430  -53.423  23.069  16.294 0.0000000000
134447  -53.317  22.789  16.202 0.0000000000
133640  -53.100  22.550  16.274 0.0000000000
138422  -51.147  29.288  8.234 0.0000000000
138399  -51.086  29.107  8.812 0.0000000000
137603  -52.934  27.742  7.905 0.0000000000
133752  -49.578  22.188  9.185 0.0000000000
133740  -49.650  22.003  9.557 0.0000000000
132974  -49.461  20.955  9.395 0.0000000000
132958  -48.158  20.879  10.234 0.0000000000
132279  -46.935  20.479  9.172 0.0000000000
125245  -44.085  11.657  22.064 0.0000000000
130132  -44.535  17.598  24.475 0.0000000000
128647  -45.070  16.327  24.013 0.0000000000
130133  -45.627  17.511  24.872 0.0000000000
147961  -42.849  42.117  16.339 0.0000000000
147969  -42.088  41.401  15.774 0.0000000000
147970  -43.193  41.399  15.760 0.0000000000
147258  -43.484  40.389  15.336 0.0000000000
147971  -44.339  41.365  15.836 0.0000000000
145270  -46.416  38.062  12.045 0.0000000000
145926  -46.059  38.521  12.346 0.0000000000
145927  -47.396  38.470  12.153 0.0000000000
146602  -47.999  39.032  12.647 0.0000000000
145928  -48.434  38.832  12.094 0.0000000000
145271  -49.151  37.863  12.383 0.0000000000
145286  -48.895  37.709  11.428 0.0000000000
140201  -47.987  30.571  5.122 0.0000000000
141053  -48.517  30.982  5.906 0.0000000000
140222  -48.605  30.055  4.508 0.0000000000
139369  -49.282  29.504  3.866 0.0000000000
138523  -48.627  28.101  2.679 0.0000000000
139385  -47.955  28.584  3.481 0.0000000000
136676  -39.368  25.877  20.843 0.0000000000
135945  -39.973  25.285  21.418 0.0000000000
135932  -40.430  24.767  21.812 0.0000000000
135159  -41.293  24.393  22.033 0.0000000000
134358  -41.757  23.513  22.229 0.0000000000
135951  -46.302  24.976  21.525 0.0000000000
134362  -46.252  24.131  21.926 0.0000000000
134363  -46.855  23.950  22.214 0.0000000000
134364  -47.732  23.812  22.440 0.0000000000
140927  -42.680  31.078  16.317 0.0000000000
141769  -42.771  32.465  17.880 0.0000000000
140915  -43.282  31.928  17.457 0.0000000000
137557  -50.985  27.122  11.832 0.0000000000
138355  -50.867  28.419  12.708 0.0000000000
136787  -50.841  26.852  12.168 0.0000000000
139141  -49.170  29.863  18.864 0.0000000000
140026  -49.056  30.884  18.569 0.0000000000
140906  -49.152  31.567  19.247 0.0000000000
141742  -48.453  32.549  19.873 0.0000000000
140892  -49.045  31.380  20.237 0.0000000000
140011  -48.565  30.818  20.157 0.0000000000
139135  -49.127  29.903  19.732 0.0000000000
134375  -52.942  23.318  21.552 0.0000000000
134374  -52.224  23.992  21.839 0.0000000000
134369  -52.713  23.002  22.345 0.0000000000
133549  -52.482  22.697  22.902 0.0000000000
133550  -53.411  22.318  22.359 0.0000000000
133529  -53.913  21.454  22.954 0.0000000000
133551  -54.100  21.496  22.339 0.0000000000
133561  -50.833  21.942  20.023 0.0000000000
133560  -49.650  22.143  20.163 0.0000000000
134476  -47.839  23.744  13.293 0.0000000000
135265  -48.484  24.325  14.357 0.0000000000
135264  -47.964  24.356  14.034 0.0000000000
133587  -44.311  22.380  18.216 0.0000000000
133588  -45.243  22.680  18.305 0.0000000000
132209  -42.687  20.139  19.104 0.0000000000
132844  -42.794  20.560  19.058 0.0000000000
126942  -48.907  12.629  24.264 0.0000000000
137656  -52.915  27.548  5.454 0.0000000000
136835  -53.540  26.469  6.453 0.0000000000
136091  -53.579  25.782  5.948 0.0000000000
135337  -52.032  24.204  7.071 0.0000000000
134561  -52.592  23.296  6.736 0.0000000000
134551  -51.331  23.200  8.021 0.0000000000
134549  -49.874  22.918  9.157 0.0000000000
134550  -50.612  23.200  8.656 0.0000000000
134547  -48.178  22.606  8.361 0.0000000000
134539  -49.258  23.551  9.104 0.0000000000
135320  -48.660  24.380  9.688 0.0000000000
127791  -41.940  15.288  22.555 0.0000000000
130131  -43.525  17.548  24.189 0.0000000000
130835  -43.049  18.352  23.747 0.0000000000
148662  -41.989  43.267  17.121 0.0000000000
141051  -46.393  31.086  5.565 0.0000000000
139366  -46.037  29.235  3.635 0.0000000000
140219  -45.487  30.162  4.329 0.0000000000
137486  -43.782  27.956  18.550 0.0000000000
136706  -44.016  26.577  19.567 0.0000000000
137473  -44.404  27.291  19.066 0.0000000000
136707  -45.006  26.684  19.653 0.0000000000
143869  -41.526  35.372  13.843 0.0000000000
140073  -44.476  30.112  14.447 0.0000000000
135253  -51.912  24.384  14.067 0.0000000000
135223  -52.112  24.217  16.086 0.0000000000
135222  -51.217  24.776  15.821 0.0000000000
135984  -50.188  25.957  17.122 0.0000000000
135985  -50.801  25.661  17.531 0.0000000000
135975  -51.159  25.793  18.280 0.0000000000
135986  -51.690  25.277  17.760 0.0000000000
135196  -53.254  24.299  18.478 0.0000000000
135185  -53.196  24.170  19.583 0.0000000000
135197  -53.727  23.582  18.848 0.0000000000
134385  -53.994  22.947  19.556 0.0000000000
134401  -54.070  22.851  18.323 0.0000000000
133609  -52.914  21.986  17.532 0.0000000000
133595  -52.219  22.111  18.320 0.0000000000
140993  -47.704  31.711  10.633 0.0000000000
140116  -47.353  30.719  11.153 0.0000000000
139251  -48.854  30.211  10.311 0.0000000000
138383  -52.044  28.811  10.222 0.0000000000
139254  -51.472  29.179  10.931 0.0000000000
138384  -52.410  28.246  10.471 0.0000000000
137569  -52.076  27.457  10.728 0.0000000000
136803  -52.494  26.443  10.192 0.0000000000
135332  -54.021  23.982  7.166 0.0000000000
136077  -53.833  25.199  7.896 0.0000000000
134552  -54.119  23.413  8.075 0.0000000000
133729  -52.858  22.530  9.937 0.0000000000
134527  -53.066  22.936  9.844 0.0000000000
134526  -52.640  23.428  10.500 0.0000000000
134510  -52.827  22.882  10.553 0.0000000000
134509  -52.733  23.181  11.382 0.0000000000
133691  -51.977  22.505  12.788 0.0000000000
133674  -52.599  22.652  13.660 0.0000000000
134491  -50.423  23.095  12.145 0.0000000000
133704  -48.305  22.171  11.168 0.0000000000
134506  -48.843  22.763  11.703 0.0000000000
134505  -48.030  22.829  11.702 0.0000000000
134489  -48.447  23.344  12.513 0.0000000000
133739  -46.030  22.362  8.565 0.0000000000
132973  -45.195  21.332  9.308 0.0000000000
133737  -44.485  22.054  9.357 0.0000000000
132953  -43.121  20.776  10.124 0.0000000000
132954  -44.214  20.902  10.316 0.0000000000
127804  -43.442  14.470  22.138 0.0000000000
127805  -44.527  14.392  22.309 0.0000000000
127807  -46.402  14.323  23.081 0.0000000000
126961  -46.516  13.412  22.848 0.0000000000
125234  -47.360  12.600  23.103 0.0000000000
161977  -47.327  13.575  23.181 0.0000000000
161969  -48.202  13.476  23.640 0.0000000000
161973  -47.822  14.076  23.567 0.0000000000
129396  -47.088  16.992  25.230 0.0000000000
129419  -47.469  16.287  25.042 0.0000000000
129397  -48.123  16.814  25.443 0.0000000000
130803  -48.266  17.937  25.197 0.0000000000
147243  -35.044  40.462  15.957 0.0000000000
146557  -34.867  39.767  15.558 0.0000000000
147251  -35.790  40.146  15.308 0.0000000000
145897  -36.303  39.078  14.489 0.0000000000
146563  -36.786  39.805  14.476 0.0000000000
148668  -38.493  42.827  16.774 0.0000000000
147957  -38.756  41.950  16.362 0.0000000000
146565  -40.583  40.136  15.135 0.0000000000
146564  -39.960  40.361  15.216 0.0000000000
146575  -39.568  39.832  14.595 0.0000000000
145904  -38.895  38.693  14.111 0.0000000000
145905  -40.023  38.669  14.165 0.0000000000
145243  -40.426  37.675  14.062 0.0000000000
145906  -41.045  38.453  14.487 0.0000000000
145908  -43.078  38.387  14.665 0.0000000000
145245  -42.439  37.483  14.431 0.0000000000
145246  -43.533  37.555  14.475 0.0000000000
144528  -44.089  36.806  14.225 0.0000000000
145247  -44.605  37.743  14.553 0.0000000000
148685  -46.315  41.901  15.934 0.0000000000
147980  -46.352  41.595  14.879 0.0000000000
145260  -47.756  37.865  13.699 0.0000000000
145249  -46.484  38.184  14.354 0.0000000000
144541  -47.050  36.850  13.546 0.0000000000
143874  -46.315  36.008  13.157 0.0000000000
143875  -47.252  36.061  13.145 0.0000000000
143219  -47.002  34.467  12.101 0.0000000000
143884  -47.881  35.525  12.686 0.0000000000
143900  -49.588  35.688  11.221 0.0000000000
143229  -49.193  34.617  10.951 0.0000000000
142530  -49.497  33.856  9.949 0.0000000000
141000  -49.508  31.922  8.981 0.0000000000
141828  -50.208  32.799  8.401 0.0000000000
143252  -48.067  34.771  9.547 0.0000000000
143923  -48.583  35.424  9.683 0.0000000000
143253  -49.212  34.569  8.941 0.0000000000
141853  -49.643  31.980  7.319 0.0000000000
141032  -50.004  31.442  6.529 0.0000000000
141012  -50.115  31.558  7.202 0.0000000000
141056  -51.263  31.035  5.874 0.0000000000
139345  -52.058  29.469  5.991 0.0000000000
140205  -51.536  30.108  5.373 0.0000000000
139388  -50.779  29.185  3.479 0.0000000000
139389  -51.262  29.300  3.817 0.0000000000
138509  -50.779  27.865  3.788 0.0000000000
137701  -50.220  27.420  3.009 0.0000000000
136913  -48.105  26.816  2.785 0.0000000000
136914  -48.734  26.496  2.575 0.0000000000
136897  -48.162  26.596  3.154 0.0000000000
136872  -46.895  26.231  4.181 0.0000000000
136116  -46.383  25.313  3.843 0.0000000000
137698  -46.706  27.282  3.618 0.0000000000
132809  -40.817  21.757  22.151 0.0000000000
132811  -42.731  21.635  22.028 0.0000000000
131531  -43.619  19.590  22.872 0.0000000000
132821  -44.117  21.098  21.871 0.0000000000
135960  -43.282  25.487  21.108 0.0000000000
135934  -43.356  24.576  21.975 0.0000000000
133543  -46.201  22.570  22.138 0.0000000000
133542  -45.245  22.763  21.905 0.0000000000
132177  -45.566  20.622  22.646 0.0000000000
132159  -46.344  20.028  23.261 0.0000000000
132178  -46.611  20.856  22.689 0.0000000000
132180  -48.388  21.511  23.042 0.0000000000
132161  -48.660  20.516  23.539 0.0000000000
131501  -49.308  18.915  24.882 0.0000000000
132146  -49.680  19.815  24.351 0.0000000000
141740  -42.324  32.941  19.753 0.0000000000
141705  -42.181  32.805  21.502 0.0000000000
139214  -47.449  29.908  11.942 0.0000000000
139213  -46.759  30.139  12.235 0.0000000000
139201  -47.713  29.527  13.200 0.0000000000
139187  -49.203  29.809  14.775 0.0000000000
139186  -48.068  29.548  14.416 0.0000000000
139168  -47.264  29.603  15.216 0.0000000000
140056  -46.607  29.714  15.620 0.0000000000
139155  -47.537  29.966  15.907 0.0000000000
136753  -50.161  26.792  14.489 0.0000000000
137522  -50.250  27.710  14.225 0.0000000000
137514  -49.931  27.711  15.079 0.0000000000
140919  -48.001  31.814  17.838 0.0000000000
140043  -49.001  30.475  16.555 0.0000000000
140918  -46.901  31.715  17.696 0.0000000000
141772  -46.420  32.486  18.032 0.0000000000
141756  -44.663  32.741  18.447 0.0000000000
142474  -45.326  33.481  19.226 0.0000000000
141725  -46.211  32.653  21.182 0.0000000000
141708  -45.099  33.171  21.511 0.0000000000
141724  -45.282  32.737  21.379 0.0000000000
140887  -44.237  32.288  21.190 0.0000000000
140019  -44.551  30.687  19.060 0.0000000000
140898  -45.444  31.335  19.779 0.0000000000
139133  -47.769  29.652  19.622 0.0000000000
139132  -46.812  29.598  19.320 0.0000000000
137476  -47.462  27.961  19.554 0.0000000000
136709  -46.948  27.213  19.678 0.0000000000
137462  -47.737  27.294  19.994 0.0000000000
137481  -50.912  27.252  20.073 0.0000000000
138297  -50.189  28.054  20.075 0.0000000000
137466  -50.678  27.489  20.624 0.0000000000
135178  -50.420  25.228  22.028 0.0000000000
135955  -50.141  25.966  21.766 0.0000000000
135177  -49.809  25.460  22.066 0.0000000000
135954  -49.238  25.737  21.849 0.0000000000
135167  -49.438  24.847  22.468 0.0000000000
134365  -48.780  23.827  22.736 0.0000000000
134366  -49.909  23.776  22.759 0.0000000000
132798  -51.592  21.638  24.083 0.0000000000
132163  -51.238  20.828  24.233 0.0000000000
132147  -50.905  19.836  24.345 0.0000000000
132148  -52.070  20.088  24.653 0.0000000000
132165  -53.095  19.884  23.671 0.0000000000
131537  -52.597  19.543  23.340 0.0000000000
131523  -52.133  18.673  23.838 0.0000000000
132850  -53.906  21.584  20.143 0.0000000000
132828  -54.099  21.233  21.567 0.0000000000
132836  -53.630  21.335  20.593 0.0000000000
132825  -51.189  20.882  21.354 0.0000000000
132181  -50.080  19.382  22.538 0.0000000000
132192  -49.667  19.923  21.966 0.0000000000
132202  -48.309  20.825  20.947 0.0000000000
132190  -47.257  19.790  21.351 0.0000000000
132189  -46.618  19.576  21.187 0.0000000000
133672  -51.043  22.925  14.060 0.0000000000
133652  -50.920  22.889  14.974 0.0000000000
134427  -49.607  23.642  16.213 0.0000000000
134428  -50.505  23.143  16.568 0.0000000000
134413  -50.183  23.057  17.601 0.0000000000
135217  -45.780  24.148  15.827 0.0000000000
135218  -46.435  24.229  16.121 0.0000000000
133590  -46.907  22.936  18.715 0.0000000000
134397  -47.558  23.519  18.201 0.0000000000
133591  -47.818  23.036  18.829 0.0000000000
133592  -48.767  22.938  18.799 0.0000000000
132212  -45.284  20.637  19.898 0.0000000000
132213  -46.120  20.999  20.022 0.0000000000
132199  -45.007  19.905  20.237 0.0000000000
131549  -45.416  19.207  20.733 0.0000000000
161970  -49.148  14.216  24.587 0.0000000000
128652  -49.841  14.836  25.282 0.0000000000
128653  -50.413  15.124  24.927 0.0000000000
137655  -52.524  27.436  5.090 0.0000000000
136090  -53.202  25.558  5.689 0.0000000000
136082  -52.751  25.190  6.116 0.0000000000
135330  -51.395  24.187  7.838 0.0000000000
135322  -50.201  24.207  8.916 0.0000000000
136076  -51.568  25.219  7.634 0.0000000000
139137  -43.343  29.008  18.627 0.0000000000
139138  -43.965  28.964  18.611 0.0000000000
143871  -43.369  35.257  13.463 0.0000000000
142510  -44.004  33.556  12.987 0.0000000000
140097  -44.770  31.218  12.737 0.0000000000
135254  -52.598  23.591  14.309 0.0000000000
135208  -52.318  24.477  17.097 0.0000000000
135225  -53.496  23.328  16.959 0.0000000000
134414  -53.758  22.835  17.374 0.0000000000
133625  -53.267  22.463  17.052 0.0000000000
133624  -52.576  22.312  16.687 0.0000000000
140148  -49.008  31.302  9.432 0.0000000000
139252  -49.475  29.871  10.025 0.0000000000
139280  -50.456  29.471  9.354 0.0000000000
138400  -51.759  28.623  9.217 0.0000000000
137578  -53.405  27.020  9.042 0.0000000000
133755  -52.362  22.095  7.856 0.0000000000
132993  -53.396  21.908  8.348 0.0000000000
132991  -52.107  21.875  9.018 0.0000000000
132975  -52.164  21.934  9.613 0.0000000000
133727  -51.913  22.138  10.241 0.0000000000
133708  -52.546  22.604  11.388 0.0000000000
133726  -50.741  22.661  10.525 0.0000000000
134525  -50.456  22.806  10.759 0.0000000000
134507  -49.681  22.834  11.266 0.0000000000
133724  -48.686  21.552  10.581 0.0000000000
133723  -47.928  21.517  10.774 0.0000000000
132957  -47.233  20.894  10.657 0.0000000000
134534  -44.938  22.707  9.413 0.0000000000
125232  -45.481  11.458  22.820 0.0000000000
128666  -44.494  15.788  23.347 0.0000000000
127794  -44.932  15.002  23.035 0.0000000000
128667  -45.452  15.678  23.535 0.0000000000
128668  -46.372  15.517  23.757 0.0000000000
128669  -47.181  15.329  23.977 0.0000000000
129395  -46.225  17.158  25.175 0.0000000000
130801  -46.770  17.823  24.928 0.0000000000
147244  -36.146  40.901  15.788 0.0000000000
147959  -40.717  42.071  15.974 0.0000000000
147958  -39.652  41.834  16.065 0.0000000000
147968  -41.075  41.389  15.737 0.0000000000
147256  -41.324  40.655  15.531 0.0000000000
146566  -41.520  39.904  15.227 0.0000000000
146577  -41.745  39.136  14.901 0.0000000000
146567  -42.476  39.737  15.288 0.0000000000
146568  -43.160  39.600  15.247 0.0000000000
146580  -44.820  39.623  15.155 0.0000000000
146600  -45.739  39.737  13.076 0.0000000000
147282  -46.418  40.692  14.352 0.0000000000
146588  -46.688  39.896  13.665 0.0000000000
145916  -48.260  38.641  13.376 0.0000000000
144547  -48.638  36.159  12.831 0.0000000000
144548  -49.156  36.746  12.448 0.0000000000
144549  -49.535  36.555  11.599 0.0000000000
143915  -49.557  35.652  10.534 0.0000000000
141839  -48.302  32.795  7.707 0.0000000000
142566  -49.311  33.591  7.789 0.0000000000
141852  -48.727  32.046  7.234 0.0000000000
141031  -49.108  31.490  6.584 0.0000000000
140203  -50.079  30.575  5.316 0.0000000000
140224  -50.540  30.119  4.663 0.0000000000
140223  -49.639  30.114  4.563 0.0000000000
139387  -49.950  29.083  3.109 0.0000000000
138524  -49.550  28.278  2.593 0.0000000000
138538  -49.908  27.708  2.402 0.0000000000
138537  -49.137  27.555  2.192 0.0000000000
138536  -48.388  27.513  2.348 0.0000000000
136912  -47.705  26.896  2.983 0.0000000000
136688  -38.788  26.672  20.435 0.0000000000
136675  -38.507  26.102  21.030 0.0000000000
135943  -38.135  25.589  21.623 0.0000000000
135931  -39.591  24.782  21.913 0.0000000000
133538  -41.267  22.651  22.242 0.0000000000
134359  -42.677  23.492  22.238 0.0000000000
135174  -44.680  24.373  21.819 0.0000000000
135175  -45.714  24.408  21.702 0.0000000000
133554  -45.931  23.169  21.892 0.0000000000
132815  -46.849  21.849  22.420 0.0000000000
132816  -47.772  22.088  22.667 0.0000000000
132817  -48.574  22.218  22.980 0.0000000000
141768  -41.885  32.438  17.872 0.0000000000
141754  -42.630  33.023  18.736 0.0000000000
142458  -43.103  33.255  19.796 0.0000000000
139216  -49.751  29.298  12.592 0.0000000000
139217  -50.697  29.065  12.858 0.0000000000
139203  -49.929  29.546  13.770 0.0000000000
139188  -49.987  29.633  14.729 0.0000000000
136736  -49.448  26.967  16.473 0.0000000000
138321  -49.461  28.678  16.233 0.0000000000
138310  -49.227  29.651  17.373 0.0000000000
140920  -48.714  31.670  18.415 0.0000000000
142476  -47.282  33.515  19.472 0.0000000000
142475  -46.408  33.572  19.330 0.0000000000
142463  -47.548  33.519  19.905 0.0000000000
141726  -47.216  32.832  20.794 0.0000000000
140889  -46.382  31.994  20.376 0.0000000000
140899  -46.404  31.189  19.629 0.0000000000
140890  -47.441  31.677  20.035 0.0000000000
140023  -48.201  30.248  19.861 0.0000000000
138294  -48.107  28.840  19.583 0.0000000000
135964  -52.125  25.262  20.494 0.0000000000
136685  -51.144  26.472  21.164 0.0000000000
135182  -51.835  25.000  20.880 0.0000000000
135179  -51.564  24.682  21.688 0.0000000000
135169  -51.303  24.188  22.417 0.0000000000
134367  -50.956  23.697  22.751 0.0000000000
133548  -51.478  22.930  23.042 0.0000000000
133527  -52.079  22.253  23.629 0.0000000000
132799  -52.543  21.306  23.801 0.0000000000
132790  -52.777  20.488  24.082 0.0000000000
132800  -53.467  20.764  23.296 0.0000000000
132818  -53.945  20.379  22.964 0.0000000000
132835  -52.677  21.268  20.618 0.0000000000
132834  -51.534  21.405  20.690 0.0000000000
132824  -49.993  20.882  21.460 0.0000000000
132831  -47.754  21.402  20.389 0.0000000000
134460  -49.420  23.867  14.593 0.0000000000
135236  -48.904  24.094  15.890 0.0000000000
134407  -44.808  23.377  17.249 0.0000000000
134408  -45.702  23.627  17.356 0.0000000000
134394  -45.216  23.328  17.869 0.0000000000
133589  -46.105  22.757  18.495 0.0000000000
132864  -45.687  22.096  18.663 0.0000000000
133570  -46.392  22.177  18.992 0.0000000000
132846  -44.546  21.157  19.339 0.0000000000
132211  -44.214  20.118  19.784 0.0000000000
131562  -43.417  19.362  19.745 0.0000000000
132210  -43.199  20.136  19.376 0.0000000000
131561  -42.632  19.637  19.242 0.0000000000
125218  -48.911  11.619  24.064 0.0000000000
137630  -52.726  27.715  7.014 0.0000000000
137604  -53.312  27.156  7.192 0.0000000000
136083  -53.701  25.480  6.853 0.0000000000
133778  -53.876  23.390  6.653 0.0000000000
135347  -53.165  24.433  6.193 0.0000000000
134570  -53.156  23.471  6.382 0.0000000000
133766  -52.580  22.394  7.161 0.0000000000
133754  -51.628  22.299  8.452 0.0000000000
133751  -48.719  21.770  8.475 0.0000000000
132987  -46.605  21.210  8.238 0.0000000000
133750  -47.849  21.792  8.026 0.0000000000
134546  -47.361  22.517  8.327 0.0000000000
134536  -46.578  22.935  8.818 0.0000000000
135321  -49.515  24.398  9.292 0.0000000000
134537  -47.492  23.307  8.861 0.0000000000
126107  -43.468  12.640  21.665 0.0000000000
126958  -42.925  13.590  21.877 0.0000000000
129427  -41.740  16.633  23.464 0.0000000000
128664  -42.534  15.877  23.189 0.0000000000
128665  -43.508  15.791  23.298 0.0000000000
129415  -43.813  17.002  24.192 0.0000000000
131496  -44.381  18.599  24.158 0.0000000000
148660  -39.991  43.051  17.153 0.0000000000
148671  -41.372  42.711  16.544 0.0000000000
148672  -42.413  42.747  16.755 0.0000000000
148673  -43.496  42.927  16.873 0.0000000000
145294  -48.064  37.044  10.865 0.0000000000
141826  -47.456  32.937  8.178 0.0000000000
141851  -47.557  31.884  7.181 0.0000000000
141052  -47.424  30.948  5.782 0.0000000000
139367  -47.161  29.330  3.896 0.0000000000
139384  -46.975  28.588  3.565 0.0000000000
138520  -46.134  28.211  3.618 0.0000000000
136693  -43.645  25.895  20.277 0.0000000000
135961  -44.250  25.600  21.098 0.0000000000
135962  -45.054  25.673  20.979 0.0000000000
136679  -45.720  25.511  21.149 0.0000000000
136680  -46.576  25.692  21.022 0.0000000000
140052  -42.842  30.556  15.113 0.0000000000
140039  -44.348  30.608  16.138 0.0000000000
135278  -51.890  24.811  12.034 0.0000000000
136031  -50.867  26.072  12.707 0.0000000000
136018  -51.163  25.239  13.003 0.0000000000
135252  -50.990  24.945  13.793 0.0000000000
136009  -50.322  25.802  14.430 0.0000000000
136001  -50.434  25.477  15.536 0.0000000000
135992  -49.847  26.124  16.314 0.0000000000
136730  -49.684  26.674  17.489 0.0000000000
138303  -49.199  28.769  18.520 0.0000000000
137479  -49.874  27.814  19.147 0.0000000000
136710  -49.948  27.312  19.044 0.0000000000
136721  -51.088  26.070  18.809 0.0000000000
136712  -51.073  26.651  19.550 0.0000000000
135987  -52.482  24.830  18.120 0.0000000000
135966  -52.053  25.917  19.945 0.0000000000
135967  -52.637  25.079  20.023 0.0000000000
134378  -53.341  23.535  20.315 0.0000000000
134379  -53.747  22.804  20.758 0.0000000000
133557  -54.048  22.140  21.417 0.0000000000
133565  -54.157  22.231  20.328 0.0000000000
132851  -54.111  21.813  20.020 0.0000000000
133577  -53.673  21.742  19.506 0.0000000000
133576  -52.654  21.865  19.232 0.0000000000
133575  -51.490  22.265  19.230 0.0000000000
135248  -46.194  24.124  14.288 0.0000000000
135247  -45.310  23.877  14.569 0.0000000000
135232  -45.431  24.122  15.206 0.0000000000
134442  -45.184  23.857  15.912 0.0000000000
134423  -44.614  23.579  16.422 0.0000000000
134406  -44.044  23.352  16.958 0.0000000000
133605  -43.876  23.019  17.683 0.0000000000
133586  -43.329  22.191  18.096 0.0000000000
142517  -46.107  33.435  12.151 0.0000000000
140973  -45.807  31.673  12.181 0.0000000000
140115  -46.714  31.134  11.494 0.0000000000
139227  -47.785  30.188  11.245 0.0000000000
139229  -49.556  29.471  11.342 0.0000000000
139253  -50.486  29.360  10.555 0.0000000000
139230  -50.642  29.227  11.708 0.0000000000
139231  -51.574  28.961  11.876 0.0000000000
137568  -51.598  27.001  10.918 0.0000000000
136060  -51.771  25.997  11.015 0.0000000000
137588  -53.422  27.072  8.194 0.0000000000
136812  -53.527  26.222  8.529 0.0000000000
136069  -53.486  25.305  8.976 0.0000000000
134542  -53.613  23.303  9.031 0.0000000000
135323  -53.097  24.345  9.317 0.0000000000
136068  -52.802  25.385  9.789 0.0000000000
135312  -52.476  24.367  10.155 0.0000000000
136061  -52.118  25.443  10.714 0.0000000000
135296  -51.945  24.924  11.525 0.0000000000
135279  -52.345  23.878  12.289 0.0000000000
134479  -53.023  22.998  13.499 0.0000000000
133654  -52.526  22.646  14.657 0.0000000000
134478  -50.262  23.358  13.291 0.0000000000
134475  -46.962  23.548  13.226 0.0000000000
132278  -46.016  20.708  9.411 0.0000000000
132269  -46.008  20.515  10.070 0.0000000000
132941  -45.861  21.146  11.171 0.0000000000
132971  -43.746  21.163  9.781 0.0000000000
126108  -44.561  12.165  21.973 0.0000000000
126109  -45.800  12.480  22.535 0.0000000000
125233  -46.559  11.848  22.867 0.0000000000
125217  -47.544  11.432  23.586 0.0000000000
128650  -47.831  15.566  24.573 0.0000000000
128651  -48.853  15.105  24.939 0.0000000000
129398  -49.176  16.593  25.791 0.0000000000
130116  -49.846  17.389  25.822 0.0000000000
147245  -37.258  41.275  15.722 0.0000000000
147254  -39.300  40.763  15.595 0.0000000000
147253  -38.018  40.711  15.252 0.0000000000
147265  -37.699  40.136  14.583 0.0000000000
146574  -38.289  39.538  14.325 0.0000000000
145256  -38.733  37.069  13.600 0.0000000000
144524  -39.972  36.947  13.804 0.0000000000
144525  -40.785  36.665  13.984 0.0000000000
143860  -41.974  36.031  13.878 0.0000000000
145907  -42.050  38.327  14.671 0.0000000000
144537  -43.106  35.846  13.556 0.0000000000
144538  -43.732  36.014  13.690 0.0000000000
143872  -44.259  35.347  13.327 0.0000000000
143210  -45.423  34.894  12.890 0.0000000000
147963  -44.951  41.933  16.388 0.0000000000
147972  -45.342  41.338  16.055 0.0000000000
146569  -45.288  40.282  15.382 0.0000000000
145910  -45.185  38.722  14.766 0.0000000000
146582  -46.490  39.786  14.319 0.0000000000
145911  -46.077  38.900  14.423 0.0000000000
145248  -45.618  37.895  14.514 0.0000000000
144540  -45.869  36.777  13.831 0.0000000000
143882  -45.886  35.223  12.912 0.0000000000
143218  -45.783  34.358  12.597 0.0000000000
142520  -46.781  33.420  11.661 0.0000000000
143227  -47.278  34.004  11.574 0.0000000000
141813  -47.606  32.520  10.907 0.0000000000
143898  -48.297  35.221  12.110 0.0000000000
142522  -48.360  33.903  11.002 0.0000000000
141814  -48.445  32.686  10.213 0.0000000000
140149  -49.420  30.849  9.173 0.0000000000
139307  -50.305  30.275  8.160 0.0000000000
140163  -50.406  30.355  7.814 0.0000000000
145295  -48.704  36.854  10.729 0.0000000000
144577  -49.294  36.195  10.448 0.0000000000
143254  -49.955  34.404  8.910 0.0000000000
142556  -49.650  34.190  7.832 0.0000000000
143266  -50.463  34.259  8.215 0.0000000000
141829  -50.489  33.599  8.562 0.0000000000
140176  -50.333  31.063  7.279 0.0000000000
139332  -51.367  29.551  7.165 0.0000000000
138472  -52.435  28.409  6.337 0.0000000000
139346  -52.405  28.794  5.660 0.0000000000
138491  -52.583  28.168  5.260 0.0000000000
140225  -51.191  30.004  4.748 0.0000000000
138511  -52.287  28.684  4.516 0.0000000000
137683  -52.513  28.008  4.375 0.0000000000
137682  -52.175  27.709  4.336 0.0000000000
138490  -51.578  27.764  4.231 0.0000000000
137711  -49.604  26.857  2.394 0.0000000000
136899  -49.365  26.381  3.139 0.0000000000
137699  -47.409  27.472  3.181 0.0000000000
137708  -47.421  27.044  3.129 0.0000000000
136133  -46.209  25.324  3.495 0.0000000000
131514  -41.749  19.099  23.212 0.0000000000
132810  -41.753  21.736  22.199 0.0000000000
132174  -42.167  20.741  22.102 0.0000000000
131515  -42.860  19.042  23.396 0.0000000000
131516  -44.091  18.882  23.728 0.0000000000
132157  -44.679  19.519  23.348 0.0000000000
135173  -42.592  24.477  21.998 0.0000000000
135161  -43.040  24.309  22.210 0.0000000000
134360  -43.547  23.507  22.165 0.0000000000
134361  -44.433  23.576  21.963 0.0000000000
133541  -44.139  22.585  21.912 0.0000000000
131517  -45.090  19.250  23.969 0.0000000000
131518  -46.052  19.392  23.939 0.0000000000
131499  -46.802  18.843  24.406 0.0000000000
130823  -47.592  18.343  24.783 0.0000000000
132160  -47.401  20.197  23.220 0.0000000000
131520  -48.002  19.670  23.782 0.0000000000
131500  -48.001  19.129  24.555 0.0000000000
130824  -48.689  18.467  25.019 0.0000000000
131486  -49.466  18.553  25.354 0.0000000000
131487  -49.994  18.634  25.424 0.0000000000
140873  -41.772  32.190  21.670 0.0000000000
140895  -42.546  31.427  20.486 0.0000000000
139199  -45.695  29.986  13.323 0.0000000000
139185  -46.932  29.488  14.111 0.0000000000
139184  -45.936  29.595  13.958 0.0000000000
139166  -45.362  29.742  14.728 0.0000000000
140054  -44.842  30.099  15.485 0.0000000000
140929  -44.841  31.051  16.930 0.0000000000
137530  -50.578  27.664  13.202 0.0000000000
138338  -50.295  28.577  14.381 0.0000000000
140075  -49.642  29.998  15.320 0.0000000000
139157  -49.521  29.636  16.404 0.0000000000
140057  -48.728  30.466  16.028 0.0000000000
140042  -48.101  30.499  16.432 0.0000000000
140030  -46.298  30.860  17.171 0.0000000000
140029  -45.673  30.906  17.078 0.0000000000
140916  -44.484  31.762  17.676 0.0000000000
140905  -43.839  32.310  18.017 0.0000000000
142473  -44.262  33.405  19.138 0.0000000000
142448  -43.470  33.450  20.677 0.0000000000
142450  -45.370  33.693  20.821 0.0000000000
142449  -44.354  33.643  20.787 0.0000000000
142439  -43.798  33.437  21.463 0.0000000000
140875  -43.461  32.580  21.702 0.0000000000
140886  -43.066  31.952  21.181 0.0000000000
140896  -43.345  31.479  20.268 0.0000000000
140018  -43.508  30.658  19.345 0.0000000000
138291  -45.176  28.737  18.710 0.0000000000
139131  -45.816  29.592  18.952 0.0000000000
137474  -45.303  27.710  19.042 0.0000000000
136708  -46.064  26.900  19.664 0.0000000000
136696  -46.974  26.458  20.287 0.0000000000
135952  -47.238  25.323  21.500 0.0000000000
138296  -49.367  28.665  19.631 0.0000000000
138282  -49.395  28.405  20.154 0.0000000000
137478  -48.829  28.087  20.177 0.0000000000
137455  -50.269  27.334  21.245 0.0000000000
137454  -49.537  27.307  21.055 0.0000000000
136698  -48.894  27.218  20.713 0.0000000000
135953  -48.188  25.584  21.630 0.0000000000
135937  -47.724  25.059  22.052 0.0000000000
133547  -50.446  22.940  22.996 0.0000000000
132162  -50.095  20.673  23.824 0.0000000000
131488  -50.813  18.720  25.487 0.0000000000
130806  -51.277  18.340  25.457 0.0000000000
130118  -51.501  18.016  25.325 0.0000000000
130826  -51.810  18.565  24.839 0.0000000000
132149  -52.876  19.769  24.293 0.0000000000
130827  -52.287  18.909  24.512 0.0000000000
130841  -52.192  18.700  24.433 0.0000000000
130840  -51.688  18.299  24.160 0.0000000000
130847  -51.397  18.505  23.560 0.0000000000
132196  -53.902  20.691  22.002 0.0000000000
132185  -53.810  20.519  22.539 0.0000000000
132195  -53.190  20.589  22.022 0.0000000000
132183  -51.960  19.775  22.659 0.0000000000
131535  -50.536  18.961  23.029 0.0000000000
131521  -49.627  18.676  22.810 0.0000000000
131534  -49.323  18.988  22.594 0.0000000000
133623  -51.637  22.467  16.422 0.0000000000
134444  -50.505  23.206  15.556 0.0000000000
134429  -51.137  22.840  16.218 0.0000000000
133593  -49.735  22.872  18.733 0.0000000000
135249  -47.144  24.481  14.602 0.0000000000
134410  -47.374  23.874  17.366 0.0000000000
134411  -48.259  23.805  17.570 0.0000000000
134399  -49.427  23.239  18.181 0.0000000000
133573  -49.146  22.581  19.455 0.0000000000
133559  -48.518  22.091  20.052 0.0000000000
132848  -46.717  21.759  19.854 0.0000000000
132830  -46.827  20.959  20.351 0.0000000000
125244  -43.512  11.388  22.109 0.0000000000
126083  -48.744  12.354  24.178 0.0000000000
126084  -48.916  12.154  24.225 0.0000000000
126095  -48.732  11.998  24.127 0.0000000000
126118  -44.174  11.898  21.861 0.0000000000
127795  -45.910  14.957  23.222 0.0000000000
127808  -47.307  14.081  23.285 0.0000000000
129416  -44.814  16.988  24.352 0.0000000000
129417  -45.668  16.779  24.687 0.0000000000
129418  -46.497  16.513  24.913 0.0000000000
130112  -46.160  17.489  25.062 0.0000000000
130113  -46.703  17.570  25.029 0.0000000000
130134  -46.210  17.703  24.966 0.0000000000
130802  -47.244  17.844  24.951 0.0000000000
130804  -49.342  18.204  25.587 0.0000000000
130819  -43.219  17.955  24.001 0.0000000000
130820  -44.165  18.250  24.308 0.0000000000
130825  -49.227  18.524  25.272 0.0000000000
131497  -44.771  18.674  24.306 0.0000000000
131498  -45.710  18.729  24.410 0.0000000000
131522  -49.969  18.637  22.905 0.0000000000
131530  -42.517  19.795  22.672 0.0000000000
131532  -44.256  19.511  23.105 0.0000000000
131541  -46.985  19.088  21.532 0.0000000000
131563  -44.005  19.556  19.900 0.0000000000
132173  -41.297  20.983  21.995 0.0000000000
132187  -44.003  20.823  22.059 0.0000000000
132188  -44.342  20.941  22.053 0.0000000000
132271  -47.540  20.471  9.755 0.0000000000
132272  -48.394  20.514  9.466 0.0000000000
132273  -48.988  20.521  9.251 0.0000000000
132280  -47.821  20.365  8.931 0.0000000000
132281  -48.658  20.456  8.781 0.0000000000
132282  -49.144  20.540  8.878 0.0000000000
132291  -46.494  20.797  8.719 0.0000000000
132292  -47.212  20.643  8.436 0.0000000000
132293  -48.102  20.608  8.325 0.0000000000
132295  -49.018  20.546  8.604 0.0000000000
132801  -54.311  21.059  23.113 0.0000000000
132812  -43.799  21.492  21.884 0.0000000000
132819  -54.248  20.823  22.625 0.0000000000
132822  -44.260  21.255  21.967 0.0000000000
132942  -46.613  21.235  11.155 0.0000000000
132956  -46.263  20.683  10.624 0.0000000000
132959  -48.986  20.871  9.942 0.0000000000
132960  -52.193  21.964  9.914 0.0000000000
132961  -52.428  22.035  9.889 0.0000000000
132962  -52.717  22.162  9.762 0.0000000000
132972  -44.445  21.290  9.736 0.0000000000
132976  -52.551  21.920  9.346 0.0000000000
132986  -45.889  21.274  8.708 0.0000000000
132988  -47.475  21.089  7.907 0.0000000000
132989  -48.488  21.001  7.967 0.0000000000
132990  -49.377  21.020  8.581 0.0000000000
132992  -52.596  21.822  8.527 0.0000000000
132996  -52.964  21.751  7.610 0.0000000000
133004  -53.213  21.950  6.913 0.0000000000
133005  -53.669  22.263  6.769 0.0000000000
133525  -50.103  22.309  23.392 0.0000000000
133553  -45.543  23.371  21.826 0.0000000000
133555  -46.383  23.050  22.054 0.0000000000
133564  -53.619  21.552  20.044 0.0000000000
133578  -54.101  22.133  19.612 0.0000000000
133622  -51.104  22.763  16.560 0.0000000000
133637  -50.924  22.926  15.376 0.0000000000
133722  -43.851  22.285  9.705 0.0000000000
133728  -52.549  22.381  10.335 0.0000000000
133736  -43.922  21.697  9.647 0.0000000000
133738  -45.318  22.086  8.776 0.0000000000
133742  -51.565  22.086  9.294 0.0000000000
133743  -53.480  22.408  9.157 0.0000000000
133749  -46.749  21.989  7.962 0.0000000000
133756  -54.007  22.507  8.130 0.0000000000
133757  -54.231  22.945  7.501 0.0000000000
133767  -54.063  22.501  7.125 0.0000000000
133768  -54.190  23.091  6.915 0.0000000000
133776  -53.178  22.607  6.573 0.0000000000
133777  -53.776  22.916  6.513 0.0000000000
134372  -45.831  23.749  21.857 0.0000000000
134373  -46.368  23.521  22.054 0.0000000000
134376  -53.598  22.698  21.356 0.0000000000
134395  -45.859  23.361  18.044 0.0000000000
134409  -46.458  23.769  17.501 0.0000000000
134425  -46.391  23.918  16.852 0.0000000000
134426  -46.886  23.882  17.041 0.0000000000
134441  -44.505  23.711  15.573 0.0000000000
134445  -50.929  23.055  15.984 0.0000000000
134487  -46.524  22.981  12.678 0.0000000000
134508  -50.477  22.903  11.176 0.0000000000
134524  -50.154  22.711  10.708 0.0000000000
134540  -49.940  23.607  9.122 0.0000000000
134553  -54.144  23.497  7.365 0.0000000000
134560  -51.922  23.237  7.339 0.0000000000
134562  -54.041  23.626  6.908 0.0000000000
134571  -53.512  23.734  6.542 0.0000000000
134572  -53.650  23.877  6.709 0.0000000000
135163  -46.201  24.420  21.758 0.0000000000
135164  -46.601  24.539  21.840 0.0000000000
135165  -47.340  24.501  22.184 0.0000000000
135166  -48.236  24.580  22.448 0.0000000000
135176  -46.215  24.608  21.679 0.0000000000
135180  -52.297  24.120  21.481 0.0000000000
135186  -53.629  23.551  19.402 0.0000000000
135206  -48.186  24.060  17.032 0.0000000000
135219  -47.305  24.170  16.509 0.0000000000
135220  -48.201  24.192  16.456 0.0000000000
135231  -44.872  23.879  14.954 0.0000000000
135251  -48.861  24.259  14.909 0.0000000000
135263  -47.124  24.156  13.783 0.0000000000
135266  -51.110  25.112  13.273 0.0000000000
135331  -54.037  24.148  7.693 0.0000000000
135339  -53.868  24.578  7.126 0.0000000000
135340  -53.759  24.106  6.846 0.0000000000
135349  -53.587  24.170  6.676 0.0000000000
135933  -43.104  24.533  21.958 0.0000000000
135935  -46.641  24.767  21.667 0.0000000000
135948  -42.870  24.826  21.739 0.0000000000
135963  -51.609  25.751  20.927 0.0000000000
136000  -49.913  26.183  15.287 0.0000000000
136008  -50.030  26.381  14.802 0.0000000000
136017  -50.758  25.730  13.250 0.0000000000
136032  -51.248  25.587  12.463 0.0000000000
136049  -51.679  25.580  11.493 0.0000000000
136050  -51.963  25.045  11.250 0.0000000000
136081  -52.311  25.184  6.897 0.0000000000
136104  -53.244  26.206  5.400 0.0000000000
136105  -53.351  26.044  5.554 0.0000000000
136683  -49.776  26.644  21.499 0.0000000000
136684  -50.599  26.711  21.422 0.0000000000
136697  -48.100  26.807  20.578 0.0000000000
136699  -50.974  27.021  21.072 0.0000000000
136711  -50.259  27.077  19.171 0.0000000000
136719  -49.801  27.086  18.632 0.0000000000
136720  -50.513  26.384  18.402 0.0000000000
136752  -49.909  26.852  14.999 0.0000000000
136774  -50.678  26.715  12.787 0.0000000000
136775  -50.941  26.331  12.384 0.0000000000
136795  -51.513  26.491  11.190 0.0000000000
136804  -53.224  26.332  9.461 0.0000000000
136853  -52.386  26.805  5.654 0.0000000000
136915  -49.166  26.302  2.706 0.0000000000
137456  -50.685  27.239  21.176 0.0000000000
137463  -48.552  27.574  20.307 0.0000000000
137464  -49.304  27.940  20.465 0.0000000000
137467  -51.044  27.084  20.224 0.0000000000
137472  -43.493  27.457  18.807 0.0000000000
137487  -44.145  27.771  18.643 0.0000000000
137489  -49.431  27.824  18.022 0.0000000000
137506  -49.527  27.734  15.962 0.0000000000
137515  -50.141  28.171  14.645 0.0000000000
137521  -50.070  27.267  14.706 0.0000000000
137542  -50.970  27.631  12.237 0.0000000000
137543  -51.442  27.987  11.891 0.0000000000
137558  -51.476  27.422  11.475 0.0000000000
137559  -51.988  27.892  11.316 0.0000000000
137712  -50.142  27.591  2.559 0.0000000000
138283  -49.802  28.201  20.363 0.0000000000
138284  -50.243  28.001  20.568 0.0000000000
138290  -42.861  28.363  18.619 0.0000000000
138292  -46.156  28.675  18.906 0.0000000000
138293  -47.145  28.744  19.292 0.0000000000
138295  -48.932  28.750  19.973 0.0000000000
138299  -43.548  28.343  18.547 0.0000000000
138300  -44.064  28.322  18.542 0.0000000000
138301  -44.616  28.148  18.655 0.0000000000
138302  -49.098  29.634  17.897 0.0000000000
138311  -49.165  28.963  17.279 0.0000000000
138329  -49.803  28.514  15.468 0.0000000000
138330  -50.101  28.534  14.933 0.0000000000
138367  -51.807  28.291  11.672 0.0000000000
138368  -52.198  28.296  11.177 0.0000000000
138401  -52.515  28.251  9.555 0.0000000000
138423  -51.520  28.793  8.055 0.0000000000
138424  -52.363  28.229  8.546 0.0000000000
138448  -51.905  28.822  7.146 0.0000000000
138471  -51.986  29.102  6.673 0.0000000000
138473  -52.766  27.827  5.887 0.0000000000
138492  -52.765  27.820  5.594 0.0000000000
138521  -46.919  28.044  3.510 0.0000000000
138522  -47.748  27.884  3.018 0.0000000000
138526  -51.302  28.893  3.575 0.0000000000
138539  -50.239  27.815  2.533 0.0000000000
139121  -48.915  30.522  20.212 0.0000000000
139122  -49.120  30.396  20.108 0.0000000000
139130  -44.738  29.569  18.804 0.0000000000
139139  -44.484  28.749  18.629 0.0000000000
139140  -49.029  30.327  18.030 0.0000000000
139145  -49.163  30.187  17.293 0.0000000000
139146  -49.329  29.747  17.006 0.0000000000
139154  -47.038  29.762  15.826 0.0000000000
139156  -49.376  30.124  16.698 0.0000000000
139170  -49.078  30.202  15.315 0.0000000000
139172  -50.023  28.922  15.184 0.0000000000
139183  -45.131  29.906  13.817 0.0000000000
139189  -50.167  29.093  14.812 0.0000000000
139198  -45.216  30.243  13.374 0.0000000000
139204  -50.383  29.169  14.050 0.0000000000
139218  -51.147  28.784  12.377 0.0000000000
139232  -52.091  28.691  11.541 0.0000000000
139308  -50.764  29.827  8.090 0.0000000000
139309  -51.205  29.380  7.904 0.0000000000
139331  -50.909  30.025  7.337 0.0000000000
139354  -52.322  28.996  5.161 0.0000000000
139370  -50.226  29.659  3.909 0.0000000000
139372  -51.715  29.346  4.332 0.0000000000
139373  -52.151  29.160  4.718 0.0000000000
140010  -48.073  31.223  20.086 0.0000000000
140012  -49.163  30.874  20.242 0.0000000000
140022  -47.603  30.598  19.683 0.0000000000
140024  -49.318  30.731  19.909 0.0000000000
140038  -43.384  30.714  15.881 0.0000000000
140041  -46.780  30.172  16.366 0.0000000000
140044  -49.449  30.218  16.252 0.0000000000
140055  -45.834  29.862  15.653 0.0000000000
140058  -49.231  30.354  15.746 0.0000000000
140059  -49.709  30.043  15.863 0.0000000000
140074  -49.331  30.146  15.305 0.0000000000
140099  -46.293  30.679  12.183 0.0000000000
140117  -48.004  30.367  10.910 0.0000000000
140135  -47.946  31.200  10.554 0.0000000000
140137  -49.079  30.422  9.980 0.0000000000
140162  -50.087  30.824  7.924 0.0000000000
140177  -50.674  30.600  7.162 0.0000000000
140178  -51.025  30.160  6.996 0.0000000000
140190  -51.024  30.895  6.604 0.0000000000
140200  -46.945  30.661  4.941 0.0000000000
140204  -50.930  30.614  5.264 0.0000000000
140221  -47.542  30.060  4.419 0.0000000000
140891  -48.460  31.759  20.154 0.0000000000
140900  -47.036  31.033  19.487 0.0000000000
140901  -49.081  31.944  19.900 0.0000000000
140902  -49.320  31.302  19.927 0.0000000000
140904  -43.433  32.407  17.919 0.0000000000
140907  -49.326  31.104  19.654 0.0000000000
140917  -45.674  31.495  17.467 0.0000000000
140930  -45.381  30.950  17.023 0.0000000000
140984  -46.432  31.675  11.671 0.0000000000
140985  -47.028  31.676  11.127 0.0000000000
140994  -48.269  31.717  10.098 0.0000000000
140999  -48.781  31.819  9.486 0.0000000000
141013  -50.478  31.158  6.993 0.0000000000
141029  -46.911  31.374  6.419 0.0000000000
141033  -50.714  31.185  6.544 0.0000000000
141034  -51.163  30.998  6.363 0.0000000000
141054  -49.578  31.054  5.926 0.0000000000
141704  -41.200  32.529  21.628 0.0000000000
141709  -45.935  33.192  21.473 0.0000000000
141710  -46.629  33.196  21.372 0.0000000000
141723  -44.728  32.842  21.607 0.0000000000
141741  -47.787  33.091  20.134 0.0000000000
141757  -45.889  32.991  18.622 0.0000000000
141759  -47.949  33.149  19.256 0.0000000000
141770  -43.191  32.444  17.889 0.0000000000
141773  -47.519  32.642  18.174 0.0000000000
141774  -48.429  32.434  18.543 0.0000000000
141775  -48.882  32.109  18.834 0.0000000000
141804  -44.797  32.520  12.491 0.0000000000
141809  -46.252  32.530  11.892 0.0000000000
141818  -48.668  32.316  9.704 0.0000000000
141819  -49.553  33.018  9.358 0.0000000000
141820  -50.293  33.671  9.073 0.0000000000
141827  -48.062  33.199  8.049 0.0000000000
141842  -50.686  33.338  8.052 0.0000000000
142438  -42.914  33.252  21.244 0.0000000000
142440  -44.763  33.426  21.365 0.0000000000
142441  -45.709  33.499  21.281 0.0000000000
142442  -46.390  33.499  21.288 0.0000000000
142443  -46.950  33.543  21.231 0.0000000000
142452  -47.344  33.649  20.671 0.0000000000
142459  -43.875  33.636  19.923 0.0000000000
142461  -45.921  33.737  20.101 0.0000000000
142462  -46.911  33.794  20.114 0.0000000000
142472  -43.454  33.326  19.152 0.0000000000
142477  -47.640  33.427  19.565 0.0000000000
142521  -47.550  33.449  11.243 0.0000000000
142528  -48.149  33.234  10.773 0.0000000000
142529  -48.810  33.749  10.383 0.0000000000
142541  -48.569  34.050  9.038 0.0000000000
142542  -50.157  34.001  9.475 0.0000000000
142543  -50.460  34.055  8.810 0.0000000000
142554  -48.097  33.455  8.561 0.0000000000
142555  -49.145  33.936  8.338 0.0000000000
142557  -50.640  34.100  8.391 0.0000000000
142567  -50.104  33.928  7.503 0.0000000000
142568  -50.689  33.946  7.904 0.0000000000
143217  -45.121  33.878  12.595 0.0000000000
143220  -47.782  34.952  12.109 0.0000000000
143230  -49.628  35.194  10.698 0.0000000000
143240  -49.333  34.253  10.336 0.0000000000
143255  -50.461  34.220  8.517 0.0000000000
143264  -49.561  34.354  8.182 0.0000000000
143265  -50.069  34.447  8.036 0.0000000000
143272  -50.422  34.240  7.818 0.0000000000
143273  -50.499  34.281  7.936 0.0000000000
143858  -40.831  36.168  13.938 0.0000000000
143859  -41.225  36.107  13.967 0.0000000000
143873  -45.299  35.583  13.208 0.0000000000
143885  -48.819  35.767  12.392 0.0000000000
143886  -49.364  36.002  11.941 0.0000000000
143922  -48.055  35.687  9.681 0.0000000000
144526  -41.773  36.702  14.154 0.0000000000
144529  -45.088  37.119  14.220 0.0000000000
144530  -45.657  37.326  14.231 0.0000000000
144543  -48.905  37.378  12.840 0.0000000000
144563  -49.181  36.785  10.859 0.0000000000
144564  -49.578  36.385  10.947 0.0000000000
144576  -48.906  36.440  10.349 0.0000000000
144581  -48.368  35.908  9.834 0.0000000000
144582  -48.705  35.987  10.012 0.0000000000
144583  -49.036  36.083  10.191 0.0000000000
145241  -38.370  37.783  13.770 0.0000000000
145250  -47.174  38.287  14.127 0.0000000000
145257  -39.329  36.861  13.652 0.0000000000
145259  -46.763  37.587  14.029 0.0000000000
145261  -48.669  37.929  13.144 0.0000000000
145269  -46.028  38.084  12.128 0.0000000000
145272  -49.380  37.267  11.811 0.0000000000
145284  -46.903  37.610  11.540 0.0000000000
145285  -47.901  37.672  11.389 0.0000000000
145293  -47.359  37.144  11.076 0.0000000000
145896  -35.842  38.839  14.675 0.0000000000
145912  -46.902  38.909  14.191 0.0000000000
145913  -47.595  38.765  13.860 0.0000000000
145929  -49.028  38.643  12.105 0.0000000000
145940  -48.249  38.332  11.696 0.0000000000
145941  -48.750  38.515  11.782 0.0000000000
146562  -36.192  39.596  14.736 0.0000000000
146570  -45.558  40.186  15.257 0.0000000000
146572  -36.615  39.306  14.395 0.0000000000
146573  -37.277  39.436  14.301 0.0000000000
146579  -43.639  39.213  15.156 0.0000000000
146581  -45.767  39.799  14.856 0.0000000000
146589  -47.642  39.141  13.341 0.0000000000
146590  -48.386  39.000  12.956 0.0000000000
146603  -48.651  38.983  12.512 0.0000000000
147247  -39.033  41.368  16.128 0.0000000000
147250  -35.252  39.966  15.456 0.0000000000
147259  -44.780  40.554  15.463 0.0000000000
147260  -45.808  40.722  15.675 0.0000000000
147261  -46.281  41.134  15.734 0.0000000000
147264  -37.152  39.995  14.503 0.0000000000
147267  -43.570  39.763  15.200 0.0000000000
147270  -46.277  40.727  15.143 0.0000000000
147964  -45.604  41.883  16.294 0.0000000000
147967  -40.224  41.330  15.815 0.0000000000
147973  -46.094  41.546  16.088 0.0000000000
147974  -46.345  41.526  15.616 0.0000000000
148670  -40.328  42.660  16.451 0.0000000000
148675  -45.331  42.199  16.289 0.0000000000
148703  -46.311  42.008  15.575 0.0000000000
149454  -38.155  43.134  16.996 0.0000000000
149455  -38.408  43.082  17.022 0.0000000000
161972  -47.345  13.276  23.131 0.0000000000
