#!ascii label  , from subject HYGLY28_VISIT_2 vox2ras=TkReg
1687
118396  -38.875  4.877  18.713 0.0000000000
121658  -53.071  7.961  2.781 0.0000000000
122426  -45.756  8.696  23.226 0.0000000000
117451  -50.644  3.525  13.594 0.0000000000
115113  -53.135  1.567  23.783 0.0000000000
123490  -43.027  9.477  10.133 0.0000000000
127953  -52.650  14.711  12.454 0.0000000000
129445  -44.600  16.701  20.380 0.0000000000
113839  -42.005  0.289  25.643 0.0000000000
116363  -43.738  2.697  15.484 0.0000000000
119511  -45.632  5.234  11.210 0.0000000000
121511  -42.094  7.386  15.140 0.0000000000
125218  -48.911  11.619  24.064 0.0000000000
124373  -51.881  10.774  18.521 0.0000000000
125258  -50.945  11.941  19.966 0.0000000000
127880  -47.891  14.553  16.414 0.0000000000
130141  -49.898  17.444  23.238 0.0000000000
121652  -47.152  7.517  3.443 0.0000000000
118340  -36.565  4.466  26.290 0.0000000000
121475  -41.583  7.264  20.668 0.0000000000
119459  -57.397  6.121  16.462 0.0000000000
117366  -51.355  3.019  18.782 0.0000000000
113932  -44.114  0.391  19.225 0.0000000000
111521  -44.306  -1.742  22.717 0.0000000000
121608  -47.621  7.678  6.706 0.0000000000
123519  -44.086  9.262  4.199 0.0000000000
124368  -46.508  10.564  17.459 0.0000000000
125343  -49.216  12.089  12.536 0.0000000000
128045  -46.740  14.581  4.695 0.0000000000
128010  -44.096  14.074  8.137 0.0000000000
127102  -40.740  13.751  12.259 0.0000000000
117388  -41.193  3.619  17.126 0.0000000000
119476  -42.140  5.119  15.171 0.0000000000
120468  -40.524  6.553  17.183 0.0000000000
161970  -49.148  14.216  24.587 0.0000000000
124300  -50.955  11.126  23.404 0.0000000000
128672  -50.133  14.160  24.078 0.0000000000
126111  -48.993  13.541  22.177 0.0000000000
121655  -50.266  8.042  3.819 0.0000000000
121432  -34.317  6.779  24.762 0.0000000000
120403  -37.650  7.103  26.337 0.0000000000
115138  -52.642  1.847  20.991 0.0000000000
115151  -47.200  1.501  19.189 0.0000000000
112657  -49.154  0.315  21.486 0.0000000000
112627  -42.982  -0.752  23.925 0.0000000000
112641  -35.038  -0.175  21.729 0.0000000000
116265  -33.924  2.878  24.318 0.0000000000
115084  -32.332  1.351  25.202 0.0000000000
118515  -52.400  4.725  10.811 0.0000000000
120532  -43.348  6.668  10.464 0.0000000000
120552  -46.303  6.497  9.343 0.0000000000
121567  -44.800  7.488  8.173 0.0000000000
122587  -45.717  8.434  5.084 0.0000000000
124472  -43.255  10.104  7.639 0.0000000000
121470  -43.570  7.694  21.772 0.0000000000
122454  -43.564  9.228  19.752 0.0000000000
123388  -46.283  9.245  20.238 0.0000000000
126158  -55.299  12.709  17.212 0.0000000000
125304  -51.748  11.798  15.716 0.0000000000
127088  -52.801  13.223  12.804 0.0000000000
126249  -48.122  13.415  9.362 0.0000000000
127999  -49.042  14.266  9.376 0.0000000000
128028  -45.416  15.189  6.302 0.0000000000
127968  -48.346  14.675  11.221 0.0000000000
128714  -45.645  15.222  18.697 0.0000000000
127087  -44.638  14.138  13.185 0.0000000000
127894  -43.321  13.805  15.337 0.0000000000
127062  -39.626  12.935  14.046 0.0000000000
128726  -42.825  15.191  17.080 0.0000000000
116383  -46.912  2.402  14.756 0.0000000000
118481  -48.461  4.197  12.144 0.0000000000
118463  -44.233  4.074  13.334 0.0000000000
119508  -42.876  6.076  12.327 0.0000000000
122508  -42.719  8.450  12.606 0.0000000000
123344  -47.730  9.538  23.750 0.0000000000
123391  -48.653  9.587  20.580 0.0000000000
123382  -51.034  9.809  22.275 0.0000000000
125260  -52.917  11.328  19.931 0.0000000000
126169  -52.812  13.451  17.147 0.0000000000
127917  -49.751  14.516  14.429 0.0000000000
127005  -49.822  13.012  16.859 0.0000000000
126967  -47.244  13.569  20.406 0.0000000000
130843  -47.956  18.219  22.323 0.0000000000
120663  -45.492  7.095  2.628 0.0000000000
119415  -37.823  5.540  21.960 0.0000000000
121479  -39.222  6.969  19.763 0.0000000000
119408  -39.924  5.632  23.708 0.0000000000
120417  -41.432  6.817  24.642 0.0000000000
122411  -43.080  8.526  25.005 0.0000000000
124290  -41.911  10.067  23.217 0.0000000000
124294  -45.058  9.679  24.069 0.0000000000
118442  -53.862  4.540  15.290 0.0000000000
117394  -54.031  3.855  17.894 0.0000000000
117406  -50.755  3.176  16.528 0.0000000000
115184  -46.673  2.019  16.834 0.0000000000
115172  -44.011  1.831  17.659 0.0000000000
115076  -51.868  1.769  26.111 0.0000000000
115070  -45.476  2.045  26.228 0.0000000000
113857  -47.676  0.696  25.107 0.0000000000
112618  -48.409  -0.350  23.796 0.0000000000
111551  -45.529  -1.233  20.811 0.0000000000
117362  -37.699  3.464  20.014 0.0000000000
122595  -53.343  8.728  5.086 0.0000000000
120538  -49.347  6.011  9.901 0.0000000000
121573  -50.415  7.353  7.724 0.0000000000
122612  -50.610  8.430  4.409 0.0000000000
122609  -47.722  8.466  4.110 0.0000000000
122624  -45.470  8.481  2.869 0.0000000000
123540  -43.955  9.003  2.459 0.0000000000
122458  -41.195  8.951  17.981 0.0000000000
123442  -43.728  9.745  16.478 0.0000000000
124423  -45.469  10.516  13.788 0.0000000000
124371  -49.702  10.655  17.589 0.0000000000
124412  -48.407  10.695  14.758 0.0000000000
125353  -45.687  11.565  11.758 0.0000000000
126255  -45.105  12.764  7.953 0.0000000000
126288  -44.432  12.826  4.064 0.0000000000
125411  -43.232  11.972  3.518 0.0000000000
127947  -46.469  14.970  12.200 0.0000000000
127148  -42.774  13.931  9.894 0.0000000000
127134  -39.150  13.530  9.457 0.0000000000
127960  -37.857  14.267  11.678 0.0000000000
127079  -37.099  13.804  13.245 0.0000000000
117386  -39.933  3.998  17.820 0.0000000000
118424  -40.800  5.130  16.795 0.0000000000
119442  -39.646  5.982  18.009 0.0000000000
161976  -49.985  14.242  24.816 0.0000000000
129421  -50.695  16.131  24.854 0.0000000000
121656  -51.206  8.227  3.683 0.0000000000
115128  -52.939  1.753  22.010 0.0000000000
115125  -50.594  1.050  21.126 0.0000000000
115118  -51.500  1.004  22.561 0.0000000000
111527  -34.960  -1.328  22.225 0.0000000000
113886  -33.375  0.428  23.451 0.0000000000
117453  -52.206  3.832  13.724 0.0000000000
117480  -51.451  3.821  12.172 0.0000000000
121549  -43.359  7.739  10.065 0.0000000000
121556  -43.615  7.642  9.164 0.0000000000
122529  -43.134  8.543  9.522 0.0000000000
122537  -43.184  9.145  7.985 0.0000000000
123497  -43.020  9.551  8.897 0.0000000000
122431  -45.051  8.225  22.581 0.0000000000
122437  -44.906  8.448  21.578 0.0000000000
122438  -45.813  8.873  21.457 0.0000000000
127922  -54.245  14.024  14.890 0.0000000000
126181  -54.029  12.745  14.967 0.0000000000
127111  -54.681  13.966  12.346 0.0000000000
127125  -51.008  13.901  10.966 0.0000000000
127971  -51.353  14.232  11.715 0.0000000000
127987  -49.255  14.441  10.289 0.0000000000
127951  -50.539  14.465  12.430 0.0000000000
128694  -44.800  15.686  19.120 0.0000000000
127877  -45.096  14.981  15.917 0.0000000000
129485  -43.992  15.857  17.870 0.0000000000
128734  -43.099  14.689  16.680 0.0000000000
129474  -43.455  16.416  18.367 0.0000000000
116381  -44.961  2.621  14.551 0.0000000000
117446  -45.843  3.269  13.445 0.0000000000
117431  -44.316  3.167  14.240 0.0000000000
119475  -42.058  5.896  14.985 0.0000000000
119487  -42.408  5.580  14.203 0.0000000000
120501  -42.004  6.493  13.815 0.0000000000
121533  -42.022  7.164  12.928 0.0000000000
121519  -42.206  7.816  13.836 0.0000000000
124280  -48.478  10.106  23.832 0.0000000000
123364  -48.824  9.693  23.434 0.0000000000
124312  -49.882  10.365  23.472 0.0000000000
125248  -51.911  11.269  21.501 0.0000000000
125249  -52.960  11.298  21.416 0.0000000000
125259  -52.045  11.635  19.994 0.0000000000
126145  -54.203  12.960  18.705 0.0000000000
126143  -52.223  12.290  18.607 0.0000000000
127026  -51.199  13.422  16.287 0.0000000000
125271  -50.608  11.967  19.171 0.0000000000
128670  -49.355  15.722  22.930 0.0000000000
126964  -48.224  13.650  21.352 0.0000000000
128675  -48.317  15.748  22.224 0.0000000000
128680  -46.853  15.328  21.610 0.0000000000
130837  -49.102  18.276  22.836 0.0000000000
121651  -46.652  7.006  3.290 0.0000000000
118359  -37.661  4.406  23.885 0.0000000000
120433  -38.938  5.886  22.387 0.0000000000
118351  -38.211  4.776  25.420 0.0000000000
122394  -38.657  8.079  25.927 0.0000000000
120391  -39.668  6.571  26.890 0.0000000000
122388  -40.498  7.888  26.728 0.0000000000
121450  -42.304  7.712  24.729 0.0000000000
122409  -41.308  8.603  25.551 0.0000000000
124319  -40.939  10.619  21.830 0.0000000000
124292  -43.261  9.931  23.743 0.0000000000
125231  -44.327  10.906  22.816 0.0000000000
125215  -45.308  10.530  23.485 0.0000000000
126108  -44.561  12.165  21.973 0.0000000000
118455  -55.297  5.477  14.843 0.0000000000
118430  -55.286  4.929  16.304 0.0000000000
118390  -54.935  4.114  18.777 0.0000000000
117381  -52.876  3.534  18.357 0.0000000000
117392  -52.573  3.885  17.612 0.0000000000
117379  -51.027  3.269  18.124 0.0000000000
116349  -48.521  2.453  16.717 0.0000000000
116320  -49.375  2.880  18.464 0.0000000000
113934  -45.960  0.650  19.319 0.0000000000
115164  -45.511  1.581  18.203 0.0000000000
115148  -44.323  1.101  18.848 0.0000000000
115086  -44.027  1.473  25.597 0.0000000000
113855  -45.581  0.481  25.016 0.0000000000
112615  -46.090  -0.369  24.208 0.0000000000
113876  -48.195  -0.043  24.568 0.0000000000
112632  -47.132  -0.532  23.196 0.0000000000
112643  -47.415  -0.564  22.325 0.0000000000
111537  -44.448  -1.704  21.596 0.0000000000
118383  -36.887  4.113  21.090 0.0000000000
117348  -36.157  3.207  21.518 0.0000000000
122575  -54.893  8.018  6.433 0.0000000000
118497  -47.061  4.705  11.597 0.0000000000
119514  -48.521  5.154  11.042 0.0000000000
119528  -47.186  5.780  10.671 0.0000000000
121570  -47.460  7.311  8.100 0.0000000000
120573  -48.855  6.596  8.377 0.0000000000
121591  -49.095  7.806  7.254 0.0000000000
122571  -50.881  8.182  6.441 0.0000000000
122569  -49.104  8.010  6.170 0.0000000000
122611  -49.648  8.367  4.377 0.0000000000
122589  -47.926  8.301  5.004 0.0000000000
122586  -44.511  8.704  4.967 0.0000000000
122607  -45.573  8.512  3.935 0.0000000000
122606  -44.650  8.740  3.610 0.0000000000
122623  -44.610  8.722  2.561 0.0000000000
123531  -43.932  9.197  3.329 0.0000000000
121474  -40.569  7.194  20.445 0.0000000000
122456  -40.103  7.956  18.889 0.0000000000
121482  -41.286  7.974  19.884 0.0000000000
124348  -45.153  10.453  18.338 0.0000000000
124365  -43.916  10.227  17.614 0.0000000000
124380  -45.008  10.275  16.681 0.0000000000
124408  -44.589  9.839  14.998 0.0000000000
124396  -46.223  10.369  15.653 0.0000000000
124338  -50.527  10.056  19.652 0.0000000000
124337  -49.497  10.206  19.480 0.0000000000
124372  -50.828  10.592  18.070 0.0000000000
125317  -50.459  11.574  14.161 0.0000000000
125302  -49.764  10.812  15.090 0.0000000000
125329  -48.618  11.441  13.312 0.0000000000
125328  -47.592  11.242  13.364 0.0000000000
125341  -47.731  11.658  12.326 0.0000000000
125372  -45.276  12.334  10.066 0.0000000000
126237  -46.395  12.570  10.268 0.0000000000
128037  -47.268  14.101  5.382 0.0000000000
127182  -45.903  13.582  5.361 0.0000000000
127197  -45.003  13.532  3.645 0.0000000000
125412  -43.752  12.074  2.850 0.0000000000
128063  -44.778  14.026  3.086 0.0000000000
126287  -43.490  13.021  3.579 0.0000000000
128043  -44.146  14.211  4.348 0.0000000000
161992  -45.406  14.705  7.316 0.0000000000
128026  -43.390  14.396  6.152 0.0000000000
127900  -48.795  14.467  15.451 0.0000000000
127931  -48.561  14.818  13.355 0.0000000000
127915  -47.686  15.014  14.333 0.0000000000
127105  -43.652  13.615  12.640 0.0000000000
161982  -43.987  13.768  11.359 0.0000000000
127119  -41.858  13.839  11.514 0.0000000000
127981  -41.197  14.173  10.243 0.0000000000
127980  -40.480  14.287  10.495 0.0000000000
127978  -38.547  14.118  10.594 0.0000000000
127943  -39.590  14.343  12.055 0.0000000000
127042  -39.477  13.015  15.177 0.0000000000
127061  -38.683  13.148  14.067 0.0000000000
127041  -38.517  13.153  15.327 0.0000000000
127059  -36.745  13.502  14.342 0.0000000000
116343  -42.690  2.775  16.431 0.0000000000
117429  -42.897  3.711  14.813 0.0000000000
118438  -41.663  4.449  15.954 0.0000000000
119466  -41.573  5.418  15.752 0.0000000000
120478  -41.413  6.411  16.153 0.0000000000
124299  -50.506  10.953  23.585 0.0000000000
125208  -50.161  12.271  24.196 0.0000000000
126085  -50.281  12.488  23.814 0.0000000000
125246  -50.225  11.909  21.787 0.0000000000
126120  -49.612  12.292  21.580 0.0000000000
127797  -49.646  14.208  23.013 0.0000000000
128671  -49.943  15.179  23.313 0.0000000000
121654  -49.375  7.934  3.701 0.0000000000
119373  -35.241  5.588  26.748 0.0000000000
118333  -37.167  5.292  26.581 0.0000000000
120401  -36.075  6.706  25.446 0.0000000000
116296  -52.232  2.308  20.178 0.0000000000
116305  -49.075  2.333  19.182 0.0000000000
115154  -50.265  1.958  19.797 0.0000000000
113921  -48.734  0.933  20.147 0.0000000000
112684  -46.522  0.326  19.835 0.0000000000
112598  -42.099  -0.128  24.749 0.0000000000
110406  -41.797  -1.900  23.368 0.0000000000
113905  -36.216  0.452  21.138 0.0000000000
116280  -35.053  2.478  22.328 0.0000000000
115116  -34.541  1.453  22.469 0.0000000000
116264  -33.036  2.310  24.745 0.0000000000
119526  -45.102  5.671  10.599 0.0000000000
120535  -46.740  6.093  10.029 0.0000000000
120534  -45.678  6.122  9.960 0.0000000000
120569  -45.448  6.950  8.669 0.0000000000
121588  -46.081  7.521  7.328 0.0000000000
122566  -46.003  8.082  6.324 0.0000000000
122547  -45.057  8.241  7.099 0.0000000000
122564  -44.178  8.860  6.074 0.0000000000
123511  -43.735  9.524  6.280 0.0000000000
121469  -42.538  7.108  21.745 0.0000000000
122443  -42.741  8.415  20.308 0.0000000000
121477  -43.405  8.098  20.954 0.0000000000
123399  -45.132  9.543  19.645 0.0000000000
124334  -46.464  9.992  19.069 0.0000000000
125285  -53.758  11.659  17.699 0.0000000000
125283  -51.345  10.943  17.466 0.0000000000
125296  -53.867  12.141  16.584 0.0000000000
126180  -52.933  12.506  14.856 0.0000000000
126204  -50.999  12.337  12.872 0.0000000000
126227  -48.906  13.026  11.004 0.0000000000
126228  -50.086  13.242  11.145 0.0000000000
127150  -49.648  13.877  9.200 0.0000000000
128046  -47.739  14.780  5.432 0.0000000000
128795  -46.191  15.275  4.860 0.0000000000
128777  -47.065  15.336  6.655 0.0000000000
161999  -46.666  14.684  7.665 0.0000000000
161997  -45.991  14.297  8.850 0.0000000000
127861  -47.078  14.809  17.277 0.0000000000
127898  -46.857  15.060  15.257 0.0000000000
128742  -45.761  15.266  15.947 0.0000000000
127911  -44.297  13.975  14.266 0.0000000000
127084  -42.281  12.917  13.644 0.0000000000
127083  -41.158  12.982  13.432 0.0000000000
126189  -41.759  12.797  14.671 0.0000000000
127022  -41.651  13.209  16.126 0.0000000000
127002  -41.147  13.518  16.884 0.0000000000
117433  -48.496  2.930  14.257 0.0000000000
117468  -49.052  3.696  12.795 0.0000000000
117447  -46.722  3.279  13.466 0.0000000000
117465  -46.216  3.656  12.803 0.0000000000
118495  -45.160  4.658  11.822 0.0000000000
118451  -43.046  4.089  14.269 0.0000000000
118476  -43.769  4.572  12.700 0.0000000000
119510  -44.581  5.200  11.296 0.0000000000
120522  -43.292  6.249  11.246 0.0000000000
121541  -42.567  7.544  11.337 0.0000000000
123476  -43.336  9.244  12.141 0.0000000000
122415  -46.634  8.978  23.717 0.0000000000
123371  -46.960  9.256  22.525 0.0000000000
123363  -47.801  9.371  23.152 0.0000000000
123381  -49.917  9.682  22.082 0.0000000000
124339  -51.590  10.194  20.033 0.0000000000
123376  -52.173  10.296  22.538 0.0000000000
124340  -52.513  10.634  20.373 0.0000000000
125272  -52.932  10.934  19.082 0.0000000000
125263  -55.025  12.032  19.174 0.0000000000
127029  -54.455  14.049  16.837 0.0000000000
127904  -53.158  14.308  15.421 0.0000000000
127934  -51.787  14.632  13.353 0.0000000000
127902  -51.227  14.222  15.180 0.0000000000
127901  -49.970  14.097  15.541 0.0000000000
127881  -48.849  13.895  16.540 0.0000000000
125269  -49.153  12.081  19.630 0.0000000000
126985  -47.997  13.140  18.464 0.0000000000
127862  -47.912  14.027  17.591 0.0000000000
127825  -46.383  14.166  19.475 0.0000000000
128685  -45.644  15.320  20.512 0.0000000000
129440  -45.883  16.871  21.442 0.0000000000
119427  -37.879  5.495  19.996 0.0000000000
120460  -38.952  6.625  18.923 0.0000000000
120450  -38.460  6.356  20.844 0.0000000000
120442  -39.258  6.455  21.733 0.0000000000
120443  -40.340  6.583  21.641 0.0000000000
118343  -38.719  5.439  26.234 0.0000000000
120424  -40.692  5.972  24.010 0.0000000000
120436  -42.021  6.756  22.187 0.0000000000
121464  -42.826  6.873  22.900 0.0000000000
121460  -43.403  7.550  23.693 0.0000000000
122413  -44.641  8.522  24.325 0.0000000000
123356  -40.633  9.469  23.731 0.0000000000
123358  -42.685  9.443  24.262 0.0000000000
123340  -43.796  9.015  25.102 0.0000000000
123342  -45.385  9.245  24.376 0.0000000000
124278  -46.312  9.708  24.185 0.0000000000
124296  -46.962  10.364  23.840 0.0000000000
125217  -47.544  11.432  23.586 0.0000000000
118454  -54.552  5.084  14.299 0.0000000000
118440  -52.377  3.815  15.059 0.0000000000
118399  -56.165  5.037  18.605 0.0000000000
118412  -55.690  4.970  17.375 0.0000000000
118429  -54.154  4.487  16.228 0.0000000000
118408  -51.892  3.825  16.451 0.0000000000
117419  -50.503  2.998  15.507 0.0000000000
116368  -48.713  2.444  15.761 0.0000000000
116366  -46.513  2.099  15.505 0.0000000000
116346  -45.082  2.111  16.179 0.0000000000
116318  -47.300  2.216  18.164 0.0000000000
115174  -45.697  1.856  17.479 0.0000000000
116328  -43.966  2.084  17.049 0.0000000000
116326  -42.417  2.383  17.192 0.0000000000
116241  -46.941  2.628  26.873 0.0000000000
113854  -44.473  0.643  24.992 0.0000000000
115088  -46.062  1.427  25.513 0.0000000000
115073  -48.646  2.040  26.091 0.0000000000
115091  -49.247  1.360  25.523 0.0000000000
113859  -49.847  0.664  24.933 0.0000000000
113879  -51.241  0.793  24.146 0.0000000000
113888  -49.580  0.088  22.773 0.0000000000
112655  -47.617  -0.368  21.410 0.0000000000
112682  -44.909  -0.231  19.653 0.0000000000
117374  -38.670  4.217  18.973 0.0000000000
119420  -37.486  4.835  20.699 0.0000000000
119404  -36.650  4.643  22.044 0.0000000000
117328  -36.454  3.866  24.776 0.0000000000
118331  -35.308  4.518  27.117 0.0000000000
122598  -56.035  8.024  6.104 0.0000000000
121627  -54.451  7.864  4.721 0.0000000000
123534  -53.047  9.428  3.328 0.0000000000
118500  -49.677  4.580  11.318 0.0000000000
119531  -50.780  5.238  10.130 0.0000000000
120536  -47.754  6.078  10.022 0.0000000000
120574  -49.915  6.647  8.251 0.0000000000
120589  -51.853  7.153  7.734 0.0000000000
122572  -51.938  8.055  6.104 0.0000000000
123532  -51.968  9.343  4.469 0.0000000000
122630  -51.484  8.811  3.287 0.0000000000
122629  -50.466  8.253  3.946 0.0000000000
122628  -49.504  8.280  3.831 0.0000000000
122626  -47.446  8.137  3.362 0.0000000000
122588  -46.882  8.471  5.080 0.0000000000
122608  -46.644  8.388  4.069 0.0000000000
122645  -46.745  7.864  2.973 0.0000000000
121665  -45.349  7.768  1.770 0.0000000000
122656  -44.551  8.221  1.291 0.0000000000
122640  -43.410  8.590  2.321 0.0000000000
121494  -39.798  7.220  18.148 0.0000000000
121495  -40.339  7.527  17.625 0.0000000000
123429  -41.497  8.763  16.676 0.0000000000
123396  -42.455  9.396  19.050 0.0000000000
123418  -42.539  9.793  17.521 0.0000000000
123440  -42.642  8.824  15.869 0.0000000000
123450  -43.665  9.351  14.927 0.0000000000
123468  -44.046  9.603  13.673 0.0000000000
124443  -43.768  9.815  11.910 0.0000000000
123390  -47.537  9.510  20.655 0.0000000000
124335  -47.336  9.991  19.195 0.0000000000
124369  -47.479  10.540  17.471 0.0000000000
125293  -50.655  10.981  16.486 0.0000000000
124384  -48.917  10.626  16.526 0.0000000000
124397  -47.197  10.482  15.585 0.0000000000
124424  -46.498  10.779  13.912 0.0000000000
125326  -45.925  10.854  13.250 0.0000000000
124452  -44.447  10.919  11.037 0.0000000000
125362  -44.032  11.143  10.391 0.0000000000
126280  -43.824  11.972  5.685 0.0000000000
161990  -46.889  13.382  8.164 0.0000000000
126272  -44.876  12.929  6.111 0.0000000000
124487  -43.550  10.713  4.622 0.0000000000
124494  -43.413  10.916  3.750 0.0000000000
123539  -43.286  9.723  3.446 0.0000000000
128035  -44.324  14.559  5.206 0.0000000000
127950  -49.494  14.612  12.363 0.0000000000
127967  -47.264  14.690  11.112 0.0000000000
161984  -45.184  14.033  9.590 0.0000000000
127946  -45.653  14.635  12.290 0.0000000000
161983  -44.319  13.861  10.868 0.0000000000
127996  -42.866  14.065  9.152 0.0000000000
127995  -41.554  14.243  9.499 0.0000000000
128006  -39.861  13.880  8.972 0.0000000000
126244  -38.895  12.244  9.506 0.0000000000
127081  -39.060  13.626  12.900 0.0000000000
127099  -37.514  14.072  12.254 0.0000000000
131540  -46.110  19.245  21.106 0.0000000000
130857  -44.470  18.555  20.514 0.0000000000
130184  -42.998  17.072  18.846 0.0000000000
130193  -41.938  16.817  18.182 0.0000000000
128724  -40.752  15.370  17.567 0.0000000000
118405  -39.641  4.975  18.057 0.0000000000
121657  -52.134  8.261  3.115 0.0000000000
116275  -53.669  2.195  23.990 0.0000000000
116281  -53.578  2.099  22.853 0.0000000000
115120  -52.894  1.567  22.994 0.0000000000
115119  -52.251  1.347  22.735 0.0000000000
115111  -51.718  1.041  23.456 0.0000000000
111517  -34.553  -1.447  22.800 0.0000000000
117452  -51.478  3.658  13.623 0.0000000000
117471  -51.883  3.761  12.831 0.0000000000
122522  -42.965  8.483  10.442 0.0000000000
122425  -44.952  8.276  23.468 0.0000000000
122432  -45.792  8.673  22.334 0.0000000000
127936  -53.798  14.626  13.590 0.0000000000
127937  -54.365  14.253  13.908 0.0000000000
127954  -53.668  14.673  12.581 0.0000000000
127973  -53.381  14.457  11.797 0.0000000000
127970  -50.377  14.350  11.472 0.0000000000
127952  -51.597  14.487  12.470 0.0000000000
128713  -44.780  15.641  18.181 0.0000000000
129475  -44.169  16.139  18.656 0.0000000000
116364  -44.621  2.377  15.476 0.0000000000
116380  -44.197  2.795  14.808 0.0000000000
120492  -41.995  6.602  14.699 0.0000000000
119486  -42.053  6.125  14.427 0.0000000000
121518  -41.978  7.245  14.266 0.0000000000
121512  -42.264  7.852  14.556 0.0000000000
124297  -48.178  10.593  23.947 0.0000000000
123346  -49.205  10.328  23.560 0.0000000000
124298  -49.462  10.602  23.716 0.0000000000
125253  -51.985  11.432  20.695 0.0000000000
126129  -52.113  11.948  19.406 0.0000000000
126128  -51.372  11.994  19.456 0.0000000000
126142  -51.087  12.077  18.611 0.0000000000
129438  -49.297  16.457  23.013 0.0000000000
128676  -49.037  15.483  22.349 0.0000000000
130147  -49.312  16.946  22.916 0.0000000000
130146  -48.609  17.305  22.699 0.0000000000
130838  -49.612  18.333  22.925 0.0000000000
120654  -48.170  7.080  4.036 0.0000000000
120653  -47.809  7.269  3.751 0.0000000000
121636  -46.845  7.060  3.792 0.0000000000
118350  -37.430  4.256  24.952 0.0000000000
118360  -38.416  4.639  24.497 0.0000000000
118341  -37.205  4.601  26.005 0.0000000000
122407  -39.116  8.700  24.986 0.0000000000
122395  -39.754  8.102  26.327 0.0000000000
122396  -40.770  8.286  26.261 0.0000000000
122408  -40.351  8.748  25.479 0.0000000000
120486  -57.833  7.047  15.923 0.0000000000
119469  -57.191  6.362  15.706 0.0000000000
119458  -56.377  5.661  16.354 0.0000000000
117380  -51.949  3.486  18.219 0.0000000000
117377  -49.674  3.034  18.004 0.0000000000
116321  -50.128  2.940  18.714 0.0000000000
113933  -45.061  0.500  19.262 0.0000000000
115149  -45.270  1.126  18.821 0.0000000000
115147  -43.404  1.117  18.938 0.0000000000
113841  -43.205  1.290  25.758 0.0000000000
111511  -45.033  -1.265  23.689 0.0000000000
112630  -45.725  -0.840  23.856 0.0000000000
112616  -46.796  -0.235  23.974 0.0000000000
111512  -45.680  -1.189  23.229 0.0000000000
111523  -45.932  -1.248  22.474 0.0000000000
111522  -45.138  -1.459  22.559 0.0000000000
116291  -36.922  2.407  20.746 0.0000000000
116286  -36.308  2.383  21.235 0.0000000000
121576  -53.592  7.358  8.194 0.0000000000
119512  -46.626  5.329  11.221 0.0000000000
119513  -47.594  5.285  11.143 0.0000000000
121589  -47.072  7.506  7.424 0.0000000000
121590  -48.027  7.624  7.406 0.0000000000
121609  -48.499  7.823  6.759 0.0000000000
121610  -49.005  7.984  6.804 0.0000000000
122590  -48.881  8.209  5.107 0.0000000000
122568  -48.185  7.867  5.938 0.0000000000
123518  -43.859  9.673  5.082 0.0000000000
123530  -43.453  9.845  4.087 0.0000000000
120453  -41.014  6.930  20.785 0.0000000000
121481  -40.621  7.632  19.947 0.0000000000
124367  -45.565  10.564  17.494 0.0000000000
124381  -45.923  10.504  16.576 0.0000000000
124395  -45.327  9.995  15.779 0.0000000000
124354  -51.247  10.345  19.050 0.0000000000
124353  -50.165  10.330  18.707 0.0000000000
125330  -49.630  11.801  13.192 0.0000000000
126214  -48.271  11.913  12.110 0.0000000000
126238  -47.025  12.285  11.118 0.0000000000
126215  -48.793  12.216  12.006 0.0000000000
127191  -46.558  13.943  5.079 0.0000000000
127204  -45.104  13.506  2.976 0.0000000000
128054  -44.960  13.862  3.306 0.0000000000
128053  -44.544  14.057  3.563 0.0000000000
128044  -45.285  14.410  4.290 0.0000000000
128020  -44.626  14.578  6.948 0.0000000000
127899  -47.795  14.837  15.350 0.0000000000
127103  -41.910  13.286  12.512 0.0000000000
127120  -42.750  13.645  11.843 0.0000000000
127118  -40.993  14.028  11.134 0.0000000000
127963  -40.208  14.270  11.577 0.0000000000
127944  -40.069  14.161  12.127 0.0000000000
127020  -39.380  13.105  16.352 0.0000000000
117405  -42.208  3.389  16.259 0.0000000000
117404  -41.701  3.669  16.552 0.0000000000
119456  -40.688  5.672  16.993 0.0000000000
119457  -41.000  5.583  16.412 0.0000000000
120477  -40.910  6.326  16.632 0.0000000000
125207  -49.505  12.258  24.335 0.0000000000
161975  -49.634  13.278  24.552 0.0000000000
161968  -50.066  12.955  24.115 0.0000000000
125236  -50.451  11.747  22.522 0.0000000000
126096  -49.848  12.916  23.134 0.0000000000
126112  -49.872  12.425  22.284 0.0000000000
130135  -50.966  17.063  24.979 0.0000000000
129433  -50.268  15.657  24.201 0.0000000000
130142  -50.588  17.130  24.220 0.0000000000
121640  -51.071  7.707  4.224 0.0000000000
121639  -50.076  7.770  4.300 0.0000000000
120400  -34.922  6.558  25.209 0.0000000000
120387  -35.681  5.925  26.042 0.0000000000
120413  -35.403  6.920  24.791 0.0000000000
116297  -53.474  2.654  20.442 0.0000000000
116295  -51.117  2.226  20.074 0.0000000000
115137  -51.571  1.727  20.833 0.0000000000
113910  -50.301  0.754  21.396 0.0000000000
113922  -49.520  0.908  20.563 0.0000000000
113908  -49.015  0.484  20.856 0.0000000000
113919  -47.267  0.411  20.042 0.0000000000
112670  -47.820  -0.002  20.589 0.0000000000
111530  -37.694  -1.591  21.335 0.0000000000
112652  -36.758  -0.679  21.073 0.0000000000
113897  -35.426  0.558  21.583 0.0000000000
115117  -35.131  1.529  21.850 0.0000000000
113896  -34.771  0.568  22.079 0.0000000000
115109  -33.490  1.469  23.692 0.0000000000
116263  -32.504  1.860  24.969 0.0000000000
120533  -44.539  6.274  10.045 0.0000000000
121557  -44.431  7.255  8.808 0.0000000000
121568  -45.564  7.173  8.130 0.0000000000
121587  -45.249  7.697  7.590 0.0000000000
122548  -45.551  7.834  7.078 0.0000000000
121586  -44.576  7.972  7.677 0.0000000000
123504  -43.263  9.628  7.773 0.0000000000
122546  -43.870  8.608  7.237 0.0000000000
123505  -43.413  9.547  7.225 0.0000000000
124473  -43.376  10.518  6.918 0.0000000000
122445  -45.179  8.847  20.738 0.0000000000
123386  -44.800  8.987  20.030 0.0000000000
123387  -45.589  8.971  20.073 0.0000000000
124333  -45.592  10.074  19.071 0.0000000000
123400  -45.977  9.512  19.644 0.0000000000
125286  -54.845  12.078  17.580 0.0000000000
125297  -54.790  12.428  16.635 0.0000000000
127069  -53.426  13.177  13.378 0.0000000000
126192  -53.206  12.905  14.094 0.0000000000
126191  -52.166  12.679  13.723 0.0000000000
126205  -51.756  13.136  12.559 0.0000000000
126217  -50.934  13.212  11.790 0.0000000000
127141  -50.521  13.981  9.949 0.0000000000
127140  -50.086  13.661  9.744 0.0000000000
127151  -50.232  13.957  9.430 0.0000000000
127173  -48.776  14.196  6.847 0.0000000000
161989  -48.808  13.833  7.412 0.0000000000
128788  -47.943  15.052  6.533 0.0000000000
161991  -48.207  14.416  7.893 0.0000000000
127986  -48.198  14.473  10.088 0.0000000000
127985  -46.862  14.306  9.583 0.0000000000
128738  -46.262  15.230  16.921 0.0000000000
128743  -46.194  15.242  16.021 0.0000000000
127876  -44.224  14.626  15.918 0.0000000000
127895  -44.002  14.099  14.993 0.0000000000
127066  -43.785  13.661  14.172 0.0000000000
127065  -43.005  13.231  14.358 0.0000000000
127045  -42.807  13.427  15.250 0.0000000000
127874  -42.292  13.778  16.260 0.0000000000
127859  -42.109  14.203  16.852 0.0000000000
128725  -41.780  15.176  17.549 0.0000000000
116398  -47.686  2.962  14.166 0.0000000000
117448  -47.735  3.296  13.695 0.0000000000
116397  -47.201  2.902  14.121 0.0000000000
117445  -44.888  3.448  13.623 0.0000000000
117464  -45.455  3.728  12.948 0.0000000000
118478  -45.706  4.213  12.371 0.0000000000
118477  -44.765  4.191  12.668 0.0000000000
118450  -42.554  4.462  14.753 0.0000000000
119497  -42.765  5.494  12.991 0.0000000000
118475  -43.222  4.788  13.147 0.0000000000
119498  -43.206  5.005  12.598 0.0000000000
118494  -44.267  4.681  11.940 0.0000000000
119509  -43.454  5.532  11.810 0.0000000000
121534  -42.324  7.474  12.250 0.0000000000
122515  -42.587  8.240  11.759 0.0000000000
123482  -42.840  8.634  11.499 0.0000000000
123466  -43.125  8.896  12.391 0.0000000000
123343  -46.560  9.270  24.151 0.0000000000
122416  -47.171  9.247  23.470 0.0000000000
123374  -49.978  10.127  22.993 0.0000000000
123393  -50.879  9.711  21.504 0.0000000000
124326  -50.776  9.834  20.591 0.0000000000
124314  -51.449  10.699  23.044 0.0000000000
125254  -53.014  11.332  20.557 0.0000000000
124328  -52.836  10.598  21.165 0.0000000000
125261  -53.554  11.550  19.559 0.0000000000
125273  -53.702  11.369  18.737 0.0000000000
126156  -53.499  13.216  17.802 0.0000000000
126157  -54.121  13.544  18.117 0.0000000000
127028  -53.405  14.133  16.847 0.0000000000
127883  -53.518  14.213  16.051 0.0000000000
127050  -53.147  14.230  16.113 0.0000000000
127903  -52.247  14.290  15.193 0.0000000000
127027  -52.235  13.700  16.496 0.0000000000
126167  -50.703  12.839  16.811 0.0000000000
127025  -50.171  13.508  16.316 0.0000000000
127882  -49.569  13.751  16.250 0.0000000000
127024  -49.447  13.461  16.633 0.0000000000
126119  -49.186  12.923  22.058 0.0000000000
125257  -49.665  12.030  20.157 0.0000000000
126122  -48.778  12.729  21.022 0.0000000000
126963  -47.425  13.891  20.945 0.0000000000
126971  -47.861  13.046  19.585 0.0000000000
127842  -47.529  13.785  18.337 0.0000000000
127841  -46.903  14.352  18.503 0.0000000000
126966  -46.583  13.753  19.984 0.0000000000
129442  -47.394  16.735  22.022 0.0000000000
128686  -46.261  15.093  21.036 0.0000000000
129441  -46.849  16.499  21.839 0.0000000000
130150  -46.620  17.535  21.671 0.0000000000
120651  -45.558  6.601  3.355 0.0000000000
119624  -44.230  6.374  2.560 0.0000000000
119421  -37.853  5.548  21.103 0.0000000000
120441  -38.435  5.965  21.693 0.0000000000
119407  -39.185  5.539  23.237 0.0000000000
120434  -40.186  5.915  22.739 0.0000000000
119375  -37.367  5.867  26.844 0.0000000000
118342  -38.142  5.281  26.280 0.0000000000
119376  -38.379  5.886  26.870 0.0000000000
120405  -40.468  6.845  25.866 0.0000000000
120415  -40.105  6.292  25.388 0.0000000000
120416  -40.533  6.476  24.926 0.0000000000
120425  -41.360  6.310  23.478 0.0000000000
120426  -42.082  6.649  23.129 0.0000000000
120418  -42.038  6.874  24.002 0.0000000000
122410  -42.071  8.422  25.290 0.0000000000
121451  -43.253  7.938  24.524 0.0000000000
121452  -43.981  7.884  24.438 0.0000000000
122412  -43.983  8.378  25.072 0.0000000000
124320  -41.721  10.671  22.153 0.0000000000
123357  -41.657  9.541  23.768 0.0000000000
123338  -41.983  9.146  24.973 0.0000000000
124293  -44.145  10.027  23.875 0.0000000000
123359  -43.566  9.399  24.461 0.0000000000
123360  -44.360  9.337  24.558 0.0000000000
123341  -44.553  8.985  24.893 0.0000000000
123361  -44.866  9.350  24.666 0.0000000000
124277  -45.649  9.686  24.283 0.0000000000
125216  -46.297  10.940  23.446 0.0000000000
124295  -45.918  10.150  24.001 0.0000000000
125233  -46.559  11.848  22.867 0.0000000000
119478  -55.881  5.878  14.215 0.0000000000
118443  -54.915  4.932  15.370 0.0000000000
118453  -53.396  4.431  14.420 0.0000000000
118441  -52.942  4.185  15.225 0.0000000000
118397  -54.636  4.105  18.182 0.0000000000
118398  -55.455  4.563  18.379 0.0000000000
118413  -56.038  5.039  17.993 0.0000000000
118411  -54.348  4.314  17.254 0.0000000000
117391  -51.530  3.674  17.207 0.0000000000
118409  -52.417  4.122  16.758 0.0000000000
117408  -51.737  3.618  15.747 0.0000000000
116370  -50.368  2.808  16.115 0.0000000000
117418  -49.866  2.845  15.231 0.0000000000
116369  -49.730  2.681  15.744 0.0000000000
116348  -47.688  2.233  16.871 0.0000000000
116367  -47.574  2.169  15.844 0.0000000000
115198  -46.909  1.952  16.222 0.0000000000
115197  -46.275  1.966  16.144 0.0000000000
115183  -45.822  2.013  16.644 0.0000000000
116304  -48.481  2.157  19.125 0.0000000000
116319  -48.257  2.368  18.545 0.0000000000
115166  -47.638  2.021  18.854 0.0000000000
115163  -44.564  1.558  18.240 0.0000000000
115173  -44.740  1.861  17.425 0.0000000000
116327  -43.279  2.182  17.291 0.0000000000
116240  -45.894  2.583  26.924 0.0000000000
115071  -46.515  2.052  26.170 0.0000000000
112611  -42.531  -0.408  24.347 0.0000000000
113872  -43.914  0.529  24.701 0.0000000000
112599  -44.523  0.179  24.784 0.0000000000
113856  -46.671  0.719  25.088 0.0000000000
115089  -47.108  1.392  25.600 0.0000000000
115072  -47.568  2.031  26.164 0.0000000000
115090  -48.160  1.411  25.547 0.0000000000
113877  -49.346  0.037  24.012 0.0000000000
113878  -50.449  0.537  24.113 0.0000000000
113889  -50.280  0.340  23.196 0.0000000000
112634  -48.782  -0.252  23.034 0.0000000000
111539  -46.146  -1.192  21.596 0.0000000000
112654  -46.831  -0.740  21.522 0.0000000000
111552  -46.262  -0.946  20.882 0.0000000000
112668  -45.688  -0.625  20.297 0.0000000000
112667  -44.799  -0.858  20.206 0.0000000000
116302  -38.496  2.382  19.448 0.0000000000
116303  -39.084  2.337  18.855 0.0000000000
117364  -38.797  2.976  19.088 0.0000000000
117363  -38.331  3.576  19.339 0.0000000000
118389  -37.733  4.401  19.756 0.0000000000
118388  -37.379  4.175  20.345 0.0000000000
118375  -36.244  4.059  21.780 0.0000000000
119413  -36.705  4.537  21.744 0.0000000000
116279  -34.381  2.146  22.837 0.0000000000
116274  -34.772  2.823  23.067 0.0000000000
116266  -34.605  2.951  23.789 0.0000000000
117308  -34.615  4.070  26.923 0.0000000000
117317  -35.459  3.765  25.791 0.0000000000
118322  -34.661  4.709  27.398 0.0000000000
119361  -34.903  5.267  27.254 0.0000000000
120611  -56.491  6.674  6.616 0.0000000000
122577  -56.098  7.966  6.650 0.0000000000
122574  -53.820  8.184  6.476 0.0000000000
122596  -54.406  8.064  5.442 0.0000000000
122615  -54.035  8.285  4.431 0.0000000000
123522  -53.065  9.375  4.154 0.0000000000
118482  -49.332  4.209  12.125 0.0000000000
119530  -49.474  5.424  10.382 0.0000000000
119515  -49.095  4.944  11.025 0.0000000000
120553  -47.316  6.439  9.366 0.0000000000
121572  -49.459  7.252  7.756 0.0000000000
120575  -51.062  6.973  8.221 0.0000000000
121574  -51.103  7.445  7.650 0.0000000000
121594  -51.694  7.542  7.350 0.0000000000
121611  -51.521  7.815  6.804 0.0000000000
122592  -50.724  8.415  5.356 0.0000000000
122593  -51.669  8.636  5.275 0.0000000000
122613  -51.397  8.854  4.361 0.0000000000
123541  -51.864  9.379  3.583 0.0000000000
122610  -48.718  8.509  4.188 0.0000000000
122627  -48.564  8.265  3.569 0.0000000000
122625  -46.388  8.296  3.185 0.0000000000
122644  -46.053  8.080  2.436 0.0000000000
122642  -44.527  8.670  1.708 0.0000000000
123548  -44.020  8.932  1.911 0.0000000000
122655  -44.186  8.127  1.458 0.0000000000
123547  -43.660  8.979  2.413 0.0000000000
120461  -39.440  6.648  18.322 0.0000000000
121485  -39.532  7.388  18.890 0.0000000000
122457  -40.557  8.377  18.387 0.0000000000
121486  -40.058  7.704  18.383 0.0000000000
122467  -40.855  8.562  17.229 0.0000000000
122475  -41.251  8.346  16.665 0.0000000000
123416  -41.130  8.900  16.909 0.0000000000
122453  -42.925  9.036  19.700 0.0000000000
123397  -43.234  9.681  19.245 0.0000000000
123432  -43.635  9.970  17.096 0.0000000000
124363  -43.037  10.053  17.690 0.0000000000
123431  -43.096  9.710  16.747 0.0000000000
123430  -42.286  9.133  16.416 0.0000000000
123441  -43.287  9.221  15.810 0.0000000000
122486  -43.210  8.900  15.153 0.0000000000
124393  -43.827  9.522  15.455 0.0000000000
124422  -44.671  9.986  14.087 0.0000000000
124434  -44.349  10.002  12.928 0.0000000000
123372  -47.629  9.312  22.226 0.0000000000
122434  -47.081  9.308  21.556 0.0000000000
123379  -47.790  9.351  21.289 0.0000000000
124352  -49.049  10.531  18.593 0.0000000000
124336  -48.366  10.123  19.623 0.0000000000
124351  -47.948  10.480  18.485 0.0000000000
124370  -48.517  10.590  17.522 0.0000000000
125294  -51.552  11.434  16.660 0.0000000000
124413  -49.125  10.768  14.712 0.0000000000
124399  -49.212  10.652  15.545 0.0000000000
124398  -48.199  10.558  15.575 0.0000000000
124411  -47.413  10.619  14.618 0.0000000000
125340  -46.676  11.474  12.503 0.0000000000
125327  -46.602  11.128  13.266 0.0000000000
125339  -45.849  11.173  12.617 0.0000000000
124445  -45.210  11.042  12.091 0.0000000000
125352  -44.916  11.175  11.501 0.0000000000
125363  -44.917  11.721  10.750 0.0000000000
126247  -45.738  12.925  9.190 0.0000000000
125371  -44.145  12.044  9.406 0.0000000000
125379  -43.808  12.122  8.021 0.0000000000
126262  -44.270  12.511  7.090 0.0000000000
126240  -48.349  13.224  9.801 0.0000000000
126248  -47.585  13.139  9.532 0.0000000000
161980  -47.380  13.450  8.933 0.0000000000
127189  -44.915  13.220  4.396 0.0000000000
127171  -45.409  13.305  5.653 0.0000000000
125400  -44.112  12.157  4.360 0.0000000000
126281  -44.432  12.455  5.155 0.0000000000
125406  -43.656  11.703  4.016 0.0000000000
125416  -43.892  13.166  2.231 0.0000000000
124499  -43.439  11.201  3.813 0.0000000000
123546  -43.057  9.254  2.766 0.0000000000
124498  -42.831  10.864  3.627 0.0000000000
128786  -46.261  15.643  5.663 0.0000000000
128036  -45.357  15.080  5.364 0.0000000000
127918  -50.884  14.475  14.362 0.0000000000
127933  -50.691  14.521  13.391 0.0000000000
127932  -49.605  14.611  13.394 0.0000000000
127948  -47.450  15.018  12.225 0.0000000000
127966  -46.187  14.581  11.260 0.0000000000
127913  -45.797  14.900  14.187 0.0000000000
127928  -45.761  14.814  13.158 0.0000000000
127927  -45.192  14.479  13.017 0.0000000000
127137  -43.018  13.872  10.776 0.0000000000
127997  -44.125  13.848  9.430 0.0000000000
127147  -42.218  14.090  9.737 0.0000000000
127994  -40.353  14.240  9.439 0.0000000000
127993  -39.701  14.004  9.271 0.0000000000
126245  -39.337  12.576  8.856 0.0000000000
126235  -38.816  12.897  9.585 0.0000000000
127961  -38.453  14.288  11.250 0.0000000000
127132  -37.971  13.103  10.384 0.0000000000
127116  -37.606  13.575  11.099 0.0000000000
127115  -36.823  13.076  11.313 0.0000000000
127082  -40.114  13.327  13.210 0.0000000000
127080  -38.116  14.062  13.082 0.0000000000
126213  -35.944  12.663  12.033 0.0000000000
131548  -44.429  19.423  20.162 0.0000000000
130155  -43.730  17.975  20.237 0.0000000000
130856  -43.802  18.858  20.164 0.0000000000
130183  -42.319  17.384  18.616 0.0000000000
129482  -41.435  16.150  17.819 0.0000000000
118407  -40.851  4.120  17.131 0.0000000000
118406  -40.500  4.724  17.318 0.0000000000
119443  -40.193  5.756  17.573 0.0000000000
128632  -50.580  15.774  25.196 0.0000000000
121455  -34.039  7.814  23.622 0.0000000000
121445  -34.591  7.214  24.264 0.0000000000
116287  -53.670  2.323  21.647 0.0000000000
115127  -52.005  1.430  21.765 0.0000000000
115126  -50.998  1.071  21.565 0.0000000000
113911  -50.611  0.712  21.942 0.0000000000
112650  -35.081  -0.889  21.772 0.0000000000
113887  -34.124  0.469  22.673 0.0000000000
112640  -34.531  -0.509  22.230 0.0000000000
118465  -53.617  4.542  13.450 0.0000000000
118485  -52.732  4.042  12.665 0.0000000000
118484  -52.090  3.909  12.374 0.0000000000
118502  -51.940  4.185  11.785 0.0000000000
120549  -43.618  7.246  9.818 0.0000000000
120550  -44.037  6.871  9.502 0.0000000000
121566  -44.065  7.864  8.243 0.0000000000
122538  -43.373  8.487  8.484 0.0000000000
123496  -43.119  9.831  8.180 0.0000000000
121466  -44.298  7.840  22.717 0.0000000000
121471  -44.402  7.993  22.005 0.0000000000
122446  -45.991  9.045  20.744 0.0000000000
127051  -54.514  13.669  15.334 0.0000000000
126172  -55.060  13.030  15.929 0.0000000000
126182  -54.378  13.417  14.742 0.0000000000
126206  -54.259  13.559  13.426 0.0000000000
127089  -53.757  13.423  12.661 0.0000000000
127108  -52.298  13.567  11.955 0.0000000000
127127  -52.937  13.970  11.465 0.0000000000
127126  -51.957  13.970  11.538 0.0000000000
127988  -50.175  14.307  10.493 0.0000000000
127998  -48.187  14.215  9.101 0.0000000000
127969  -49.380  14.505  11.320 0.0000000000
128729  -45.530  15.457  17.583 0.0000000000
128728  -44.652  15.521  17.287 0.0000000000
128736  -44.450  15.195  16.541 0.0000000000
127875  -43.096  14.106  16.121 0.0000000000
128727  -43.778  15.496  17.141 0.0000000000
129484  -43.188  15.953  17.725 0.0000000000
116382  -45.949  2.378  14.671 0.0000000000
116396  -46.347  2.765  14.001 0.0000000000
116395  -45.559  2.811  13.979 0.0000000000
117444  -44.090  3.650  13.848 0.0000000000
118461  -42.979  4.812  13.866 0.0000000000
120502  -42.405  6.047  13.465 0.0000000000
120511  -42.335  6.513  12.808 0.0000000000
120510  -41.963  6.835  13.244 0.0000000000
121527  -42.246  7.755  13.075 0.0000000000
122500  -42.614  8.306  13.427 0.0000000000
123345  -48.808  10.028  23.702 0.0000000000
123365  -49.415  10.185  23.549 0.0000000000
125237  -51.653  11.162  22.350 0.0000000000
125238  -52.649  11.165  22.105 0.0000000000
126130  -53.000  12.085  19.475 0.0000000000
126131  -53.871  12.322  19.470 0.0000000000
126144  -53.266  12.477  18.599 0.0000000000
126155  -52.523  12.702  17.687 0.0000000000
126154  -51.397  12.412  17.622 0.0000000000
126153  -50.106  12.435  17.590 0.0000000000
128677  -49.512  15.011  22.538 0.0000000000
161978  -48.959  14.342  22.201 0.0000000000
127809  -49.197  15.012  22.077 0.0000000000
127814  -48.193  14.517  21.707 0.0000000000
127819  -46.997  13.958  20.842 0.0000000000
128681  -47.821  15.158  21.786 0.0000000000
129436  -47.901  16.684  22.323 0.0000000000
130844  -48.579  18.348  22.556 0.0000000000
121635  -46.565  6.873  3.714 0.0000000000
120664  -46.157  6.847  2.987 0.0000000000
119396  -37.710  4.962  23.204 0.0000000000
119406  -38.196  5.512  22.762 0.0000000000
119397  -38.457  4.989  23.597 0.0000000000
119398  -39.338  5.168  24.224 0.0000000000
121421  -37.970  7.293  26.519 0.0000000000
120390  -38.845  6.644  27.154 0.0000000000
121437  -38.923  7.771  26.632 0.0000000000
121424  -40.324  7.341  26.775 0.0000000000
121439  -40.955  7.461  26.272 0.0000000000
121449  -41.649  7.581  25.573 0.0000000000
122397  -41.398  8.084  26.105 0.0000000000
124309  -42.236  10.452  22.774 0.0000000000
124291  -42.469  9.963  23.467 0.0000000000
124310  -42.943  10.415  23.115 0.0000000000
125214  -44.722  10.263  23.612 0.0000000000
119468  -55.983  5.794  15.392 0.0000000000
117382  -53.735  3.681  18.432 0.0000000000
117393  -53.450  3.865  17.768 0.0000000000
117390  -50.497  3.135  17.408 0.0000000000
116350  -49.391  2.666  16.607 0.0000000000
116333  -49.879  2.802  17.217 0.0000000000
116332  -49.286  2.890  17.491 0.0000000000
116330  -47.634  2.329  17.660 0.0000000000
115150  -46.233  1.233  18.866 0.0000000000
115162  -43.582  1.630  18.211 0.0000000000
116316  -42.822  1.962  17.819 0.0000000000
112629  -43.969  -0.703  24.148 0.0000000000
112613  -44.216  -0.215  24.410 0.0000000000
112614  -45.279  -0.464  24.528 0.0000000000
113873  -45.859  -0.057  24.656 0.0000000000
113874  -46.379  0.128  24.619 0.0000000000
113875  -47.218  0.137  24.585 0.0000000000
112617  -47.617  -0.381  23.945 0.0000000000
112633  -47.942  -0.433  23.112 0.0000000000
112642  -46.661  -0.878  22.419 0.0000000000
111550  -44.657  -1.376  20.778 0.0000000000
115133  -38.334  1.430  19.754 0.0000000000
116293  -38.038  2.126  19.904 0.0000000000
116301  -38.019  2.796  19.802 0.0000000000
117355  -37.206  3.318  20.605 0.0000000000
118382  -36.508  3.675  21.396 0.0000000000
118374  -35.845  3.700  22.150 0.0000000000
122555  -55.725  8.049  6.957 0.0000000000
121614  -54.561  7.983  6.904 0.0000000000
118480  -47.545  4.136  12.116 0.0000000000
118498  -47.988  4.695  11.568 0.0000000000
119529  -48.205  5.647  10.549 0.0000000000
120571  -46.901  6.771  8.666 0.0000000000
120572  -47.880  6.826  8.644 0.0000000000
121571  -48.459  7.311  7.958 0.0000000000
121592  -50.040  7.767  7.339 0.0000000000
122551  -50.435  7.964  7.007 0.0000000000
122550  -49.958  8.116  6.931 0.0000000000
122570  -49.959  8.251  6.231 0.0000000000
122591  -49.806  8.301  5.281 0.0000000000
121480  -39.752  7.237  19.887 0.0000000000
122450  -40.073  7.736  19.406 0.0000000000
122451  -40.636  8.196  19.356 0.0000000000
122452  -41.677  8.739  19.302 0.0000000000
124332  -44.692  10.061  19.028 0.0000000000
124331  -43.860  10.093  18.915 0.0000000000
124347  -44.310  10.341  18.304 0.0000000000
124366  -44.687  10.427  17.547 0.0000000000
124394  -44.298  9.733  15.914 0.0000000000
124409  -45.460  10.200  14.820 0.0000000000
124325  -49.726  9.922  20.247 0.0000000000
124324  -49.063  9.992  20.002 0.0000000000
126178  -51.131  11.841  14.841 0.0000000000
125303  -50.578  11.337  15.387 0.0000000000
125316  -49.568  11.134  14.233 0.0000000000
125315  -48.533  11.003  14.078 0.0000000000
125314  -47.835  10.906  14.136 0.0000000000
125354  -46.746  11.855  11.609 0.0000000000
125364  -45.932  11.987  10.980 0.0000000000
125365  -46.480  12.184  11.010 0.0000000000
161995  -48.150  13.589  7.434 0.0000000000
127183  -46.691  13.612  5.768 0.0000000000
127190  -45.754  13.801  4.560 0.0000000000
127196  -44.711  13.192  3.997 0.0000000000
125407  -44.227  12.374  3.493 0.0000000000
126295  -44.817  12.946  3.180 0.0000000000
126310  -44.328  13.003  1.860 0.0000000000
126301  -43.759  12.969  2.189 0.0000000000
126293  -43.286  12.421  3.434 0.0000000000
128062  -44.150  13.903  3.018 0.0000000000
128052  -43.917  13.853  3.769 0.0000000000
128027  -44.476  14.714  6.147 0.0000000000
128019  -43.580  14.319  7.134 0.0000000000
127916  -48.680  14.743  14.395 0.0000000000
127930  -47.576  15.114  13.296 0.0000000000
127929  -46.602  15.159  13.228 0.0000000000
127106  -44.351  13.924  12.534 0.0000000000
127121  -43.372  13.616  12.073 0.0000000000
127136  -41.813  14.071  10.424 0.0000000000
127135  -41.089  14.129  10.572 0.0000000000
127979  -39.272  14.205  10.224 0.0000000000
127962  -39.440  14.396  11.298 0.0000000000
127942  -38.844  14.360  12.184 0.0000000000
127043  -40.227  12.859  15.016 0.0000000000
127060  -37.752  13.398  14.227 0.0000000000
127078  -36.122  13.483  13.288 0.0000000000
127040  -37.499  13.293  15.446 0.0000000000
116362  -43.105  2.934  15.816 0.0000000000
117417  -43.170  3.281  15.242 0.0000000000
117416  -42.558  3.589  15.579 0.0000000000
118439  -42.132  4.407  15.516 0.0000000000
118425  -41.137  4.580  16.608 0.0000000000
119467  -41.845  4.848  15.586 0.0000000000
120485  -41.859  6.492  15.468 0.0000000000
121505  -41.902  7.268  15.954 0.0000000000
125219  -49.962  11.505  24.165 0.0000000000
161967  -49.949  12.685  24.421 0.0000000000
125220  -50.427  11.752  23.538 0.0000000000
125221  -51.089  11.273  23.038 0.0000000000
125247  -50.899  11.542  21.685 0.0000000000
125252  -50.924  11.630  20.830 0.0000000000
161974  -49.385  13.645  22.627 0.0000000000
129432  -49.707  16.337  23.414 0.0000000000
130839  -50.653  18.233  23.408 0.0000000000
121653  -48.366  7.644  3.623 0.0000000000
119363  -35.907  5.134  26.969 0.0000000000
119374  -36.237  5.495  26.702 0.0000000000
120388  -36.711  6.283  26.437 0.0000000000
120402  -37.142  6.875  26.034 0.0000000000
121446  -35.641  7.329  24.338 0.0000000000
121434  -36.798  7.148  25.279 0.0000000000
121435  -37.596  7.508  25.865 0.0000000000
116308  -52.753  2.820  19.558 0.0000000000
116307  -51.710  2.684  19.443 0.0000000000
116306  -50.372  2.578  19.323 0.0000000000
115153  -49.665  1.828  19.649 0.0000000000
115152  -48.449  1.616  19.531 0.0000000000
115136  -50.364  1.434  20.508 0.0000000000
115135  -49.285  1.297  19.991 0.0000000000
113937  -48.215  1.052  19.882 0.0000000000
113936  -47.654  1.026  19.729 0.0000000000
112683  -45.817  0.038  19.805 0.0000000000
113851  -42.018  0.113  25.065 0.0000000000
111486  -41.118  -1.136  25.085 0.0000000000
112610  -41.919  -0.603  24.546 0.0000000000
111496  -42.004  -0.975  24.189 0.0000000000
110405  -41.076  -1.957  23.561 0.0000000000
111508  -42.380  -1.257  23.799 0.0000000000
111509  -43.095  -1.484  23.570 0.0000000000
115123  -35.866  1.487  21.395 0.0000000000
116285  -35.644  2.431  21.675 0.0000000000
116273  -34.048  2.292  23.529 0.0000000000
115110  -33.944  1.405  23.075 0.0000000000
116272  -33.487  2.117  24.081 0.0000000000
119527  -46.169  5.769  10.669 0.0000000000
120551  -45.198  6.799  9.249 0.0000000000
120570  -45.972  6.781  8.647 0.0000000000
121569  -46.506  7.152  8.056 0.0000000000
121607  -46.784  7.642  6.726 0.0000000000
122565  -44.873  8.502  6.159 0.0000000000
122585  -44.031  9.143  5.613 0.0000000000
121468  -41.910  6.876  21.310 0.0000000000
122442  -42.007  7.967  20.168 0.0000000000
121476  -42.688  7.657  20.874 0.0000000000
122436  -44.047  8.169  21.370 0.0000000000
122444  -43.964  8.731  20.458 0.0000000000
123398  -44.168  9.531  19.648 0.0000000000
124349  -46.075  10.455  18.343 0.0000000000
125284  -52.587  11.206  17.865 0.0000000000
125295  -52.704  11.742  16.739 0.0000000000
125305  -52.789  12.099  15.732 0.0000000000
125306  -53.608  12.401  15.631 0.0000000000
126179  -51.961  12.147  14.822 0.0000000000
126190  -51.223  11.973  13.962 0.0000000000
126203  -50.238  12.075  12.923 0.0000000000
126216  -49.831  12.509  12.217 0.0000000000
127139  -49.256  13.487  9.759 0.0000000000
126229  -50.597  13.548  11.068 0.0000000000
127124  -50.376  13.649  10.475 0.0000000000
127149  -48.389  13.653  8.734 0.0000000000
161998  -48.395  13.620  6.932 0.0000000000
128796  -47.066  15.430  5.232 0.0000000000
128787  -47.105  15.571  6.019 0.0000000000
128776  -46.344  15.460  6.616 0.0000000000
161996  -45.120  14.092  8.581 0.0000000000
127879  -46.972  14.925  16.201 0.0000000000
127897  -45.873  15.030  15.344 0.0000000000
128737  -45.426  15.337  16.508 0.0000000000
127896  -45.004  14.630  15.088 0.0000000000
127912  -44.876  14.405  13.972 0.0000000000
127086  -44.032  13.729  13.308 0.0000000000
127104  -42.872  13.316  12.673 0.0000000000
126188  -41.183  12.737  14.434 0.0000000000
127023  -42.375  13.507  15.852 0.0000000000
126177  -41.407  12.794  15.240 0.0000000000
126176  -40.789  12.748  15.017 0.0000000000
126165  -40.603  12.816  15.468 0.0000000000
127021  -40.465  12.948  16.082 0.0000000000
127001  -40.231  13.447  17.197 0.0000000000
117450  -49.762  3.353  13.603 0.0000000000
117449  -48.782  3.302  13.594 0.0000000000
117467  -48.103  3.720  12.833 0.0000000000
117466  -47.137  3.626  12.771 0.0000000000
118479  -46.608  4.159  12.189 0.0000000000
118496  -46.121  4.746  11.742 0.0000000000
117430  -43.596  3.434  14.523 0.0000000000
118462  -43.574  4.232  13.682 0.0000000000
119525  -44.048  5.846  10.821 0.0000000000
120521  -42.778  6.600  11.599 0.0000000000
120531  -42.705  7.043  10.899 0.0000000000
121548  -42.877  7.627  10.667 0.0000000000
123483  -43.123  9.153  11.247 0.0000000000
122427  -46.576  9.161  22.979 0.0000000000
123362  -47.194  9.310  22.840 0.0000000000
123380  -48.799  9.368  21.674 0.0000000000
123373  -48.889  9.382  22.688 0.0000000000
123392  -49.801  9.661  21.122 0.0000000000
124313  -50.488  10.443  23.325 0.0000000000
123375  -51.316  10.129  22.813 0.0000000000
123383  -52.139  9.930  22.098 0.0000000000
124322  -52.776  10.528  21.961 0.0000000000
124321  -52.485  10.280  21.603 0.0000000000
124327  -51.937  10.026  21.129 0.0000000000
124355  -52.209  10.693  19.507 0.0000000000
125274  -54.555  11.789  18.554 0.0000000000
125287  -55.423  12.488  17.934 0.0000000000
126146  -54.815  13.261  19.047 0.0000000000
126988  -55.150  13.501  18.513 0.0000000000
127008  -55.226  13.465  17.396 0.0000000000
127885  -54.431  14.030  16.303 0.0000000000
127921  -53.788  14.338  14.601 0.0000000000
127920  -52.988  14.510  14.396 0.0000000000
127919  -51.990  14.462  14.283 0.0000000000
127047  -50.802  13.857  15.833 0.0000000000
126141  -49.878  11.960  18.514 0.0000000000
126152  -49.213  12.453  17.974 0.0000000000
126126  -48.702  12.518  19.931 0.0000000000
126140  -48.828  12.293  18.843 0.0000000000
126986  -48.620  12.861  18.008 0.0000000000
127863  -48.528  13.653  17.285 0.0000000000
128715  -46.284  14.917  18.541 0.0000000000
127818  -46.330  14.335  20.483 0.0000000000
127824  -45.838  14.658  19.549 0.0000000000
128695  -45.361  15.222  19.664 0.0000000000
129446  -45.327  16.290  20.810 0.0000000000
130157  -45.198  17.247  20.895 0.0000000000
119432  -38.512  5.758  19.105 0.0000000000
120457  -38.775  6.598  19.815 0.0000000000
120451  -39.497  6.899  20.683 0.0000000000
121473  -40.055  7.086  20.476 0.0000000000
120452  -40.473  6.894  20.890 0.0000000000
120444  -41.356  6.711  21.387 0.0000000000
118361  -39.019  4.882  25.057 0.0000000000
119384  -39.147  5.797  26.375 0.0000000000
119389  -39.640  5.616  25.295 0.0000000000
119399  -40.026  5.834  24.477 0.0000000000
120435  -41.271  6.386  22.387 0.0000000000
120445  -41.974  6.843  21.644 0.0000000000
121465  -43.505  7.403  22.745 0.0000000000
121459  -42.673  7.254  23.847 0.0000000000
121461  -44.175  7.835  23.625 0.0000000000
123337  -41.018  9.028  24.669 0.0000000000
123339  -42.926  9.116  25.137 0.0000000000
122414  -45.643  8.857  23.928 0.0000000000
124279  -47.479  9.993  24.084 0.0000000000
118452  -52.612  4.037  14.447 0.0000000000
117436  -51.286  3.580  14.457 0.0000000000
118410  -53.311  4.294  17.014 0.0000000000
118428  -53.156  4.287  16.100 0.0000000000
118427  -52.283  3.903  15.864 0.0000000000
117421  -51.854  3.593  15.169 0.0000000000
117435  -50.517  3.313  14.504 0.0000000000
117434  -49.587  2.962  14.569 0.0000000000
116385  -49.026  2.636  14.989 0.0000000000
116384  -47.937  2.630  14.725 0.0000000000
116365  -45.571  2.138  15.567 0.0000000000
116329  -46.992  2.181  17.534 0.0000000000
115165  -46.586  1.858  18.292 0.0000000000
115175  -46.423  2.005  17.456 0.0000000000
115182  -45.129  1.990  16.831 0.0000000000
116345  -44.380  2.213  16.409 0.0000000000
116344  -43.505  2.456  16.414 0.0000000000
116342  -42.086  2.949  16.695 0.0000000000
116325  -41.670  2.768  17.208 0.0000000000
116324  -41.071  2.908  17.533 0.0000000000
117387  -40.570  3.563  17.523 0.0000000000
117375  -39.219  3.616  18.572 0.0000000000
115103  -52.500  1.344  24.548 0.0000000000
116221  -47.325  3.293  27.708 0.0000000000
116242  -48.023  2.650  26.782 0.0000000000
113853  -43.465  0.914  25.252 0.0000000000
115087  -45.017  1.340  25.654 0.0000000000
116243  -49.115  2.495  26.787 0.0000000000
115074  -49.723  1.824  26.213 0.0000000000
115075  -50.828  1.792  26.140 0.0000000000
113858  -48.742  0.689  24.976 0.0000000000
115092  -50.353  1.169  25.603 0.0000000000
115093  -51.568  1.211  25.289 0.0000000000
115102  -51.801  1.131  24.289 0.0000000000
113890  -51.051  0.646  23.346 0.0000000000
113899  -50.247  0.418  22.283 0.0000000000
112645  -48.974  0.078  22.147 0.0000000000
112644  -48.216  -0.271  22.239 0.0000000000
112656  -48.486  0.042  21.323 0.0000000000
112669  -46.745  -0.277  20.530 0.0000000000
111536  -43.405  -1.998  21.569 0.0000000000
111549  -43.657  -1.479  20.532 0.0000000000
111558  -42.782  -1.054  19.769 0.0000000000
111559  -43.473  -0.853  19.915 0.0000000000
112681  -43.911  -0.347  19.725 0.0000000000
113931  -43.177  0.446  19.368 0.0000000000
118395  -38.232  4.748  19.221 0.0000000000
119426  -37.559  4.768  20.158 0.0000000000
119414  -37.174  4.860  21.570 0.0000000000
119405  -37.210  5.031  22.516 0.0000000000
118349  -37.162  4.047  24.323 0.0000000000
117329  -36.873  4.117  25.255 0.0000000000
117347  -35.695  3.268  21.977 0.0000000000
117309  -35.798  4.185  26.593 0.0000000000
117310  -36.310  4.355  26.441 0.0000000000
118323  -35.457  4.928  27.274 0.0000000000
120386  -34.610  5.849  25.930 0.0000000000
120399  -33.846  6.475  25.099 0.0000000000
119371  -33.343  5.566  26.712 0.0000000000
120385  -33.572  5.870  25.978 0.0000000000
120412  -33.569  6.890  24.583 0.0000000000
120629  -55.538  6.574  5.583 0.0000000000
122576  -55.629  8.072  6.473 0.0000000000
122597  -55.353  7.880  5.886 0.0000000000
121628  -54.904  7.439  5.107 0.0000000000
121643  -54.355  7.650  4.077 0.0000000000
121659  -53.745  7.886  3.313 0.0000000000
122648  -52.771  8.674  2.531 0.0000000000
117469  -49.946  3.686  12.763 0.0000000000
118483  -50.101  4.076  12.080 0.0000000000
118501  -50.789  4.203  11.615 0.0000000000
118499  -48.829  4.652  11.526 0.0000000000
118513  -50.367  4.767  10.789 0.0000000000
118514  -51.328  4.732  10.857 0.0000000000
120537  -48.750  6.038  9.973 0.0000000000
120554  -48.315  6.359  9.291 0.0000000000
120556  -50.288  6.240  8.936 0.0000000000
120576  -52.249  6.612  8.342 0.0000000000
121595  -52.768  7.686  7.611 0.0000000000
121613  -52.736  7.997  6.977 0.0000000000
122573  -52.789  8.320  6.312 0.0000000000
122594  -52.407  8.754  5.411 0.0000000000
123521  -52.584  9.309  4.682 0.0000000000
123533  -52.485  9.522  3.841 0.0000000000
123542  -52.386  9.513  3.062 0.0000000000
122631  -52.082  8.635  2.801 0.0000000000
122567  -47.216  7.953  5.936 0.0000000000
121667  -46.810  7.622  2.999 0.0000000000
121666  -46.382  7.472  2.721 0.0000000000
122643  -45.269  8.382  1.947 0.0000000000
121676  -45.185  7.892  1.231 0.0000000000
120670  -44.588  7.562  1.521 0.0000000000
120661  -44.178  7.162  1.726 0.0000000000
119433  -39.081  5.847  18.434 0.0000000000
120467  -39.928  6.635  17.744 0.0000000000
121504  -41.075  7.417  16.630 0.0000000000
122484  -42.046  7.845  15.602 0.0000000000
123405  -41.952  9.389  18.281 0.0000000000
123406  -42.710  9.804  18.493 0.0000000000
123417  -41.485  9.188  17.261 0.0000000000
122477  -42.361  8.629  15.936 0.0000000000
122485  -42.544  8.415  15.292 0.0000000000
122492  -42.626  8.333  14.226 0.0000000000
122501  -43.069  8.747  13.719 0.0000000000
123451  -44.075  9.711  14.872 0.0000000000
123458  -43.580  9.231  14.031 0.0000000000
123467  -43.501  9.095  12.987 0.0000000000
122433  -46.570  9.154  22.044 0.0000000000
122439  -46.468  9.234  21.256 0.0000000000
123389  -46.888  9.481  20.415 0.0000000000
123403  -48.003  9.712  20.236 0.0000000000
123402  -47.473  9.698  19.990 0.0000000000
123401  -46.735  9.596  19.760 0.0000000000
124350  -46.985  10.305  18.324 0.0000000000
125282  -50.485  10.788  17.213 0.0000000000
124400  -50.047  10.822  15.775 0.0000000000
124385  -49.849  10.745  16.507 0.0000000000
124383  -47.892  10.547  16.521 0.0000000000
124382  -46.893  10.550  16.531 0.0000000000
124410  -46.397  10.474  14.710 0.0000000000
124425  -47.191  10.937  13.854 0.0000000000
124435  -45.217  10.684  12.738 0.0000000000
124444  -44.505  10.558  11.858 0.0000000000
124451  -43.738  10.234  10.882 0.0000000000
124459  -43.322  10.623  9.713 0.0000000000
124466  -43.160  10.796  8.235 0.0000000000
124479  -43.680  10.569  5.721 0.0000000000
126239  -47.674  12.721  10.554 0.0000000000
161979  -46.695  13.178  9.200 0.0000000000
161981  -46.374  13.333  8.914 0.0000000000
126264  -46.139  13.342  6.804 0.0000000000
126273  -45.419  13.180  6.466 0.0000000000
126263  -45.131  12.907  6.893 0.0000000000
125399  -43.763  11.582  5.116 0.0000000000
128034  -43.319  14.070  5.144 0.0000000000
127949  -48.457  14.803  12.303 0.0000000000
161987  -44.446  13.936  8.698 0.0000000000
127914  -46.719  15.086  14.281 0.0000000000
127964  -44.659  14.118  11.851 0.0000000000
127965  -45.309  14.352  11.642 0.0000000000
127984  -45.469  14.208  10.709 0.0000000000
161985  -44.686  13.912  9.455 0.0000000000
128009  -42.605  14.021  8.260 0.0000000000
128008  -41.155  14.114  8.297 0.0000000000
128007  -40.150  14.039  8.838 0.0000000000
127156  -40.114  13.618  8.342 0.0000000000
126246  -39.722  13.203  8.460 0.0000000000
127133  -38.460  13.547  10.246 0.0000000000
126233  -37.682  12.541  10.429 0.0000000000
127101  -39.777  13.899  12.485 0.0000000000
127100  -39.290  14.097  12.413 0.0000000000
127941  -38.153  14.447  12.185 0.0000000000
130846  -51.142  18.653  23.358 0.0000000000
131533  -48.670  18.830  22.395 0.0000000000
131542  -48.170  19.049  21.975 0.0000000000
131541  -46.985  19.088  21.532 0.0000000000
130850  -46.442  18.459  21.459 0.0000000000
130858  -45.192  18.195  20.836 0.0000000000
132200  -46.193  20.051  20.652 0.0000000000
131549  -45.416  19.207  20.733 0.0000000000
130156  -44.448  17.608  20.576 0.0000000000
129456  -43.718  16.810  19.090 0.0000000000
130168  -43.327  17.511  19.533 0.0000000000
129473  -42.713  16.620  18.233 0.0000000000
130167  -42.657  17.842  19.251 0.0000000000
129483  -42.335  15.975  17.823 0.0000000000
127858  -41.009  14.324  17.413 0.0000000000
110407  -42.390  -1.900  23.318 0.0000000000
111495  -41.396  -1.252  24.414 0.0000000000
111497  -44.300  -0.756  24.250 0.0000000000
111498  -44.598  -0.835  24.264 0.0000000000
111507  -41.747  -1.463  23.871 0.0000000000
111538  -45.329  -1.433  21.615 0.0000000000
112597  -41.595  -0.412  25.118 0.0000000000
112600  -44.810  0.050  24.918 0.0000000000
112612  -43.287  -0.218  24.236 0.0000000000
112628  -43.609  -0.740  24.044 0.0000000000
112631  -46.335  -0.802  23.372 0.0000000000
112666  -44.083  -0.972  20.251 0.0000000000
112671  -48.439  0.371  20.580 0.0000000000
113852  -42.613  0.344  24.966 0.0000000000
113860  -50.853  0.756  24.865 0.0000000000
113861  -51.396  0.927  24.674 0.0000000000
113870  -42.945  0.079  24.478 0.0000000000
113871  -43.405  0.312  24.611 0.0000000000
113898  -49.674  0.313  21.870 0.0000000000
113900  -50.811  0.664  22.491 0.0000000000
113909  -49.621  0.589  21.169 0.0000000000
113920  -48.049  0.570  20.088 0.0000000000
113923  -49.976  0.892  20.885 0.0000000000
113935  -46.805  0.860  19.500 0.0000000000
115085  -43.493  1.372  25.686 0.0000000000
115100  -32.675  1.394  24.726 0.0000000000
115101  -33.074  1.463  24.235 0.0000000000
115112  -52.391  1.327  23.633 0.0000000000
115134  -48.831  1.273  19.862 0.0000000000
115167  -48.190  2.098  19.063 0.0000000000
115185  -47.153  2.038  16.690 0.0000000000
115199  -47.325  2.050  16.399 0.0000000000
116294  -50.543  2.061  19.902 0.0000000000
116317  -46.797  2.141  17.892 0.0000000000
116331  -48.426  2.618  17.641 0.0000000000
116347  -47.218  2.158  17.121 0.0000000000
116351  -50.167  2.772  16.634 0.0000000000
116386  -49.565  2.771  15.125 0.0000000000
117318  -36.496  4.161  25.853 0.0000000000
117319  -37.023  4.268  25.503 0.0000000000
117341  -35.593  3.421  22.630 0.0000000000
117354  -36.693  3.199  21.129 0.0000000000
117365  -50.620  2.979  18.657 0.0000000000
117378  -50.176  3.053  18.197 0.0000000000
117389  -49.912  2.958  17.710 0.0000000000
117407  -51.379  3.501  16.148 0.0000000000
117415  -41.997  3.881  15.943 0.0000000000
117420  -51.239  3.422  15.276 0.0000000000
117432  -47.945  2.982  14.203 0.0000000000
117437  -51.986  3.701  14.433 0.0000000000
117470  -50.881  3.656  12.617 0.0000000000
117472  -52.417  3.891  13.235 0.0000000000
117481  -51.826  3.873  12.276 0.0000000000
118324  -35.765  5.008  27.147 0.0000000000
118330  -34.914  4.452  27.228 0.0000000000
118332  -36.191  4.802  26.774 0.0000000000
118334  -37.781  5.581  26.692 0.0000000000
118352  -38.871  5.207  25.801 0.0000000000
118366  -36.001  3.856  22.306 0.0000000000
118376  -36.759  4.414  21.537 0.0000000000
118426  -51.838  3.719  16.095 0.0000000000
118464  -52.822  4.134  13.673 0.0000000000
119362  -35.606  5.237  27.086 0.0000000000
119372  -34.288  5.522  26.694 0.0000000000
119377  -39.054  6.167  26.960 0.0000000000
119383  -38.619  5.584  26.462 0.0000000000
119390  -40.052  6.078  24.968 0.0000000000
119524  -43.548  6.099  11.094 0.0000000000
119631  -44.202  6.748  2.138 0.0000000000
120384  -32.690  6.061  26.291 0.0000000000
120389  -37.853  6.651  26.699 0.0000000000
120392  -40.222  6.835  26.467 0.0000000000
120404  -39.857  6.357  26.045 0.0000000000
120406  -41.078  7.013  25.522 0.0000000000
120414  -35.775  7.064  24.896 0.0000000000
120432  -38.352  5.755  22.187 0.0000000000
120458  -39.285  6.946  20.016 0.0000000000
120588  -51.434  7.320  7.737 0.0000000000
120652  -46.214  6.712  3.604 0.0000000000
120662  -44.623  7.182  2.106 0.0000000000
120669  -44.476  7.711  1.377 0.0000000000
121422  -38.533  7.297  26.913 0.0000000000
121423  -39.481  7.415  27.084 0.0000000000
121425  -40.712  7.681  26.626 0.0000000000
121431  -33.935  6.965  24.567 0.0000000000
121433  -36.118  7.182  24.929 0.0000000000
121436  -38.237  7.743  26.413 0.0000000000
121438  -40.525  7.140  26.400 0.0000000000
121447  -36.507  7.468  24.545 0.0000000000
121484  -39.197  7.006  19.434 0.0000000000
121526  -41.948  7.233  13.514 0.0000000000
121558  -45.082  7.131  8.620 0.0000000000
121593  -50.872  7.736  7.195 0.0000000000
121612  -52.260  7.835  6.875 0.0000000000
121615  -54.969  8.036  6.886 0.0000000000
121616  -56.178  7.498  6.360 0.0000000000
121629  -55.777  7.482  5.781 0.0000000000
121663  -43.744  7.795  1.901 0.0000000000
121664  -44.860  7.594  1.512 0.0000000000
121668  -52.533  8.492  2.648 0.0000000000
121669  -52.801  8.378  2.538 0.0000000000
121674  -44.386  7.896  1.391 0.0000000000
121675  -44.881  7.799  1.186 0.0000000000
122387  -40.060  7.726  26.878 0.0000000000
122389  -40.983  7.914  26.586 0.0000000000
122393  -38.033  7.973  25.893 0.0000000000
122428  -47.048  9.238  23.003 0.0000000000
122440  -47.043  9.386  21.058 0.0000000000
122447  -46.559  9.336  20.776 0.0000000000
122448  -46.968  9.453  20.792 0.0000000000
122468  -41.086  8.985  17.465 0.0000000000
122476  -41.846  8.245  16.112 0.0000000000
122493  -43.147  8.803  14.554 0.0000000000
122509  -42.992  8.645  13.162 0.0000000000
122521  -42.779  8.297  11.134 0.0000000000
122545  -43.343  9.171  7.528 0.0000000000
122549  -49.403  8.079  6.753 0.0000000000
122554  -55.289  8.057  6.822 0.0000000000
122556  -56.087  7.933  7.032 0.0000000000
122614  -53.567  8.924  3.880 0.0000000000
122632  -53.385  8.682  2.998 0.0000000000
122633  -53.851  8.282  3.661 0.0000000000
122641  -43.994  8.548  1.707 0.0000000000
122646  -51.936  9.140  2.724 0.0000000000
122647  -52.203  8.896  2.608 0.0000000000
122657  -45.122  8.230  1.198 0.0000000000
123369  -40.484  9.686  22.909 0.0000000000
123370  -41.010  9.743  23.301 0.0000000000
123377  -52.566  10.414  22.306 0.0000000000
123384  -52.499  10.249  22.233 0.0000000000
123394  -51.559  9.778  21.762 0.0000000000
123419  -43.203  9.996  17.379 0.0000000000
123420  -43.538  10.119  17.464 0.0000000000
123428  -41.130  8.655  16.823 0.0000000000
123459  -44.095  9.655  14.414 0.0000000000
123475  -42.920  8.797  11.923 0.0000000000
123520  -52.152  9.149  4.992 0.0000000000
123543  -52.784  9.222  2.659 0.0000000000
123549  -51.925  9.341  2.926 0.0000000000
123550  -52.279  9.245  2.643 0.0000000000
123551  -52.500  9.047  2.485 0.0000000000
124281  -48.967  10.343  23.654 0.0000000000
124315  -52.374  10.696  22.455 0.0000000000
124330  -43.270  10.051  18.622 0.0000000000
124345  -43.047  10.133  18.070 0.0000000000
124346  -43.616  10.250  18.233 0.0000000000
124364  -43.383  10.189  17.748 0.0000000000
124379  -44.238  10.034  16.896 0.0000000000
124407  -44.075  9.683  15.221 0.0000000000
124433  -43.718  9.563  12.479 0.0000000000
124465  -43.168  10.083  7.969 0.0000000000
125235  -50.066  12.117  22.050 0.0000000000
125251  -50.067  11.868  21.101 0.0000000000
125256  -49.109  12.151  19.920 0.0000000000
125262  -54.334  11.835  19.340 0.0000000000
125270  -49.810  11.927  19.356 0.0000000000
125275  -55.296  12.152  18.508 0.0000000000
125331  -50.520  11.850  13.402 0.0000000000
125342  -48.697  11.837  12.598 0.0000000000
125355  -47.381  11.884  11.736 0.0000000000
125413  -44.451  12.565  2.751 0.0000000000
125417  -44.044  13.049  2.737 0.0000000000
125421  -43.991  12.978  2.070 0.0000000000
125422  -44.154  13.148  1.994 0.0000000000
126123  -49.273  12.210  20.665 0.0000000000
126125  -48.269  12.775  19.595 0.0000000000
126127  -49.160  12.179  20.217 0.0000000000
126132  -54.753  12.604  19.373 0.0000000000
126133  -55.363  12.572  19.043 0.0000000000
126139  -48.258  12.695  19.274 0.0000000000
126147  -55.543  12.718  18.421 0.0000000000
126159  -55.526  12.969  17.852 0.0000000000
126166  -40.981  12.795  15.643 0.0000000000
126168  -51.843  12.944  16.845 0.0000000000
126170  -53.371  13.725  17.353 0.0000000000
126171  -54.352  12.503  15.939 0.0000000000
126193  -53.903  13.366  13.988 0.0000000000
126194  -54.302  13.713  13.835 0.0000000000
126201  -41.650  12.778  14.075 0.0000000000
126202  -41.986  12.814  14.250 0.0000000000
126207  -54.472  13.673  13.326 0.0000000000
126218  -51.623  13.404  11.972 0.0000000000
126225  -47.234  12.020  11.505 0.0000000000
126226  -47.860  12.195  11.557 0.0000000000
126236  -45.569  12.180  10.543 0.0000000000
126271  -43.966  12.212  6.245 0.0000000000
126286  -43.274  12.534  3.909 0.0000000000
126294  -43.487  12.790  3.041 0.0000000000
126296  -45.075  13.195  3.041 0.0000000000
126302  -44.873  12.960  2.352 0.0000000000
126303  -45.064  13.086  2.783 0.0000000000
126309  -44.122  13.145  1.958 0.0000000000
126968  -48.166  13.088  20.368 0.0000000000
126970  -46.953  13.622  19.447 0.0000000000
126972  -48.247  12.916  19.959 0.0000000000
126973  -55.253  13.091  19.175 0.0000000000
126974  -55.466  13.038  18.743 0.0000000000
126984  -47.369  13.531  18.824 0.0000000000
126987  -54.581  13.493  18.501 0.0000000000
126989  -55.476  13.164  18.165 0.0000000000
127003  -48.396  13.397  17.721 0.0000000000
127004  -49.058  13.134  17.291 0.0000000000
127006  -53.767  13.784  17.602 0.0000000000
127007  -54.426  13.874  17.771 0.0000000000
127009  -55.478  13.215  17.839 0.0000000000
127030  -54.715  13.747  16.279 0.0000000000
127044  -42.081  13.010  15.347 0.0000000000
127046  -43.370  13.650  14.841 0.0000000000
127048  -51.683  13.930  15.828 0.0000000000
127049  -52.607  14.143  16.015 0.0000000000
127063  -40.482  12.822  14.176 0.0000000000
127064  -42.325  12.958  14.606 0.0000000000
127067  -44.365  13.930  13.799 0.0000000000
127068  -52.872  12.979  13.514 0.0000000000
127070  -53.990  13.412  13.241 0.0000000000
127071  -54.338  13.845  14.316 0.0000000000
127085  -43.280  13.352  13.469 0.0000000000
127090  -54.407  13.576  12.852 0.0000000000
127091  -54.688  13.925  13.322 0.0000000000
127107  -51.554  13.651  11.642 0.0000000000
127109  -53.383  13.578  11.981 0.0000000000
127110  -54.221  13.676  12.063 0.0000000000
127117  -38.204  13.998  10.771 0.0000000000
127122  -44.058  13.787  11.775 0.0000000000
127123  -49.790  13.422  10.374 0.0000000000
127128  -53.930  13.964  11.466 0.0000000000
127129  -54.461  13.976  11.795 0.0000000000
127138  -43.577  13.757  11.447 0.0000000000
127145  -39.686  13.548  8.836 0.0000000000
127146  -39.783  13.518  8.527 0.0000000000
127155  -39.899  13.851  8.729 0.0000000000
127172  -45.728  13.357  6.021 0.0000000000
127181  -45.208  13.232  5.193 0.0000000000
127195  -43.767  13.461  3.290 0.0000000000
127202  -44.133  13.807  2.561 0.0000000000
127203  -44.934  13.658  2.820 0.0000000000
127210  -44.012  13.254  2.169 0.0000000000
127211  -44.320  13.231  2.231 0.0000000000
127812  -46.624  14.736  21.151 0.0000000000
127813  -47.283  14.415  21.256 0.0000000000
127817  -45.655  14.771  20.078 0.0000000000
127840  -46.183  14.665  18.950 0.0000000000
127860  -42.799  14.555  16.724 0.0000000000
127878  -45.527  15.196  15.929 0.0000000000
127884  -54.041  14.173  16.242 0.0000000000
127905  -53.874  14.179  15.502 0.0000000000
127906  -54.358  13.998  15.765 0.0000000000
127925  -38.367  14.334  12.482 0.0000000000
127926  -38.559  14.161  12.635 0.0000000000
127935  -52.853  14.702  13.391 0.0000000000
127945  -44.966  14.310  12.425 0.0000000000
127955  -54.470  14.442  12.876 0.0000000000
127972  -52.365  14.363  11.807 0.0000000000
127974  -54.237  14.330  12.010 0.0000000000
127982  -44.469  13.984  11.444 0.0000000000
127983  -44.842  14.137  11.297 0.0000000000
128000  -49.957  14.266  9.627 0.0000000000
128038  -47.989  13.742  6.457 0.0000000000
128064  -45.015  13.829  2.989 0.0000000000
128674  -47.509  15.965  22.033 0.0000000000
128679  -46.031  15.850  21.334 0.0000000000
128682  -48.688  15.085  21.884 0.0000000000
128684  -44.938  15.890  20.030 0.0000000000
128730  -46.374  15.218  17.958 0.0000000000
128735  -43.585  14.900  16.596 0.0000000000
128797  -47.589  15.371  5.709 0.0000000000
129431  -49.283  16.202  23.043 0.0000000000
129435  -47.422  16.480  22.031 0.0000000000
129437  -48.881  16.313  22.707 0.0000000000
129444  -43.913  17.096  19.967 0.0000000000
129457  -44.337  16.388  19.524 0.0000000000
130136  -51.482  17.787  24.995 0.0000000000
130140  -49.168  17.791  22.918 0.0000000000
130145  -47.924  17.691  22.393 0.0000000000
130149  -45.828  17.844  21.266 0.0000000000
130151  -47.362  17.238  22.006 0.0000000000
130845  -49.137  18.521  22.752 0.0000000000
130849  -45.777  18.689  21.088 0.0000000000
130851  -47.419  18.239  21.962 0.0000000000
130852  -48.014  18.486  22.218 0.0000000000
130870  -43.210  18.380  19.752 0.0000000000
131539  -45.763  19.066  20.983 0.0000000000
131547  -43.913  19.309  19.996 0.0000000000
131550  -45.900  19.524  20.837 0.0000000000
132189  -46.618  19.576  21.187 0.0000000000
161971  -49.394  13.253  22.504 0.0000000000
161986  -44.807  13.838  9.265 0.0000000000
161988  -48.611  13.724  7.217 0.0000000000
161993  -48.718  13.784  6.741 0.0000000000
161994  -49.043  13.893  6.906 0.0000000000
