#!ascii label  , from subject HYGLY28_VISIT_2 vox2ras=TkReg
1553
69783  -41.970  -36.271  43.227 0.0000000000
65848  -31.765  -38.634  55.207 0.0000000000
82505  -44.513  -25.701  31.671 0.0000000000
73574  -34.682  -32.287  34.608 0.0000000000
75992  -43.100  -30.595  37.516 0.0000000000
59776  -39.383  -41.629  47.453 0.0000000000
61041  -28.714  -42.116  43.869 0.0000000000
66125  -32.188  -38.701  37.042 0.0000000000
70770  -23.850  -34.949  57.336 0.0000000000
90234  -53.127  -19.346  37.019 0.0000000000
67313  -23.585  -37.253  45.397 0.0000000000
72232  -37.714  -33.785  39.615 0.0000000000
74796  -38.711  -30.855  36.094 0.0000000000
73435  -42.188  -32.671  41.776 0.0000000000
62277  -40.107  -40.596  44.052 0.0000000000
63517  -35.133  -39.611  41.879 0.0000000000
67363  -36.567  -37.408  39.148 0.0000000000
69892  -32.969  -35.821  35.092 0.0000000000
92737  -54.735  -17.428  31.580 0.0000000000
69558  -28.467  -35.481  57.756 0.0000000000
69654  -24.472  -35.213  51.525 0.0000000000
65922  -27.243  -38.905  51.037 0.0000000000
76067  -44.894  -30.155  33.076 0.0000000000
60885  -35.679  -41.549  52.314 0.0000000000
62146  -30.951  -41.140  49.671 0.0000000000
62219  -33.934  -40.360  47.185 0.0000000000
64789  -30.703  -38.464  41.659 0.0000000000
64516  -22.008  -39.680  58.236 0.0000000000
73439  -48.249  -31.875  41.046 0.0000000000
78720  -49.135  -28.321  37.718 0.0000000000
86364  -52.542  -23.020  38.986 0.0000000000
86432  -48.935  -22.679  35.649 0.0000000000
91512  -49.989  -18.411  32.166 0.0000000000
64605  -21.647  -39.610  52.547 0.0000000000
63442  -26.792  -40.693  44.816 0.0000000000
70991  -40.189  -34.783  41.679 0.0000000000
73457  -40.256  -32.918  40.324 0.0000000000
70972  -42.407  -34.645  42.136 0.0000000000
66026  -40.615  -38.571  43.290 0.0000000000
64795  -38.437  -39.095  41.824 0.0000000000
67351  -38.849  -36.911  41.618 0.0000000000
69841  -36.981  -35.958  39.306 0.0000000000
82548  -44.642  -25.799  29.043 0.0000000000
85055  -44.774  -23.917  30.703 0.0000000000
67127  -30.614  -37.312  56.183 0.0000000000
67162  -28.568  -37.142  54.203 0.0000000000
65882  -29.772  -38.305  53.473 0.0000000000
76058  -35.860  -30.610  33.309 0.0000000000
74753  -41.532  -31.122  37.566 0.0000000000
76039  -40.372  -30.376  34.736 0.0000000000
74820  -41.736  -30.322  34.987 0.0000000000
77306  -43.401  -29.780  32.785 0.0000000000
74801  -44.206  -30.897  35.778 0.0000000000
60931  -37.584  -41.695  49.764 0.0000000000
62167  -35.054  -41.266  49.394 0.0000000000
63407  -36.725  -40.358  47.898 0.0000000000
64829  -33.511  -39.188  39.638 0.0000000000
66051  -32.486  -39.014  42.169 0.0000000000
64827  -31.377  -38.441  39.094 0.0000000000
71091  -33.696  -34.158  34.801 0.0000000000
75981  -48.770  -30.797  39.301 0.0000000000
86399  -51.074  -22.882  37.622 0.0000000000
89014  -50.835  -20.282  36.572 0.0000000000
89042  -48.798  -20.465  34.262 0.0000000000
91475  -51.572  -18.764  34.681 0.0000000000
92758  -53.579  -16.966  29.883 0.0000000000
67111  -23.620  -37.738  57.597 0.0000000000
64551  -21.630  -39.594  55.214 0.0000000000
68385  -23.180  -36.768  54.954 0.0000000000
68501  -23.505  -36.480  48.288 0.0000000000
65958  -22.013  -38.168  48.976 0.0000000000
66000  -21.368  -38.112  45.940 0.0000000000
60987  -29.986  -42.413  46.441 0.0000000000
62178  -28.761  -41.150  47.594 0.0000000000
59787  -27.871  -42.026  45.139 0.0000000000
72282  -36.206  -33.125  37.116 0.0000000000
74815  -36.483  -31.272  34.871 0.0000000000
73551  -38.055  -32.103  37.630 0.0000000000
73508  -40.502  -32.116  38.906 0.0000000000
74692  -43.275  -30.984  40.589 0.0000000000
59805  -39.511  -41.611  45.581 0.0000000000
62235  -37.296  -40.971  45.163 0.0000000000
62291  -37.299  -40.765  42.985 0.0000000000
63553  -36.064  -39.213  40.128 0.0000000000
66101  -34.306  -38.508  38.141 0.0000000000
66181  -32.938  -37.502  35.819 0.0000000000
68635  -34.854  -36.654  37.470 0.0000000000
71065  -35.193  -34.480  36.653 0.0000000000
91477  -54.212  -18.479  34.518 0.0000000000
92709  -56.466  -17.092  34.046 0.0000000000
71975  -26.386  -33.619  57.203 0.0000000000
70815  -24.579  -34.382  54.574 0.0000000000
69613  -26.662  -35.162  54.523 0.0000000000
68440  -26.518  -36.210  51.627 0.0000000000
65937  -25.297  -38.307  48.952 0.0000000000
76060  -37.863  -30.259  33.647 0.0000000000
77324  -44.192  -29.331  31.957 0.0000000000
78782  -44.958  -28.806  33.045 0.0000000000
63297  -33.960  -40.286  53.906 0.0000000000
64627  -31.502  -39.733  51.747 0.0000000000
62149  -33.364  -41.366  51.001 0.0000000000
62199  -32.080  -41.301  47.751 0.0000000000
62250  -30.977  -41.427  44.886 0.0000000000
64720  -34.932  -38.902  44.942 0.0000000000
63478  -31.107  -39.643  44.104 0.0000000000
63498  -29.149  -39.924  42.711 0.0000000000
70937  -42.525  -34.519  44.755 0.0000000000
65850  -33.938  -38.715  55.492 0.0000000000
60887  -37.762  -41.908  52.305 0.0000000000
59744  -39.552  -41.741  50.010 0.0000000000
73396  -42.578  -32.482  44.215 0.0000000000
74643  -43.878  -30.783  43.685 0.0000000000
75922  -45.017  -30.401  42.304 0.0000000000
74644  -47.651  -31.273  44.299 0.0000000000
73486  -46.366  -31.923  39.553 0.0000000000
74782  -46.342  -31.517  36.663 0.0000000000
77278  -46.479  -29.427  35.339 0.0000000000
80072  -46.592  -27.458  35.066 0.0000000000
81210  -51.304  -25.923  37.927 0.0000000000
82423  -48.532  -25.255  36.061 0.0000000000
83699  -46.759  -24.485  33.903 0.0000000000
86490  -46.835  -22.465  32.646 0.0000000000
92722  -52.192  -17.436  31.998 0.0000000000
62061  -19.685  -41.582  56.589 0.0000000000
62144  -19.189  -41.455  50.409 0.0000000000
67199  -22.411  -37.406  51.874 0.0000000000
63402  -21.060  -40.094  49.153 0.0000000000
64644  -29.389  -39.709  50.929 0.0000000000
64682  -26.391  -39.754  47.962 0.0000000000
64716  -25.127  -38.730  45.274 0.0000000000
62301  -24.393  -41.506  41.391 0.0000000000
69818  -40.644  -35.561  42.177 0.0000000000
70992  -41.307  -34.840  41.883 0.0000000000
69800  -42.460  -35.375  42.695 0.0000000000
67334  -40.992  -37.585  43.143 0.0000000000
67344  -40.058  -37.522  42.682 0.0000000000
68601  -40.261  -36.485  42.430 0.0000000000
68608  -39.354  -36.355  41.926 0.0000000000
81311  -44.142  -26.626  31.204 0.0000000000
82522  -44.058  -25.560  30.459 0.0000000000
82537  -44.272  -25.325  29.669 0.0000000000
83711  -44.960  -24.953  32.091 0.0000000000
65831  -31.601  -37.936  56.227 0.0000000000
65846  -30.141  -37.577  55.203 0.0000000000
65866  -31.310  -38.633  54.560 0.0000000000
74849  -34.297  -31.595  32.550 0.0000000000
74837  -35.308  -31.118  33.638 0.0000000000
74754  -42.626  -30.725  37.606 0.0000000000
74777  -41.821  -30.829  36.606 0.0000000000
74778  -42.813  -30.588  36.690 0.0000000000
74800  -43.253  -30.700  35.791 0.0000000000
74779  -43.754  -30.783  36.763 0.0000000000
60954  -38.464  -41.511  48.949 0.0000000000
60953  -37.261  -41.176  49.233 0.0000000000
62204  -37.833  -40.625  47.479 0.0000000000
64871  -33.213  -38.565  37.841 0.0000000000
64828  -32.522  -38.819  39.409 0.0000000000
66100  -31.759  -38.555  37.675 0.0000000000
66123  -30.318  -38.325  37.230 0.0000000000
72301  -34.167  -33.407  34.661 0.0000000000
72312  -33.088  -33.533  33.533 0.0000000000
73587  -33.865  -32.630  33.690 0.0000000000
89000  -52.128  -20.717  37.708 0.0000000000
89015  -51.854  -20.226  37.048 0.0000000000
90231  -50.808  -19.652  36.049 0.0000000000
91455  -52.486  -18.961  35.793 0.0000000000
69555  -23.847  -35.953  57.686 0.0000000000
67142  -23.207  -37.669  55.666 0.0000000000
69591  -23.593  -35.866  55.540 0.0000000000
68548  -23.340  -36.623  46.783 0.0000000000
68526  -22.863  -36.557  47.538 0.0000000000
67311  -22.009  -37.558  45.692 0.0000000000
66007  -20.679  -38.655  44.401 0.0000000000
67330  -22.465  -37.534  43.951 0.0000000000
61004  -29.383  -42.483  45.574 0.0000000000
60986  -29.177  -42.481  46.214 0.0000000000
58643  -28.023  -42.696  43.875 0.0000000000
72269  -36.542  -33.388  37.851 0.0000000000
73529  -37.001  -32.573  37.569 0.0000000000
73530  -37.606  -32.581  38.244 0.0000000000
73458  -41.218  -32.882  40.585 0.0000000000
73483  -40.394  -32.566  39.584 0.0000000000
73459  -41.890  -32.100  40.353 0.0000000000
73485  -41.796  -31.790  39.313 0.0000000000
74691  -42.649  -31.761  40.962 0.0000000000
62255  -40.128  -41.368  44.685 0.0000000000
62254  -38.495  -41.392  44.271 0.0000000000
63483  -38.685  -40.659  43.288 0.0000000000
66064  -37.431  -38.552  40.496 0.0000000000
63537  -37.037  -39.472  40.872 0.0000000000
64832  -36.353  -38.971  40.127 0.0000000000
66079  -35.366  -38.945  39.141 0.0000000000
66103  -35.500  -38.107  38.561 0.0000000000
67391  -34.314  -37.622  37.498 0.0000000000
67377  -35.790  -37.371  38.425 0.0000000000
71029  -37.555  -34.789  39.633 0.0000000000
69850  -36.672  -35.613  38.721 0.0000000000
71044  -36.721  -34.456  38.654 0.0000000000
71056  -35.811  -34.093  37.315 0.0000000000
69556  -27.156  -34.743  56.763 0.0000000000
69572  -26.924  -35.020  56.088 0.0000000000
69573  -27.638  -35.293  56.456 0.0000000000
65880  -28.153  -37.335  53.127 0.0000000000
67160  -27.405  -36.658  53.342 0.0000000000
65893  -27.338  -37.482  52.121 0.0000000000
67214  -25.773  -37.335  50.109 0.0000000000
65921  -26.327  -38.485  50.326 0.0000000000
74795  -37.652  -30.928  36.065 0.0000000000
74839  -37.103  -30.587  34.342 0.0000000000
74841  -38.643  -30.698  34.648 0.0000000000
76081  -40.694  -29.664  33.324 0.0000000000
77319  -39.349  -29.382  32.629 0.0000000000
77320  -40.488  -29.349  32.656 0.0000000000
76083  -43.858  -30.151  32.799 0.0000000000
77323  -43.610  -29.601  32.174 0.0000000000
76084  -44.287  -29.993  32.609 0.0000000000
77307  -45.171  -29.583  33.499 0.0000000000
62099  -34.640  -41.392  53.244 0.0000000000
63332  -33.465  -40.796  52.688 0.0000000000
62133  -34.232  -41.328  52.023 0.0000000000
62201  -34.149  -40.960  47.726 0.0000000000
60950  -33.990  -41.605  48.976 0.0000000000
62200  -33.158  -41.297  47.729 0.0000000000
62216  -31.157  -41.432  46.695 0.0000000000
62234  -32.155  -40.479  46.020 0.0000000000
63480  -35.745  -40.142  43.623 0.0000000000
63461  -35.894  -40.033  44.579 0.0000000000
64749  -34.822  -39.622  43.524 0.0000000000
64790  -31.849  -38.698  41.695 0.0000000000
66023  -31.716  -38.558  43.348 0.0000000000
64769  -30.994  -38.533  42.663 0.0000000000
63476  -29.884  -39.915  43.554 0.0000000000
68668  -32.874  -36.556  35.265 0.0000000000
60903  -38.483  -42.097  51.745 0.0000000000
60991  -41.178  -41.586  46.754 0.0000000000
72153  -42.535  -33.549  44.259 0.0000000000
74605  -43.980  -31.016  45.710 0.0000000000
75865  -44.718  -30.489  45.147 0.0000000000
75904  -44.398  -30.499  43.116 0.0000000000
75887  -45.629  -30.434  44.501 0.0000000000
74661  -48.286  -31.108  42.799 0.0000000000
74675  -47.023  -31.281  41.633 0.0000000000
73461  -47.157  -32.098  40.454 0.0000000000
73534  -45.699  -31.878  37.392 0.0000000000
73514  -47.443  -31.877  38.817 0.0000000000
77258  -49.239  -29.087  38.221 0.0000000000
77256  -47.893  -30.032  37.350 0.0000000000
78734  -47.629  -28.704  36.521 0.0000000000
78749  -46.698  -28.423  35.535 0.0000000000
80024  -47.714  -27.931  36.406 0.0000000000
83600  -52.773  -24.284  39.004 0.0000000000
86418  -49.704  -22.709  36.388 0.0000000000
83637  -49.651  -24.429  36.813 0.0000000000
84954  -49.061  -23.659  36.137 0.0000000000
83660  -47.653  -24.638  35.026 0.0000000000
84986  -47.452  -23.641  34.345 0.0000000000
85007  -46.732  -23.391  33.525 0.0000000000
86449  -47.643  -22.633  34.163 0.0000000000
90279  -48.916  -19.474  33.375 0.0000000000
90290  -47.791  -20.055  32.432 0.0000000000
90303  -48.347  -19.581  31.758 0.0000000000
92706  -54.526  -18.257  33.199 0.0000000000
91498  -53.012  -17.845  33.625 0.0000000000
92723  -53.262  -17.441  32.140 0.0000000000
64586  -21.598  -39.590  53.591 0.0000000000
63313  -20.933  -40.027  54.122 0.0000000000
63328  -20.427  -40.595  52.572 0.0000000000
62129  -19.355  -41.610  51.510 0.0000000000
63344  -20.375  -40.526  51.555 0.0000000000
70827  -24.388  -34.523  53.382 0.0000000000
69628  -23.321  -35.575  53.427 0.0000000000
69640  -22.873  -35.863  51.693 0.0000000000
64661  -21.974  -38.954  49.240 0.0000000000
62212  -19.054  -41.225  46.167 0.0000000000
63347  -31.141  -40.180  51.049 0.0000000000
64626  -30.333  -39.475  51.483 0.0000000000
63367  -29.917  -40.346  50.357 0.0000000000
63428  -27.409  -40.801  46.493 0.0000000000
63388  -28.029  -40.226  48.859 0.0000000000
63415  -26.697  -40.128  47.125 0.0000000000
64695  -25.906  -39.366  47.199 0.0000000000
64717  -25.779  -39.613  44.785 0.0000000000
63512  -23.910  -40.500  41.498 0.0000000000
71012  -38.895  -34.184  40.910 0.0000000000
73481  -38.662  -33.083  39.840 0.0000000000
72196  -40.359  -34.110  41.357 0.0000000000
72197  -41.167  -33.694  41.302 0.0000000000
73421  -42.518  -33.221  42.653 0.0000000000
63485  -40.705  -40.083  44.098 0.0000000000
63484  -39.509  -40.063  43.443 0.0000000000
64775  -39.563  -39.268  42.916 0.0000000000
66042  -38.747  -38.405  41.998 0.0000000000
66082  -37.659  -37.705  39.938 0.0000000000
68620  -36.810  -36.549  39.220 0.0000000000
68616  -37.995  -36.432  40.748 0.0000000000
69834  -37.914  -35.455  40.267 0.0000000000
86532  -45.390  -23.042  30.071 0.0000000000
68346  -29.488  -36.550  56.604 0.0000000000
68345  -28.701  -36.257  56.377 0.0000000000
67145  -29.639  -37.264  55.222 0.0000000000
65863  -29.042  -37.523  54.267 0.0000000000
65895  -28.824  -38.471  52.529 0.0000000000
74776  -40.766  -31.180  36.560 0.0000000000
76038  -39.775  -30.602  34.997 0.0000000000
74798  -41.015  -30.737  35.483 0.0000000000
76040  -41.186  -29.973  34.493 0.0000000000
76063  -41.514  -29.761  33.632 0.0000000000
77305  -42.771  -29.680  33.073 0.0000000000
76064  -42.597  -29.977  33.665 0.0000000000
76042  -43.157  -30.424  34.209 0.0000000000
74823  -44.584  -30.836  35.023 0.0000000000
60901  -36.452  -41.702  51.285 0.0000000000
62134  -35.343  -41.535  50.819 0.0000000000
62168  -36.001  -41.337  49.831 0.0000000000
62186  -36.197  -40.814  48.925 0.0000000000
63418  -35.250  -40.050  47.351 0.0000000000
64809  -34.383  -39.540  40.890 0.0000000000
64772  -33.720  -39.512  42.413 0.0000000000
64808  -33.604  -39.394  40.656 0.0000000000
64806  -31.584  -38.665  40.457 0.0000000000
64805  -30.276  -38.181  40.352 0.0000000000
66063  -29.307  -38.206  40.025 0.0000000000
66098  -30.060  -38.301  38.159 0.0000000000
71075  -33.608  -34.600  35.187 0.0000000000
71101  -32.983  -34.193  34.235 0.0000000000
75941  -49.256  -30.976  41.873 0.0000000000
74719  -48.644  -31.601  40.114 0.0000000000
74699  -49.777  -30.286  40.906 0.0000000000
77233  -49.874  -29.123  40.144 0.0000000000
78705  -50.690  -28.060  38.767 0.0000000000
86385  -52.495  -22.587  38.610 0.0000000000
86384  -51.836  -23.121  38.140 0.0000000000
86400  -51.864  -22.282  37.991 0.0000000000
87754  -51.110  -21.849  37.477 0.0000000000
87800  -49.585  -21.330  35.611 0.0000000000
87818  -48.601  -21.587  34.835 0.0000000000
89030  -49.707  -20.246  35.213 0.0000000000
90263  -50.084  -19.414  34.635 0.0000000000
91496  -50.811  -18.486  33.397 0.0000000000
93998  -55.326  -16.092  30.394 0.0000000000
92759  -54.090  -16.721  30.475 0.0000000000
93996  -53.838  -16.285  29.909 0.0000000000
64530  -23.104  -38.874  58.031 0.0000000000
64541  -22.113  -39.473  56.620 0.0000000000
64553  -22.600  -38.900  56.123 0.0000000000
65844  -22.434  -38.811  54.872 0.0000000000
65878  -22.749  -38.337  53.630 0.0000000000
69666  -24.129  -35.407  50.688 0.0000000000
68454  -22.755  -36.317  50.177 0.0000000000
68474  -22.679  -36.731  49.197 0.0000000000
67277  -21.929  -38.063  47.135 0.0000000000
64706  -20.529  -39.275  46.263 0.0000000000
64714  -19.835  -39.849  45.782 0.0000000000
64715  -20.229  -39.455  45.076 0.0000000000
62181  -30.787  -41.748  48.314 0.0000000000
62161  -29.747  -41.271  48.716 0.0000000000
60946  -29.448  -42.023  47.456 0.0000000000
60967  -28.569  -41.784  46.687 0.0000000000
62231  -27.343  -41.224  44.896 0.0000000000
73564  -35.574  -32.414  35.698 0.0000000000
74814  -35.491  -31.589  34.743 0.0000000000
73565  -36.139  -32.223  36.215 0.0000000000
74773  -37.355  -31.606  36.655 0.0000000000
74774  -38.380  -31.534  37.120 0.0000000000
73482  -39.507  -32.707  39.629 0.0000000000
73532  -39.274  -32.002  38.183 0.0000000000
74775  -39.639  -31.269  36.794 0.0000000000
74732  -41.245  -31.392  38.349 0.0000000000
74733  -42.181  -31.077  38.716 0.0000000000
74715  -43.264  -30.901  39.492 0.0000000000
59790  -39.381  -41.625  46.509 0.0000000000
62221  -38.438  -41.142  46.196 0.0000000000
61027  -38.418  -41.335  45.210 0.0000000000
62273  -37.242  -40.770  43.962 0.0000000000
63501  -36.658  -40.422  42.587 0.0000000000
63503  -38.496  -39.844  42.420 0.0000000000
63519  -36.601  -39.892  41.738 0.0000000000
62322  -35.295  -39.643  40.803 0.0000000000
64830  -34.597  -39.627  39.902 0.0000000000
64872  -33.781  -38.731  38.204 0.0000000000
66126  -33.122  -38.520  36.969 0.0000000000
66151  -32.305  -38.173  36.238 0.0000000000
67410  -33.539  -37.782  36.751 0.0000000000
67436  -33.800  -37.057  36.147 0.0000000000
68649  -34.284  -36.262  36.925 0.0000000000
68637  -35.924  -36.609  38.029 0.0000000000
69864  -35.060  -35.574  37.057 0.0000000000
69863  -34.571  -35.138  36.445 0.0000000000
71077  -34.837  -34.278  36.118 0.0000000000
72291  -35.132  -33.689  35.949 0.0000000000
91456  -53.748  -18.715  35.562 0.0000000000
91457  -54.718  -18.403  35.424 0.0000000000
92688  -55.477  -17.793  33.994 0.0000000000
92726  -55.478  -17.185  32.724 0.0000000000
95183  -55.942  -15.585  31.848 0.0000000000
96414  -55.618  -14.614  30.769 0.0000000000
71960  -25.031  -33.442  57.458 0.0000000000
70802  -24.385  -34.412  55.665 0.0000000000
71983  -25.313  -33.861  55.848 0.0000000000
70817  -26.147  -34.721  54.989 0.0000000000
69629  -25.791  -34.991  53.076 0.0000000000
68365  -27.869  -35.974  54.876 0.0000000000
68405  -27.034  -36.117  53.189 0.0000000000
69656  -26.192  -35.678  52.115 0.0000000000
68457  -25.543  -36.186  50.110 0.0000000000
67232  -24.858  -37.384  48.645 0.0000000000
67279  -24.491  -37.372  47.368 0.0000000000
74838  -36.181  -30.929  34.054 0.0000000000
76059  -36.720  -30.260  33.575 0.0000000000
76061  -39.140  -30.552  34.181 0.0000000000
78792  -44.340  -28.525  31.240 0.0000000000
80110  -44.742  -27.773  32.932 0.0000000000
64555  -32.687  -39.249  54.928 0.0000000000
64570  -31.553  -39.034  54.387 0.0000000000
64591  -32.880  -39.951  53.471 0.0000000000
63330  -32.340  -40.286  51.960 0.0000000000
62147  -31.721  -41.108  49.939 0.0000000000
59724  -34.294  -41.560  50.593 0.0000000000
60926  -33.108  -41.538  49.763 0.0000000000
62163  -31.374  -41.502  49.204 0.0000000000
62198  -31.120  -41.698  47.622 0.0000000000
62215  -30.497  -42.014  46.232 0.0000000000
61026  -30.172  -41.792  44.698 0.0000000000
63434  -37.270  -40.540  46.009 0.0000000000
63432  -35.544  -39.718  46.513 0.0000000000
63445  -33.804  -39.519  45.924 0.0000000000
64747  -33.109  -38.978  43.087 0.0000000000
64729  -33.009  -38.953  44.438 0.0000000000
63444  -32.626  -39.718  45.613 0.0000000000
62251  -31.314  -40.742  44.786 0.0000000000
62271  -30.364  -40.818  44.285 0.0000000000
66179  -31.553  -37.609  35.332 0.0000000000
68594  -42.817  -36.629  43.745 0.0000000000
69785  -43.023  -35.534  43.385 0.0000000000
67101  -24.125  -37.968  58.808 0.0000000000
70754  -24.575  -33.615  57.974 0.0000000000
71961  -25.841  -33.063  57.652 0.0000000000
71962  -26.805  -33.247  57.683 0.0000000000
68331  -30.533  -36.591  57.584 0.0000000000
65819  -31.272  -37.435  56.746 0.0000000000
67129  -32.227  -37.682  56.717 0.0000000000
65849  -32.985  -38.746  55.521 0.0000000000
64556  -33.641  -39.279  55.037 0.0000000000
63298  -34.484  -40.264  54.306 0.0000000000
62100  -35.806  -41.438  53.162 0.0000000000
62101  -36.913  -41.451  53.349 0.0000000000
60886  -36.833  -41.784  52.256 0.0000000000
60902  -37.633  -42.086  51.544 0.0000000000
60932  -38.559  -41.757  50.086 0.0000000000
59756  -39.260  -41.659  49.277 0.0000000000
59777  -39.781  -41.820  47.241 0.0000000000
59792  -40.177  -41.921  46.413 0.0000000000
61009  -40.471  -41.692  46.005 0.0000000000
66028  -41.937  -38.315  44.216 0.0000000000
70959  -43.212  -34.553  43.523 0.0000000000
72166  -42.804  -33.431  43.664 0.0000000000
73422  -42.791  -32.545  42.930 0.0000000000
74584  -43.385  -31.402  46.251 0.0000000000
74625  -43.059  -31.769  44.281 0.0000000000
74658  -43.203  -31.531  42.562 0.0000000000
75920  -43.446  -30.881  42.155 0.0000000000
75938  -44.460  -30.407  41.376 0.0000000000
75954  -44.711  -30.482  40.349 0.0000000000
75924  -46.947  -30.618  43.353 0.0000000000
75940  -46.248  -30.851  41.062 0.0000000000
74735  -44.617  -31.281  38.313 0.0000000000
74756  -44.681  -31.252  37.396 0.0000000000
74802  -44.998  -31.187  35.730 0.0000000000
74803  -45.700  -31.095  35.634 0.0000000000
74760  -47.972  -31.247  37.974 0.0000000000
76027  -46.284  -30.676  35.660 0.0000000000
76045  -45.886  -29.875  34.893 0.0000000000
77290  -45.904  -29.190  34.779 0.0000000000
80094  -45.358  -27.655  33.670 0.0000000000
81278  -45.398  -26.752  33.706 0.0000000000
79948  -51.604  -27.193  39.301 0.0000000000
80001  -50.293  -27.126  38.058 0.0000000000
83598  -51.426  -24.523  37.825 0.0000000000
82399  -49.934  -25.375  37.419 0.0000000000
80026  -48.940  -26.872  36.855 0.0000000000
81244  -47.447  -26.154  35.497 0.0000000000
82457  -46.177  -25.793  34.207 0.0000000000
82490  -45.261  -25.114  32.812 0.0000000000
83712  -45.527  -24.320  32.266 0.0000000000
85042  -45.808  -23.173  31.572 0.0000000000
86518  -46.398  -22.167  30.338 0.0000000000
89054  -47.785  -20.819  33.384 0.0000000000
89074  -46.869  -21.046  31.641 0.0000000000
86519  -47.269  -22.011  29.936 0.0000000000
91476  -52.985  -18.430  34.513 0.0000000000
91497  -52.013  -18.012  33.480 0.0000000000
91513  -51.275  -17.812  32.382 0.0000000000
92735  -52.943  -17.371  31.257 0.0000000000
92733  -51.484  -17.798  31.197 0.0000000000
91526  -49.840  -18.510  30.867 0.0000000000
63282  -20.678  -40.525  55.792 0.0000000000
69612  -23.413  -35.672  54.452 0.0000000000
67188  -23.124  -37.090  53.503 0.0000000000
64606  -22.067  -39.068  52.017 0.0000000000
67213  -22.127  -37.455  50.716 0.0000000000
64641  -22.066  -39.104  50.149 0.0000000000
63363  -20.918  -39.935  51.014 0.0000000000
63361  -19.719  -40.935  49.691 0.0000000000
64589  -30.860  -38.806  53.665 0.0000000000
64625  -29.066  -39.197  51.907 0.0000000000
64643  -28.215  -39.487  50.996 0.0000000000
63389  -28.741  -40.528  49.287 0.0000000000
63365  -28.047  -39.970  49.848 0.0000000000
64642  -27.157  -39.468  50.212 0.0000000000
64662  -25.661  -38.933  49.061 0.0000000000
64694  -25.140  -38.772  47.534 0.0000000000
66001  -24.777  -37.967  45.144 0.0000000000
61040  -26.510  -42.429  43.533 0.0000000000
61039  -25.930  -41.914  43.920 0.0000000000
63475  -25.548  -40.651  43.130 0.0000000000
64743  -25.059  -39.811  43.070 0.0000000000
64742  -24.477  -39.145  42.972 0.0000000000
66020  -23.589  -38.021  43.349 0.0000000000
69799  -41.558  -35.759  42.668 0.0000000000
69819  -41.196  -35.382  42.225 0.0000000000
68592  -41.673  -36.760  43.158 0.0000000000
67345  -40.594  -37.050  42.731 0.0000000000
68602  -40.985  -36.594  42.809 0.0000000000
69798  -40.843  -36.055  42.582 0.0000000000
65847  -30.846  -37.737  55.429 0.0000000000
74836  -34.549  -31.647  33.686 0.0000000000
74850  -34.816  -31.231  33.155 0.0000000000
74813  -34.892  -31.527  34.251 0.0000000000
76011  -42.967  -30.532  37.256 0.0000000000
76012  -43.202  -30.549  37.008 0.0000000000
74755  -43.647  -30.832  37.636 0.0000000000
60971  -38.835  -41.433  47.755 0.0000000000
62188  -38.279  -41.054  47.958 0.0000000000
64870  -32.775  -38.604  37.469 0.0000000000
64850  -32.423  -38.548  38.149 0.0000000000
73596  -33.671  -32.374  32.911 0.0000000000
89016  -52.514  -20.152  37.397 0.0000000000
90233  -52.584  -19.517  36.730 0.0000000000
90250  -52.005  -19.282  36.190 0.0000000000
91439  -52.845  -19.147  36.425 0.0000000000
69571  -23.821  -36.079  56.719 0.0000000000
70788  -23.862  -35.041  56.127 0.0000000000
67298  -23.361  -36.845  46.144 0.0000000000
67312  -22.757  -37.247  45.526 0.0000000000
67323  -22.107  -37.486  44.701 0.0000000000
67324  -22.979  -37.447  44.657 0.0000000000
61024  -28.776  -42.303  44.665 0.0000000000
59803  -29.002  -42.442  44.898 0.0000000000
59815  -28.076  -42.529  43.651 0.0000000000
72270  -37.140  -33.194  38.451 0.0000000000
72252  -37.485  -33.238  38.865 0.0000000000
74673  -42.798  -32.020  41.602 0.0000000000
62276  -39.603  -41.109  44.075 0.0000000000
66081  -36.963  -38.072  40.066 0.0000000000
64833  -37.039  -38.854  40.350 0.0000000000
66080  -35.929  -38.414  39.168 0.0000000000
71028  -37.167  -34.258  39.223 0.0000000000
72251  -37.062  -33.695  38.875 0.0000000000
69557  -27.724  -34.954  57.353 0.0000000000
69574  -28.273  -35.657  56.893 0.0000000000
65894  -27.910  -37.654  52.439 0.0000000000
65905  -26.888  -37.996  51.622 0.0000000000
74817  -38.241  -30.668  35.200 0.0000000000
74818  -39.073  -30.696  35.086 0.0000000000
76082  -41.108  -29.677  33.059 0.0000000000
76066  -44.350  -30.320  33.397 0.0000000000
76085  -44.539  -29.781  32.579 0.0000000000
60869  -34.930  -41.657  52.660 0.0000000000
62115  -34.388  -41.457  52.567 0.0000000000
60884  -34.810  -41.540  52.068 0.0000000000
62218  -33.308  -40.720  47.060 0.0000000000
62217  -32.261  -40.886  46.824 0.0000000000
63429  -32.768  -40.407  46.430 0.0000000000
63499  -35.196  -39.885  42.936 0.0000000000
64768  -29.973  -38.916  42.789 0.0000000000
64788  -29.454  -38.740  41.842 0.0000000000
68688  -32.921  -36.315  35.198 0.0000000000
74662  -48.842  -31.111  42.579 0.0000000000
74677  -48.295  -31.316  41.791 0.0000000000
73438  -47.779  -31.891  41.168 0.0000000000
73462  -47.876  -32.413  40.570 0.0000000000
72234  -47.406  -32.626  40.065 0.0000000000
72235  -47.841  -32.625  39.669 0.0000000000
77271  -48.045  -29.116  37.135 0.0000000000
78735  -48.352  -28.275  36.905 0.0000000000
84908  -52.311  -23.071  39.663 0.0000000000
84909  -52.490  -23.557  39.425 0.0000000000
84924  -52.490  -23.345  38.878 0.0000000000
84971  -48.239  -23.747  35.232 0.0000000000
84987  -47.977  -23.198  34.555 0.0000000000
86450  -48.276  -22.668  34.781 0.0000000000
90292  -48.971  -19.141  32.481 0.0000000000
90304  -49.121  -19.068  31.387 0.0000000000
92725  -55.038  -17.840  32.349 0.0000000000
92724  -54.208  -17.720  32.254 0.0000000000
63261  -21.609  -40.126  57.973 0.0000000000
63329  -21.014  -40.080  53.094 0.0000000000
63345  -20.938  -39.920  52.058 0.0000000000
70839  -24.449  -34.837  52.341 0.0000000000
70826  -23.613  -34.831  52.889 0.0000000000
70838  -23.774  -35.088  52.116 0.0000000000
63368  -30.895  -40.646  50.307 0.0000000000
63346  -30.424  -40.121  50.809 0.0000000000
63391  -30.373  -40.812  49.743 0.0000000000
63427  -27.051  -40.702  46.071 0.0000000000
63416  -27.471  -40.671  46.934 0.0000000000
63426  -26.291  -39.979  46.520 0.0000000000
63441  -26.321  -40.173  45.424 0.0000000000
70990  -39.298  -34.672  41.260 0.0000000000
72213  -39.420  -33.795  40.940 0.0000000000
72195  -39.806  -34.301  41.347 0.0000000000
70993  -41.803  -34.254  41.682 0.0000000000
72198  -41.999  -33.717  41.789 0.0000000000
72178  -42.599  -33.786  42.354 0.0000000000
64752  -41.021  -39.320  43.769 0.0000000000
64751  -40.255  -39.389  43.388 0.0000000000
66025  -39.984  -38.791  43.056 0.0000000000
67343  -39.042  -37.458  42.079 0.0000000000
66043  -39.463  -38.412  42.622 0.0000000000
67342  -38.631  -37.923  41.588 0.0000000000
66065  -38.002  -38.132  40.340 0.0000000000
67350  -38.402  -37.380  41.136 0.0000000000
67358  -37.783  -37.236  40.218 0.0000000000
68607  -38.582  -36.369  41.372 0.0000000000
69817  -39.746  -35.445  41.751 0.0000000000
69816  -38.961  -35.439  41.326 0.0000000000
70989  -38.952  -34.942  41.088 0.0000000000
71011  -38.524  -34.735  40.763 0.0000000000
81340  -43.968  -26.268  29.310 0.0000000000
83740  -44.468  -24.536  30.255 0.0000000000
85056  -45.128  -23.393  30.377 0.0000000000
68347  -30.300  -36.722  56.733 0.0000000000
67126  -30.024  -36.913  55.944 0.0000000000
65864  -29.736  -37.771  54.552 0.0000000000
65881  -28.748  -37.703  53.553 0.0000000000
76077  -35.239  -30.758  32.708 0.0000000000
74819  -41.057  -30.307  34.927 0.0000000000
76041  -42.169  -30.180  34.306 0.0000000000
74822  -43.692  -30.753  34.947 0.0000000000
76043  -44.116  -30.490  34.230 0.0000000000
60915  -36.741  -41.689  50.259 0.0000000000
62203  -35.876  -40.298  47.923 0.0000000000
62202  -35.069  -40.508  48.079 0.0000000000
64826  -30.537  -38.342  39.355 0.0000000000
66078  -30.586  -38.403  38.774 0.0000000000
71102  -33.393  -34.185  34.512 0.0000000000
75926  -49.598  -30.383  42.154 0.0000000000
75942  -49.727  -30.446  41.456 0.0000000000
79909  -50.791  -28.005  40.517 0.0000000000
78668  -50.488  -28.643  40.258 0.0000000000
78684  -50.293  -28.609  39.470 0.0000000000
78685  -51.218  -28.053  39.307 0.0000000000
89001  -52.689  -20.545  38.025 0.0000000000
90207  -52.625  -19.769  38.348 0.0000000000
88981  -52.545  -20.731  38.713 0.0000000000
87733  -52.555  -21.418  38.456 0.0000000000
86401  -52.372  -21.796  38.163 0.0000000000
87756  -52.429  -21.211  38.048 0.0000000000
88999  -51.269  -20.884  37.391 0.0000000000
87780  -50.499  -21.337  36.547 0.0000000000
87779  -49.991  -21.994  36.174 0.0000000000
87801  -50.202  -20.658  35.927 0.0000000000
90264  -50.744  -19.162  34.919 0.0000000000
90248  -50.363  -19.584  35.344 0.0000000000
91473  -49.849  -19.244  34.177 0.0000000000
91474  -50.447  -19.013  34.213 0.0000000000
95225  -55.014  -15.619  30.124 0.0000000000
93997  -54.607  -16.451  30.283 0.0000000000
65818  -23.623  -38.428  58.073 0.0000000000
64542  -22.692  -38.870  57.011 0.0000000000
65817  -23.187  -38.327  57.320 0.0000000000
67159  -23.089  -37.699  54.866 0.0000000000
65861  -22.668  -38.608  54.477 0.0000000000
65879  -22.935  -37.885  53.934 0.0000000000
68456  -24.607  -35.848  50.137 0.0000000000
68455  -23.770  -35.891  49.978 0.0000000000
68475  -23.302  -36.293  49.194 0.0000000000
67296  -21.981  -37.766  46.588 0.0000000000
67278  -22.345  -37.463  47.589 0.0000000000
65990  -21.446  -38.429  46.750 0.0000000000
64707  -21.044  -38.889  46.583 0.0000000000
65989  -21.047  -38.689  46.187 0.0000000000
65999  -20.774  -38.628  45.469 0.0000000000
66017  -20.662  -38.911  43.392 0.0000000000
64725  -20.367  -39.480  44.099 0.0000000000
60970  -30.322  -42.079  47.438 0.0000000000
60947  -29.839  -42.048  47.733 0.0000000000
60969  -29.623  -42.225  47.064 0.0000000000
59788  -28.584  -42.185  45.309 0.0000000000
60985  -28.695  -42.117  46.206 0.0000000000
61002  -28.228  -41.808  45.598 0.0000000000
60983  -27.966  -41.612  45.581 0.0000000000
59786  -27.544  -41.946  44.993 0.0000000000
73548  -36.001  -32.580  36.339 0.0000000000
73550  -37.470  -32.100  37.337 0.0000000000
76009  -37.821  -31.412  36.821 0.0000000000
74750  -38.882  -31.801  37.636 0.0000000000
73456  -39.488  -33.114  40.395 0.0000000000
73507  -39.594  -32.249  38.667 0.0000000000
74751  -39.497  -31.711  37.893 0.0000000000
74731  -40.487  -31.647  38.396 0.0000000000
74752  -40.546  -31.428  37.582 0.0000000000
73509  -41.132  -31.757  38.926 0.0000000000
74714  -42.459  -31.370  39.895 0.0000000000
73510  -41.598  -31.523  38.824 0.0000000000
59804  -39.300  -41.574  45.808 0.0000000000
61028  -38.921  -41.443  45.059 0.0000000000
62274  -37.847  -40.986  43.588 0.0000000000
62290  -37.098  -40.761  43.270 0.0000000000
63504  -39.096  -39.585  42.822 0.0000000000
63521  -38.087  -39.483  41.731 0.0000000000
63536  -36.428  -39.577  40.756 0.0000000000
63535  -35.779  -39.718  41.064 0.0000000000
63552  -35.463  -39.616  40.400 0.0000000000
63551  -34.967  -39.696  40.596 0.0000000000
64852  -34.251  -39.065  38.842 0.0000000000
66127  -33.706  -38.387  37.665 0.0000000000
67390  -33.635  -38.125  37.243 0.0000000000
67411  -33.896  -37.127  36.528 0.0000000000
68670  -33.775  -36.653  36.183 0.0000000000
68628  -36.281  -36.570  38.593 0.0000000000
69857  -35.656  -35.211  37.398 0.0000000000
71064  -34.734  -34.570  36.206 0.0000000000
72281  -35.808  -33.288  36.627 0.0000000000
72290  -34.825  -33.128  35.256 0.0000000000
91479  -55.572  -17.736  34.589 0.0000000000
92689  -56.017  -17.355  34.294 0.0000000000
92707  -55.270  -17.824  33.243 0.0000000000
92708  -55.949  -17.133  33.638 0.0000000000
95167  -55.821  -15.894  32.674 0.0000000000
95205  -55.606  -15.560  30.871 0.0000000000
96389  -56.097  -14.543  31.516 0.0000000000
71974  -25.656  -33.678  56.747 0.0000000000
71973  -24.785  -33.806  56.407 0.0000000000
70790  -25.833  -34.148  56.068 0.0000000000
69592  -26.796  -35.131  55.278 0.0000000000
70804  -26.301  -34.586  55.724 0.0000000000
70829  -26.060  -34.775  54.313 0.0000000000
67144  -28.856  -36.902  54.957 0.0000000000
68366  -28.357  -36.280  55.467 0.0000000000
67143  -28.163  -36.565  54.587 0.0000000000
67176  -27.210  -36.785  52.799 0.0000000000
68386  -27.434  -36.369  53.636 0.0000000000
68424  -26.778  -36.214  52.419 0.0000000000
69644  -26.330  -35.538  52.784 0.0000000000
69668  -25.645  -35.767  50.756 0.0000000000
68439  -26.112  -36.201  50.900 0.0000000000
67233  -25.345  -37.326  49.313 0.0000000000
67258  -24.596  -37.601  48.082 0.0000000000
65936  -24.957  -38.045  48.377 0.0000000000
76079  -37.129  -29.811  33.120 0.0000000000
77302  -39.261  -29.804  33.478 0.0000000000
77322  -42.750  -29.542  32.292 0.0000000000
77339  -43.556  -29.451  31.101 0.0000000000
77340  -44.087  -29.118  30.660 0.0000000000
78781  -44.551  -28.657  32.276 0.0000000000
80126  -44.300  -27.685  31.807 0.0000000000
64572  -33.511  -39.708  54.289 0.0000000000
64571  -32.419  -39.370  54.251 0.0000000000
64592  -33.538  -40.136  53.767 0.0000000000
63350  -33.342  -40.808  52.085 0.0000000000
63331  -32.826  -40.448  52.394 0.0000000000
63349  -32.794  -40.705  51.608 0.0000000000
63370  -32.430  -40.871  51.031 0.0000000000
62148  -32.673  -41.290  50.489 0.0000000000
62151  -35.174  -41.317  50.212 0.0000000000
60914  -34.787  -41.527  50.728 0.0000000000
62150  -34.711  -41.382  49.722 0.0000000000
62183  -33.080  -41.508  48.783 0.0000000000
60927  -33.352  -41.566  49.432 0.0000000000
62165  -32.969  -41.526  49.392 0.0000000000
62164  -32.494  -41.486  49.533 0.0000000000
62182  -31.828  -41.509  48.553 0.0000000000
62232  -30.706  -41.689  45.617 0.0000000000
61005  -30.084  -42.290  45.526 0.0000000000
62236  -37.877  -41.024  45.491 0.0000000000
62220  -37.910  -40.682  46.524 0.0000000000
63449  -37.310  -40.786  45.571 0.0000000000
63460  -35.436  -39.457  45.041 0.0000000000
63447  -35.924  -39.753  45.564 0.0000000000
63446  -34.903  -39.356  45.779 0.0000000000
64771  -32.990  -39.294  42.245 0.0000000000
64746  -31.421  -39.044  44.090 0.0000000000
66012  -32.253  -38.725  44.134 0.0000000000
64728  -31.982  -38.980  44.464 0.0000000000
63459  -32.284  -39.365  44.819 0.0000000000
63458  -31.655  -39.799  44.703 0.0000000000
63443  -31.815  -40.380  45.379 0.0000000000
62272  -31.026  -40.262  44.300 0.0000000000
62270  -29.376  -40.926  43.578 0.0000000000
62289  -29.039  -40.736  42.888 0.0000000000
66180  -32.449  -37.615  35.728 0.0000000000
64519  -23.801  -38.776  59.077 0.0000000000
68319  -30.000  -36.249  58.390 0.0000000000
65833  -33.475  -38.149  56.007 0.0000000000
62085  -35.103  -40.951  53.911 0.0000000000
63299  -35.340  -40.414  54.492 0.0000000000
60872  -37.738  -41.618  52.890 0.0000000000
62087  -37.100  -40.976  54.080 0.0000000000
60871  -37.203  -41.709  52.734 0.0000000000
62117  -36.626  -41.581  52.819 0.0000000000
59727  -39.012  -41.846  50.531 0.0000000000
60917  -38.499  -42.205  50.828 0.0000000000
59743  -39.110  -41.662  50.145 0.0000000000
60933  -38.999  -41.604  49.898 0.0000000000
59766  -40.157  -41.792  47.996 0.0000000000
59778  -40.183  -41.971  47.115 0.0000000000
61010  -41.095  -41.285  45.972 0.0000000000
61030  -40.551  -41.404  45.239 0.0000000000
67335  -42.025  -37.615  43.761 0.0000000000
69766  -43.293  -35.488  44.277 0.0000000000
70947  -43.004  -34.504  44.221 0.0000000000
73382  -42.350  -32.551  44.613 0.0000000000
73410  -42.768  -32.307  43.750 0.0000000000
74626  -43.784  -31.063  44.548 0.0000000000
74642  -43.263  -31.503  43.565 0.0000000000
75903  -43.571  -30.785  42.923 0.0000000000
75905  -45.408  -30.449  43.391 0.0000000000
75939  -45.443  -30.454  41.261 0.0000000000
74645  -48.190  -31.427  43.848 0.0000000000
75907  -47.221  -30.775  44.066 0.0000000000
73460  -46.435  -31.911  40.138 0.0000000000
74695  -46.424  -31.384  40.536 0.0000000000
75955  -45.691  -30.889  40.183 0.0000000000
74717  -45.538  -31.329  39.132 0.0000000000
74736  -45.345  -31.705  38.443 0.0000000000
73553  -46.096  -31.920  37.137 0.0000000000
74781  -45.535  -31.470  36.562 0.0000000000
74824  -45.140  -30.926  35.191 0.0000000000
75971  -48.748  -30.708  40.059 0.0000000000
74738  -48.107  -31.598  38.776 0.0000000000
76028  -46.852  -29.906  36.086 0.0000000000
76014  -47.199  -30.699  36.700 0.0000000000
77289  -45.516  -29.435  34.280 0.0000000000
80071  -46.008  -27.801  34.385 0.0000000000
81258  -45.955  -26.735  34.161 0.0000000000
81193  -52.168  -25.721  38.988 0.0000000000
81173  -52.264  -26.383  39.694 0.0000000000
81192  -51.530  -26.533  38.661 0.0000000000
79975  -50.896  -27.222  38.446 0.0000000000
81191  -51.072  -26.785  38.283 0.0000000000
86383  -51.338  -23.527  37.836 0.0000000000
84922  -51.699  -23.877  38.106 0.0000000000
84938  -50.980  -23.671  37.424 0.0000000000
83614  -50.053  -24.722  37.242 0.0000000000
82424  -49.005  -25.280  36.754 0.0000000000
81229  -49.260  -26.168  37.127 0.0000000000
81228  -48.445  -26.132  36.374 0.0000000000
80052  -47.926  -26.607  35.960 0.0000000000
81245  -48.019  -26.139  35.792 0.0000000000
83680  -47.082  -24.554  34.325 0.0000000000
82458  -47.035  -25.522  34.765 0.0000000000
83679  -46.597  -24.970  34.042 0.0000000000
82474  -46.138  -25.184  33.614 0.0000000000
83697  -45.795  -24.838  33.072 0.0000000000
83698  -46.361  -24.331  33.401 0.0000000000
85026  -45.996  -23.518  32.351 0.0000000000
86505  -46.161  -22.511  31.423 0.0000000000
87836  -48.282  -20.995  33.956 0.0000000000
90302  -47.685  -19.906  32.030 0.0000000000
89064  -47.520  -20.426  32.564 0.0000000000
89075  -47.209  -20.521  31.444 0.0000000000
87862  -46.832  -21.143  31.214 0.0000000000
92704  -52.651  -17.463  32.897 0.0000000000
91514  -51.965  -17.538  32.727 0.0000000000
92746  -53.652  -17.128  30.679 0.0000000000
92745  -52.656  -17.668  30.394 0.0000000000
92744  -52.164  -17.891  30.660 0.0000000000
91527  -50.924  -17.996  31.207 0.0000000000
64540  -21.685  -39.694  56.034 0.0000000000
63283  -21.169  -40.053  55.915 0.0000000000
63296  -21.073  -40.076  55.056 0.0000000000
63312  -20.321  -40.686  53.736 0.0000000000
63295  -20.527  -40.622  54.849 0.0000000000
62112  -19.397  -41.697  52.432 0.0000000000
62145  -19.818  -41.063  51.197 0.0000000000
60910  -18.819  -42.098  51.088 0.0000000000
62143  -18.659  -41.992  49.584 0.0000000000
70801  -23.900  -34.980  55.024 0.0000000000
68422  -22.755  -36.501  52.224 0.0000000000
68423  -23.113  -36.441  53.047 0.0000000000
67187  -22.836  -37.411  52.898 0.0000000000
65892  -22.467  -38.321  52.485 0.0000000000
65904  -22.089  -38.319  51.487 0.0000000000
67231  -22.269  -37.331  49.593 0.0000000000
69652  -22.894  -35.815  51.059 0.0000000000
64660  -21.559  -39.586  49.590 0.0000000000
64640  -21.635  -39.662  50.552 0.0000000000
63386  -21.082  -40.181  50.034 0.0000000000
63385  -20.378  -40.476  49.444 0.0000000000
63439  -19.682  -40.418  45.092 0.0000000000
62228  -19.175  -41.128  45.353 0.0000000000
64590  -31.817  -39.372  53.516 0.0000000000
64609  -31.158  -39.176  52.569 0.0000000000
63406  -29.267  -40.917  48.744 0.0000000000
63405  -28.741  -40.740  48.340 0.0000000000
63387  -27.219  -39.935  48.473 0.0000000000
63364  -27.343  -39.789  49.348 0.0000000000
64663  -26.375  -39.326  49.195 0.0000000000
64709  -25.770  -39.434  45.979 0.0000000000
64708  -25.231  -38.755  46.505 0.0000000000
65991  -24.865  -37.968  45.916 0.0000000000
61055  -25.736  -42.144  42.509 0.0000000000
62286  -24.929  -41.891  41.681 0.0000000000
62287  -25.304  -41.422  42.173 0.0000000000
62302  -24.854  -41.053  41.768 0.0000000000
63496  -24.835  -40.470  42.166 0.0000000000
62317  -22.902  -41.149  40.863 0.0000000000
63495  -24.314  -39.984  41.999 0.0000000000
64766  -23.813  -39.382  42.114 0.0000000000
66038  -23.912  -38.621  42.833 0.0000000000
66037  -23.165  -38.470  42.499 0.0000000000
70971  -42.018  -35.201  42.254 0.0000000000
66044  -40.096  -38.262  42.967 0.0000000000
67333  -40.434  -37.989  43.041 0.0000000000
68600  -39.674  -36.953  42.281 0.0000000000
68609  -40.028  -35.967  42.027 0.0000000000
80138  -44.154  -27.558  30.706 0.0000000000
81327  -43.852  -26.538  30.209 0.0000000000
81339  -43.886  -25.714  29.655 0.0000000000
82536  -43.866  -25.582  29.937 0.0000000000
83725  -44.666  -24.532  31.191 0.0000000000
65830  -31.104  -37.598  56.394 0.0000000000
65865  -30.737  -38.355  54.378 0.0000000000
76057  -35.463  -30.809  33.212 0.0000000000
74799  -42.224  -30.634  35.728 0.0000000000
74821  -42.709  -30.605  34.941 0.0000000000
62187  -37.503  -40.730  48.408 0.0000000000
63408  -37.319  -40.435  47.729 0.0000000000
64851  -33.336  -38.808  38.661 0.0000000000
64849  -31.692  -38.510  38.217 0.0000000000
66099  -31.022  -38.556  38.026 0.0000000000
66124  -31.234  -38.489  37.058 0.0000000000
72313  -33.609  -33.731  34.173 0.0000000000
73586  -33.298  -32.779  33.108 0.0000000000
89031  -50.352  -20.069  35.831 0.0000000000
90232  -51.549  -19.628  36.447 0.0000000000
90249  -51.392  -19.202  35.635 0.0000000000
91454  -51.799  -18.936  35.399 0.0000000000
68328  -23.776  -36.813  57.583 0.0000000000
67125  -23.341  -37.688  56.649 0.0000000000
68344  -23.686  -37.068  56.899 0.0000000000
68364  -23.517  -36.865  56.050 0.0000000000
68547  -23.039  -36.513  47.064 0.0000000000
67297  -22.624  -36.925  46.578 0.0000000000
66008  -21.317  -37.974  44.950 0.0000000000
66018  -21.542  -38.073  43.641 0.0000000000
66035  -21.164  -38.861  42.745 0.0000000000
59789  -28.924  -42.428  45.394 0.0000000000
59801  -27.720  -42.496  44.371 0.0000000000
73549  -36.562  -32.407  36.821 0.0000000000
72215  -40.739  -33.259  40.715 0.0000000000
73484  -41.182  -32.256  39.577 0.0000000000
61029  -39.679  -41.546  45.006 0.0000000000
61044  -38.992  -41.540  44.465 0.0000000000
61045  -39.241  -41.473  44.294 0.0000000000
62275  -38.728  -41.297  43.818 0.0000000000
63482  -38.225  -40.886  43.335 0.0000000000
64794  -37.885  -39.064  41.354 0.0000000000
64811  -37.379  -39.115  40.823 0.0000000000
64831  -35.530  -39.251  39.677 0.0000000000
66102  -35.053  -38.631  38.607 0.0000000000
67375  -34.648  -38.157  38.178 0.0000000000
67376  -35.069  -37.820  38.240 0.0000000000
67392  -35.250  -37.116  37.822 0.0000000000
71045  -37.166  -35.062  39.088 0.0000000000
71057  -36.143  -34.780  38.015 0.0000000000
72268  -36.058  -33.466  37.212 0.0000000000
70772  -27.123  -34.073  57.338 0.0000000000
70791  -26.460  -34.275  56.570 0.0000000000
69593  -27.595  -35.562  55.565 0.0000000000
67178  -28.189  -37.159  53.560 0.0000000000
67161  -27.857  -36.698  53.777 0.0000000000
67177  -27.689  -37.040  53.073 0.0000000000
67190  -27.426  -37.214  52.496 0.0000000000
67189  -27.014  -37.032  52.036 0.0000000000
67201  -26.540  -37.016  51.227 0.0000000000
67215  -26.212  -37.603  50.863 0.0000000000
65920  -25.694  -38.048  49.658 0.0000000000
74816  -37.356  -30.956  35.106 0.0000000000
74840  -38.080  -30.709  34.448 0.0000000000
76062  -40.298  -29.875  33.943 0.0000000000
77303  -40.019  -29.561  33.252 0.0000000000
76065  -43.507  -30.185  33.417 0.0000000000
77325  -44.763  -29.469  32.693 0.0000000000
63316  -34.375  -40.757  53.795 0.0000000000
63315  -33.729  -40.659  53.379 0.0000000000
62098  -33.948  -41.219  52.891 0.0000000000
62114  -33.843  -41.140  52.320 0.0000000000
62132  -33.615  -41.208  51.561 0.0000000000
62185  -34.783  -41.093  48.623 0.0000000000
60951  -34.472  -41.515  49.005 0.0000000000
62184  -33.966  -41.440  48.446 0.0000000000
62233  -31.448  -41.008  45.743 0.0000000000
63462  -36.549  -40.584  44.250 0.0000000000
63448  -36.828  -40.623  45.289 0.0000000000
64732  -35.566  -39.884  44.053 0.0000000000
64731  -35.220  -39.521  44.301 0.0000000000
66041  -32.462  -38.768  42.761 0.0000000000
64770  -31.576  -38.580  42.343 0.0000000000
66022  -31.385  -38.488  42.950 0.0000000000
64745  -30.971  -38.937  43.598 0.0000000000
63477  -30.602  -39.842  43.899 0.0000000000
64744  -30.415  -39.171  43.408 0.0000000000
67434  -32.768  -37.032  35.407 0.0000000000
64557  -34.571  -39.335  55.009 0.0000000000
65851  -34.780  -38.518  55.342 0.0000000000
60888  -38.485  -41.644  52.463 0.0000000000
60990  -40.681  -41.884  46.962 0.0000000000
70936  -41.973  -34.465  45.509 0.0000000000
72136  -41.649  -33.375  45.345 0.0000000000
73381  -42.003  -32.493  45.141 0.0000000000
74603  -42.527  -32.115  45.165 0.0000000000
75886  -44.622  -30.552  44.086 0.0000000000
74646  -48.723  -31.141  43.520 0.0000000000
74660  -47.535  -30.829  42.977 0.0000000000
74676  -47.803  -31.299  41.892 0.0000000000
73437  -47.485  -31.726  41.285 0.0000000000
73512  -46.044  -31.948  38.510 0.0000000000
73487  -46.898  -32.197  39.412 0.0000000000
73513  -46.848  -31.958  38.711 0.0000000000
73535  -46.466  -31.915  37.698 0.0000000000
75996  -49.129  -29.743  38.295 0.0000000000
75995  -48.559  -30.563  38.148 0.0000000000
77257  -48.712  -29.421  37.674 0.0000000000
77270  -47.421  -29.592  36.644 0.0000000000
77279  -47.074  -29.067  35.993 0.0000000000
78750  -47.193  -28.205  36.026 0.0000000000
80051  -47.363  -27.266  35.809 0.0000000000
82358  -53.210  -24.947  39.497 0.0000000000
82380  -53.102  -24.980  38.998 0.0000000000
82379  -52.574  -25.065  38.766 0.0000000000
84956  -50.474  -23.388  36.877 0.0000000000
83638  -50.156  -23.969  36.824 0.0000000000
84955  -49.713  -23.541  36.547 0.0000000000
83636  -48.765  -24.513  36.120 0.0000000000
83661  -48.257  -24.743  35.596 0.0000000000
84970  -47.782  -24.005  34.871 0.0000000000
85008  -46.939  -24.090  33.857 0.0000000000
84985  -46.976  -23.151  34.030 0.0000000000
86471  -47.067  -22.756  33.685 0.0000000000
86472  -47.380  -22.159  33.332 0.0000000000
90278  -48.688  -19.960  33.747 0.0000000000
89055  -48.283  -20.413  33.524 0.0000000000
90291  -48.227  -19.910  32.760 0.0000000000
90311  -47.753  -19.837  31.256 0.0000000000
92687  -54.327  -18.385  33.867 0.0000000000
92686  -53.812  -18.160  33.823 0.0000000000
92705  -53.602  -17.765  33.009 0.0000000000
92757  -52.704  -17.706  29.475 0.0000000000
62062  -20.557  -41.039  56.775 0.0000000000
64567  -21.476  -39.646  54.456 0.0000000000
62113  -19.817  -41.153  52.998 0.0000000000
62130  -19.880  -41.111  52.037 0.0000000000
70814  -23.660  -34.759  53.948 0.0000000000
69641  -23.239  -35.632  52.411 0.0000000000
65957  -21.749  -38.534  48.423 0.0000000000
64679  -21.759  -38.755  48.759 0.0000000000
64678  -21.170  -39.283  48.410 0.0000000000
62194  -18.978  -41.449  47.174 0.0000000000
62211  -18.613  -41.939  46.258 0.0000000000
62227  -18.823  -41.740  45.472 0.0000000000
64645  -29.985  -39.904  50.877 0.0000000000
62177  -28.511  -41.109  47.270 0.0000000000
63404  -28.016  -40.649  47.764 0.0000000000
63403  -27.136  -40.232  47.679 0.0000000000
63414  -26.314  -39.790  47.094 0.0000000000
61066  -23.460  -42.423  40.871 0.0000000000
63513  -24.517  -40.882  41.686 0.0000000000
73480  -38.160  -33.327  39.609 0.0000000000
72212  -38.505  -33.746  40.402 0.0000000000
73455  -38.972  -33.338  40.463 0.0000000000
72214  -40.245  -33.459  40.832 0.0000000000
73434  -41.591  -33.205  41.432 0.0000000000
64774  -38.983  -39.142  42.398 0.0000000000
66053  -38.292  -38.385  41.277 0.0000000000
67364  -37.326  -37.245  39.724 0.0000000000
67357  -37.553  -36.845  39.884 0.0000000000
68615  -37.655  -36.359  40.058 0.0000000000
69835  -38.313  -35.662  40.981 0.0000000000
71010  -37.966  -34.572  40.103 0.0000000000
82538  -45.125  -25.161  29.333 0.0000000000
68329  -28.918  -36.147  57.262 0.0000000000
68367  -29.199  -36.705  55.751 0.0000000000
67146  -30.306  -37.379  55.583 0.0000000000
67163  -29.164  -37.357  54.637 0.0000000000
65906  -27.935  -38.725  51.791 0.0000000000
74797  -39.898  -30.828  35.658 0.0000000000
76025  -40.203  -30.629  35.206 0.0000000000
77321  -41.713  -29.536  32.681 0.0000000000
77304  -42.189  -29.729  33.281 0.0000000000
60900  -35.147  -41.590  51.335 0.0000000000
62135  -35.728  -41.555  51.052 0.0000000000
62152  -35.937  -41.479  50.600 0.0000000000
60952  -36.789  -41.083  49.328 0.0000000000
63417  -34.527  -40.331  47.453 0.0000000000
63534  -34.882  -39.546  41.120 0.0000000000
64793  -34.380  -39.624  41.700 0.0000000000
64792  -33.633  -39.524  41.546 0.0000000000
64791  -32.781  -39.194  41.533 0.0000000000
64807  -32.656  -39.047  40.553 0.0000000000
66077  -29.821  -38.353  39.192 0.0000000000
66097  -29.081  -38.113  38.313 0.0000000000
69875  -33.451  -35.245  35.457 0.0000000000
69891  -32.571  -35.644  34.573 0.0000000000
71090  -33.101  -34.790  34.836 0.0000000000
71089  -32.599  -34.929  34.280 0.0000000000
71100  -32.275  -34.506  33.592 0.0000000000
75925  -49.366  -30.649  42.429 0.0000000000
74678  -48.821  -31.223  41.517 0.0000000000
73440  -48.529  -31.721  40.708 0.0000000000
74697  -48.779  -31.183  40.611 0.0000000000
74698  -49.322  -30.549  40.904 0.0000000000
75972  -49.097  -30.179  39.829 0.0000000000
77224  -50.077  -29.824  40.864 0.0000000000
77222  -49.504  -29.799  40.321 0.0000000000
77232  -49.522  -29.377  39.572 0.0000000000
77245  -49.450  -29.306  38.812 0.0000000000
78704  -49.751  -28.538  38.679 0.0000000000
86386  -52.512  -22.978  38.754 0.0000000000
87755  -51.908  -21.451  37.855 0.0000000000
86419  -50.526  -22.371  36.776 0.0000000000
86433  -49.489  -22.143  35.822 0.0000000000
87799  -49.137  -21.928  35.484 0.0000000000
87819  -49.181  -20.784  34.912 0.0000000000
89043  -49.266  -20.316  34.649 0.0000000000
90247  -49.848  -19.736  34.877 0.0000000000
90262  -49.325  -19.741  34.286 0.0000000000
91495  -49.700  -18.992  33.467 0.0000000000
93984  -54.983  -16.812  30.543 0.0000000000
92747  -54.624  -17.017  30.814 0.0000000000
63272  -21.790  -39.781  57.312 0.0000000000
64552  -22.219  -39.153  55.482 0.0000000000
65829  -23.012  -38.368  56.324 0.0000000000
65845  -22.815  -38.457  55.254 0.0000000000
64568  -22.184  -39.142  54.338 0.0000000000
64587  -22.240  -39.107  53.085 0.0000000000
70849  -23.947  -35.104  51.719 0.0000000000
67257  -22.394  -37.370  48.661 0.0000000000
68500  -22.755  -36.647  48.395 0.0000000000
65976  -22.145  -38.044  48.254 0.0000000000
65975  -21.679  -38.399  47.681 0.0000000000
62162  -30.416  -41.346  49.079 0.0000000000
62180  -30.076  -41.710  48.306 0.0000000000
62179  -29.325  -41.518  47.932 0.0000000000
60968  -28.974  -42.086  47.082 0.0000000000
62196  -28.664  -41.551  47.152 0.0000000000
62195  -28.273  -41.227  46.849 0.0000000000
62213  -27.709  -41.344  45.691 0.0000000000
73575  -35.124  -32.137  35.116 0.0000000000
74793  -36.020  -31.696  35.312 0.0000000000
74794  -36.608  -31.633  35.929 0.0000000000
74772  -36.778  -31.807  36.513 0.0000000000
76022  -37.755  -31.210  36.598 0.0000000000
76023  -38.071  -30.974  36.623 0.0000000000
73505  -38.012  -33.035  39.202 0.0000000000
73506  -38.662  -32.540  38.951 0.0000000000
73531  -38.752  -32.092  37.999 0.0000000000
74734  -43.454  -30.848  38.503 0.0000000000
60989  -38.933  -41.433  46.751 0.0000000000
61007  -38.735  -41.360  45.764 0.0000000000
62253  -37.986  -41.281  44.591 0.0000000000
62252  -37.266  -40.956  44.770 0.0000000000
63481  -36.497  -40.537  43.368 0.0000000000
63500  -35.833  -40.062  42.673 0.0000000000
63502  -37.666  -40.503  42.622 0.0000000000
63520  -37.439  -39.658  41.526 0.0000000000
63518  -35.798  -39.752  41.768 0.0000000000
62306  -35.309  -39.602  41.410 0.0000000000
64853  -35.016  -39.279  39.123 0.0000000000
66152  -33.021  -37.938  36.174 0.0000000000
67435  -33.443  -37.237  36.007 0.0000000000
68669  -33.298  -36.347  35.555 0.0000000000
69876  -33.856  -35.652  36.100 0.0000000000
68636  -35.473  -36.246  37.622 0.0000000000
69858  -36.113  -35.880  37.962 0.0000000000
68650  -34.916  -36.118  37.334 0.0000000000
71076  -34.279  -34.376  35.613 0.0000000000
73563  -35.034  -32.490  35.177 0.0000000000
91440  -53.362  -18.926  36.633 0.0000000000
91441  -54.391  -18.406  36.343 0.0000000000
91478  -55.078  -18.291  34.490 0.0000000000
91499  -54.659  -18.402  33.949 0.0000000000
91500  -55.088  -18.316  33.723 0.0000000000
92738  -55.300  -17.202  31.771 0.0000000000
93969  -55.856  -15.882  33.310 0.0000000000
93968  -55.789  -16.514  33.235 0.0000000000
93976  -55.708  -16.544  32.169 0.0000000000
93985  -55.425  -16.616  30.974 0.0000000000
95226  -55.362  -15.751  30.434 0.0000000000
96413  -55.170  -14.950  30.319 0.0000000000
96436  -55.291  -14.302  30.272 0.0000000000
70771  -24.471  -34.057  57.398 0.0000000000
70789  -24.309  -34.442  56.580 0.0000000000
71982  -24.841  -33.972  55.393 0.0000000000
70803  -25.676  -34.290  55.422 0.0000000000
70816  -25.421  -34.411  54.734 0.0000000000
70828  -25.404  -34.642  53.788 0.0000000000
70840  -25.072  -34.769  52.971 0.0000000000
69594  -28.159  -35.773  56.130 0.0000000000
69614  -27.255  -35.614  54.772 0.0000000000
68387  -27.657  -36.059  54.167 0.0000000000
69631  -27.092  -35.573  54.172 0.0000000000
69630  -26.513  -35.253  53.660 0.0000000000
69643  -25.478  -35.203  52.376 0.0000000000
69642  -24.988  -35.182  51.926 0.0000000000
69667  -25.031  -35.541  50.736 0.0000000000
68476  -24.514  -36.472  49.239 0.0000000000
67200  -26.073  -36.886  50.630 0.0000000000
68477  -25.345  -36.764  49.655 0.0000000000
68502  -24.170  -36.901  48.023 0.0000000000
68528  -23.941  -36.775  47.059 0.0000000000
67299  -24.306  -37.085  46.275 0.0000000000
61058  -27.936  -42.195  42.691 0.0000000000
76078  -36.341  -30.056  32.625 0.0000000000
77301  -38.601  -30.056  33.621 0.0000000000
77318  -38.266  -29.657  32.899 0.0000000000
77338  -42.838  -29.484  31.375 0.0000000000
81295  -44.404  -26.719  32.355 0.0000000000
64554  -32.052  -39.168  54.770 0.0000000000
64610  -32.181  -39.835  52.533 0.0000000000
63314  -33.112  -40.421  52.983 0.0000000000
64611  -32.723  -40.181  52.866 0.0000000000
64628  -32.007  -40.032  51.889 0.0000000000
63348  -31.999  -40.356  51.396 0.0000000000
63369  -31.809  -40.744  50.671 0.0000000000
59710  -34.400  -41.554  50.987 0.0000000000
59709  -34.111  -41.547  50.814 0.0000000000
59754  -34.050  -41.667  49.353 0.0000000000
59740  -33.458  -41.663  49.856 0.0000000000
60912  -33.538  -41.532  50.626 0.0000000000
60988  -30.619  -42.001  46.892 0.0000000000
61025  -29.313  -42.167  44.839 0.0000000000
61042  -29.380  -41.665  44.183 0.0000000000
62205  -38.412  -41.098  47.088 0.0000000000
63420  -37.231  -40.041  47.046 0.0000000000
63433  -36.540  -39.956  46.244 0.0000000000
63419  -36.190  -39.885  47.222 0.0000000000
63431  -34.462  -39.840  46.756 0.0000000000
63430  -33.473  -40.107  46.541 0.0000000000
64773  -34.504  -39.654  42.608 0.0000000000
64748  -33.915  -39.285  43.369 0.0000000000
64730  -34.313  -39.216  44.311 0.0000000000
64719  -34.041  -38.943  45.220 0.0000000000
64718  -33.352  -39.242  45.348 0.0000000000
61043  -29.800  -41.339  44.233 0.0000000000
62269  -28.982  -41.499  43.672 0.0000000000
68593  -42.309  -36.754  43.445 0.0000000000
69784  -42.369  -35.992  43.272 0.0000000000
69750  -42.988  -35.352  44.913 0.0000000000
64518  -23.444  -39.115  58.828 0.0000000000
65806  -23.862  -38.433  58.665 0.0000000000
67112  -23.927  -38.104  58.257 0.0000000000
68317  -24.099  -37.151  59.029 0.0000000000
67100  -23.905  -37.433  58.273 0.0000000000
68316  -23.822  -36.508  58.386 0.0000000000
69541  -23.622  -35.421  58.470 0.0000000000
70753  -24.076  -34.162  58.480 0.0000000000
70773  -27.694  -34.279  57.879 0.0000000000
69543  -28.742  -35.198  58.530 0.0000000000
68318  -29.132  -35.998  58.173 0.0000000000
68330  -29.704  -36.461  57.513 0.0000000000
67113  -31.055  -37.012  56.795 0.0000000000
65832  -32.522  -38.196  56.155 0.0000000000
64573  -34.217  -39.717  54.709 0.0000000000
60870  -35.235  -41.637  52.884 0.0000000000
62086  -36.076  -40.905  53.935 0.0000000000
62116  -36.254  -41.553  52.621 0.0000000000
60916  -37.590  -42.042  50.611 0.0000000000
60955  -38.867  -41.628  49.624 0.0000000000
59755  -39.028  -41.595  48.907 0.0000000000
59764  -39.178  -41.605  48.433 0.0000000000
59757  -39.969  -41.889  48.957 0.0000000000
59765  -39.688  -41.729  48.227 0.0000000000
59791  -39.739  -41.811  46.321 0.0000000000
61008  -39.885  -41.785  45.833 0.0000000000
62256  -40.639  -40.901  44.625 0.0000000000
61031  -41.102  -41.035  45.354 0.0000000000
63463  -41.159  -40.442  44.611 0.0000000000
63486  -41.273  -39.729  44.149 0.0000000000
66027  -41.441  -38.529  43.814 0.0000000000
69801  -42.838  -35.043  42.707 0.0000000000
70973  -43.071  -34.580  42.753 0.0000000000
72179  -43.112  -33.678  42.918 0.0000000000
74583  -42.494  -31.821  45.899 0.0000000000
74604  -43.067  -31.764  45.109 0.0000000000
73436  -42.947  -32.102  42.092 0.0000000000
74674  -43.189  -31.429  41.619 0.0000000000
75937  -43.671  -30.675  41.441 0.0000000000
75921  -44.052  -30.498  42.221 0.0000000000
75953  -43.969  -30.522  40.742 0.0000000000
74693  -43.926  -30.712  40.087 0.0000000000
74716  -44.456  -30.891  39.368 0.0000000000
75888  -46.761  -30.791  44.843 0.0000000000
75906  -46.430  -30.525  43.802 0.0000000000
75923  -46.370  -30.652  42.460 0.0000000000
74659  -47.035  -30.874  42.344 0.0000000000
75970  -45.199  -30.881  39.538 0.0000000000
74780  -44.763  -31.169  36.546 0.0000000000
73533  -45.254  -31.611  37.468 0.0000000000
76044  -45.199  -30.370  34.560 0.0000000000
73515  -48.059  -31.894  39.193 0.0000000000
74737  -47.537  -31.713  38.474 0.0000000000
74758  -46.655  -31.739  37.334 0.0000000000
75994  -47.786  -30.865  37.528 0.0000000000
74783  -46.941  -31.353  36.783 0.0000000000
74804  -46.158  -31.204  35.912 0.0000000000
76026  -45.712  -30.710  35.267 0.0000000000
78772  -45.327  -28.759  33.666 0.0000000000
78760  -46.188  -28.490  34.929 0.0000000000
78759  -45.700  -28.574  34.294 0.0000000000
80111  -45.131  -28.273  33.304 0.0000000000
80093  -44.969  -27.399  33.325 0.0000000000
81277  -44.899  -26.755  33.296 0.0000000000
82472  -45.068  -26.165  33.224 0.0000000000
78706  -51.302  -27.642  38.844 0.0000000000
79974  -50.025  -27.697  38.282 0.0000000000
80000  -49.626  -27.080  37.561 0.0000000000
84923  -52.280  -23.611  38.528 0.0000000000
83599  -52.137  -24.454  38.392 0.0000000000
83616  -51.239  -25.074  37.708 0.0000000000
83615  -50.680  -24.469  37.304 0.0000000000
82400  -50.867  -25.478  37.634 0.0000000000
81208  -49.828  -26.267  37.551 0.0000000000
78736  -48.929  -27.607  37.015 0.0000000000
80025  -48.237  -27.253  36.475 0.0000000000
80073  -47.031  -26.699  35.227 0.0000000000
82443  -47.523  -25.453  35.249 0.0000000000
81260  -47.033  -26.189  35.072 0.0000000000
81259  -46.647  -26.399  34.747 0.0000000000
82456  -45.817  -26.125  34.031 0.0000000000
82473  -45.508  -25.907  33.526 0.0000000000
82489  -44.873  -25.869  32.757 0.0000000000
83726  -45.160  -24.385  31.696 0.0000000000
85040  -44.888  -24.007  31.079 0.0000000000
85025  -45.626  -23.838  31.991 0.0000000000
85041  -45.352  -23.704  31.349 0.0000000000
86517  -45.642  -22.861  30.618 0.0000000000
86533  -45.865  -22.844  29.869 0.0000000000
87817  -48.097  -22.134  34.408 0.0000000000
87835  -47.885  -21.671  33.853 0.0000000000
86491  -47.262  -21.954  32.793 0.0000000000
89065  -47.935  -20.370  33.062 0.0000000000
89063  -46.975  -21.052  32.180 0.0000000000
87861  -46.722  -21.626  31.780 0.0000000000
87873  -46.547  -21.641  30.984 0.0000000000
92736  -53.932  -17.322  31.428 0.0000000000
92734  -52.027  -17.732  31.064 0.0000000000
92721  -51.546  -17.699  31.567 0.0000000000
63271  -21.347  -40.329  56.912 0.0000000000
63270  -20.918  -40.476  56.362 0.0000000000
62075  -20.236  -41.197  55.698 0.0000000000
60896  -18.438  -42.800  51.258 0.0000000000
60897  -18.940  -42.246  51.883 0.0000000000
68404  -23.241  -36.476  53.904 0.0000000000
67175  -23.103  -37.393  54.152 0.0000000000
67174  -22.977  -37.646  53.611 0.0000000000
68438  -22.590  -36.510  51.291 0.0000000000
65935  -21.948  -38.247  49.884 0.0000000000
65919  -21.930  -38.467  50.658 0.0000000000
64623  -21.916  -39.081  51.058 0.0000000000
64622  -21.585  -39.573  51.528 0.0000000000
63362  -20.186  -40.592  50.476 0.0000000000
63425  -19.402  -40.478  45.966 0.0000000000
64588  -30.271  -38.560  53.425 0.0000000000
64608  -30.028  -38.779  52.695 0.0000000000
65896  -29.479  -38.546  52.769 0.0000000000
64607  -29.325  -38.750  52.467 0.0000000000
65907  -28.472  -38.993  52.040 0.0000000000
63390  -29.620  -40.785  49.464 0.0000000000
63366  -28.946  -40.203  50.196 0.0000000000
65938  -25.860  -38.652  49.450 0.0000000000
64681  -25.491  -39.081  48.351 0.0000000000
65960  -25.026  -38.571  48.373 0.0000000000
65977  -24.816  -38.049  46.927 0.0000000000
67314  -24.339  -37.539  45.333 0.0000000000
58659  -27.155  -42.649  43.421 0.0000000000
59814  -27.213  -42.738  43.859 0.0000000000
59824  -26.869  -42.652  43.520 0.0000000000
59813  -26.975  -42.659  44.134 0.0000000000
61023  -26.756  -42.119  44.434 0.0000000000
61022  -26.319  -41.872  44.216 0.0000000000
62248  -26.127  -41.583  44.059 0.0000000000
61054  -25.194  -42.036  41.911 0.0000000000
62268  -25.861  -41.495  43.350 0.0000000000
63456  -26.113  -40.751  44.276 0.0000000000
64727  -25.621  -39.934  43.823 0.0000000000
64726  -24.987  -39.123  44.002 0.0000000000
66010  -24.549  -38.186  44.453 0.0000000000
66009  -24.055  -37.914  43.920 0.0000000000
67331  -23.215  -37.595  43.885 0.0000000000
66019  -22.662  -37.811  43.152 0.0000000000
66036  -22.099  -38.526  42.493 0.0000000000
58642  -28.072  -42.936  43.946 0.0000000000
58650  -27.524  -42.729  43.948 0.0000000000
58651  -27.632  -42.664  43.735 0.0000000000
58658  -27.406  -42.687  43.718 0.0000000000
59711  -34.650  -41.572  51.129 0.0000000000
59722  -33.238  -41.702  50.057 0.0000000000
59723  -33.706  -41.670  50.267 0.0000000000
59725  -34.572  -41.559  50.940 0.0000000000
59726  -38.835  -41.828  50.375 0.0000000000
59739  -33.027  -41.580  50.075 0.0000000000
59741  -34.071  -41.749  49.913 0.0000000000
59742  -38.865  -41.705  50.164 0.0000000000
59753  -33.750  -41.672  49.539 0.0000000000
59774  -28.704  -42.229  45.957 0.0000000000
59775  -28.868  -42.362  45.749 0.0000000000
59800  -27.246  -42.132  44.759 0.0000000000
59802  -28.359  -42.431  44.502 0.0000000000
59825  -27.081  -42.773  43.028 0.0000000000
59833  -22.623  -43.498  41.098 0.0000000000
60898  -33.978  -41.487  51.094 0.0000000000
60899  -34.428  -41.506  51.416 0.0000000000
60911  -33.144  -41.568  50.077 0.0000000000
60913  -34.501  -41.479  50.110 0.0000000000
60928  -34.373  -41.581  49.462 0.0000000000
60929  -34.583  -41.496  49.236 0.0000000000
60930  -36.787  -41.357  49.548 0.0000000000
60948  -30.277  -42.012  47.979 0.0000000000
60949  -33.875  -41.506  48.806 0.0000000000
60966  -28.431  -41.584  46.600 0.0000000000
60984  -28.272  -41.596  46.046 0.0000000000
61001  -27.740  -41.883  45.127 0.0000000000
61003  -28.513  -41.946  45.896 0.0000000000
61006  -38.395  -41.259  45.449 0.0000000000
62131  -32.956  -41.127  51.115 0.0000000000
62166  -34.658  -41.444  49.441 0.0000000000
62197  -28.937  -41.596  47.410 0.0000000000
62214  -27.717  -41.042  46.375 0.0000000000
62237  -38.407  -41.182  45.774 0.0000000000
62249  -26.596  -41.335  44.362 0.0000000000
62300  -23.130  -41.469  40.912 0.0000000000
62307  -35.401  -39.630  41.166 0.0000000000
62321  -35.187  -39.591  41.144 0.0000000000
62335  -34.888  -39.645  40.915 0.0000000000
62336  -35.218  -39.694  40.566 0.0000000000
63262  -21.839  -39.737  57.581 0.0000000000
63457  -26.546  -40.906  44.423 0.0000000000
63479  -35.296  -39.845  43.448 0.0000000000
63511  -22.846  -40.684  41.069 0.0000000000
64528  -21.891  -39.707  57.822 0.0000000000
64529  -22.288  -39.455  57.636 0.0000000000
64531  -23.608  -38.693  58.535 0.0000000000
64569  -31.103  -38.696  54.269 0.0000000000
64624  -28.367  -39.159  51.700 0.0000000000
64680  -24.972  -38.789  48.084 0.0000000000
64696  -26.327  -39.759  47.388 0.0000000000
64750  -35.354  -39.787  43.766 0.0000000000
64767  -24.530  -39.735  42.445 0.0000000000
64810  -36.866  -39.274  40.527 0.0000000000
65796  -24.071  -38.413  59.285 0.0000000000
65820  -31.417  -37.629  56.647 0.0000000000
65834  -34.173  -38.128  55.765 0.0000000000
65862  -22.930  -38.096  54.372 0.0000000000
65883  -30.407  -38.484  53.769 0.0000000000
65959  -24.846  -38.228  47.849 0.0000000000
66011  -31.844  -38.622  43.966 0.0000000000
66021  -24.270  -38.482  43.581 0.0000000000
66024  -32.375  -38.678  43.599 0.0000000000
66039  -31.481  -38.506  42.593 0.0000000000
66040  -31.936  -38.629  42.452 0.0000000000
66050  -32.287  -38.898  41.951 0.0000000000
66052  -37.768  -38.616  40.884 0.0000000000
67093  -24.300  -37.777  59.548 0.0000000000
67325  -23.867  -37.622  44.533 0.0000000000
67326  -24.431  -37.765  44.840 0.0000000000
67327  -42.171  -37.987  44.366 0.0000000000
67332  -23.686  -37.742  43.904 0.0000000000
67336  -42.530  -37.166  43.830 0.0000000000
67365  -37.651  -37.431  39.934 0.0000000000
67393  -35.669  -36.845  37.923 0.0000000000
68406  -27.226  -35.864  53.728 0.0000000000
68527  -23.461  -36.569  47.443 0.0000000000
68549  -23.738  -36.730  46.544 0.0000000000
68621  -37.293  -36.448  39.624 0.0000000000
69653  -23.548  -35.410  51.482 0.0000000000
69655  -25.608  -35.518  51.468 0.0000000000
69665  -23.366  -35.642  50.646 0.0000000000
69842  -37.381  -35.663  39.584 0.0000000000
69851  -37.053  -35.574  39.158 0.0000000000
70850  -24.120  -34.967  51.889 0.0000000000
71993  -25.007  -34.077  54.905 0.0000000000
71994  -25.234  -34.063  55.234 0.0000000000
72137  -42.019  -33.542  44.696 0.0000000000
72211  -38.130  -34.176  40.259 0.0000000000
72216  -47.668  -32.581  40.302 0.0000000000
72217  -47.951  -32.842  40.143 0.0000000000
72218  -48.237  -32.662  39.818 0.0000000000
72231  -37.252  -33.882  39.259 0.0000000000
72233  -38.256  -33.464  39.855 0.0000000000
72236  -48.105  -32.479  39.529 0.0000000000
72253  -47.412  -32.236  39.384 0.0000000000
72254  -47.808  -32.293  39.393 0.0000000000
72255  -48.019  -32.338  39.372 0.0000000000
73362  -41.882  -32.126  45.736 0.0000000000
73380  -41.592  -32.631  45.560 0.0000000000
73463  -48.315  -32.341  40.303 0.0000000000
73464  -48.612  -31.906  40.224 0.0000000000
73488  -48.373  -32.123  39.708 0.0000000000
73489  -48.625  -31.810  39.941 0.0000000000
73511  -45.217  -31.821  37.895 0.0000000000
73536  -46.958  -31.903  38.250 0.0000000000
73552  -45.909  -31.792  36.916 0.0000000000
74679  -49.211  -30.888  41.196 0.0000000000
74680  -49.602  -30.502  41.059 0.0000000000
74694  -46.074  -31.550  39.893 0.0000000000
74696  -48.674  -31.220  40.316 0.0000000000
74718  -48.612  -31.351  39.908 0.0000000000
74730  -40.023  -31.902  38.490 0.0000000000
74757  -45.239  -31.441  37.098 0.0000000000
74759  -47.233  -31.600  37.691 0.0000000000
75943  -49.965  -30.279  41.125 0.0000000000
75956  -46.165  -30.991  40.551 0.0000000000
75957  -48.727  -30.947  40.389 0.0000000000
75958  -49.062  -30.460  40.534 0.0000000000
75959  -49.636  -30.173  40.738 0.0000000000
75960  -49.941  -30.090  40.844 0.0000000000
75969  -45.029  -30.673  39.789 0.0000000000
75982  -49.212  -30.067  38.968 0.0000000000
75993  -43.316  -30.613  37.264 0.0000000000
76010  -37.989  -31.248  36.819 0.0000000000
76013  -46.704  -31.111  36.404 0.0000000000
76024  -39.958  -30.677  35.261 0.0000000000
77213  -50.122  -29.725  41.231 0.0000000000
77214  -50.190  -30.005  40.997 0.0000000000
77223  -50.030  -29.569  40.695 0.0000000000
78669  -50.914  -28.239  39.801 0.0000000000
78683  -49.705  -28.914  39.177 0.0000000000
78719  -48.580  -28.802  37.339 0.0000000000
79976  -51.357  -27.194  38.821 0.0000000000
80050  -46.902  -27.828  35.665 0.0000000000
81172  -51.796  -26.716  39.242 0.0000000000
81209  -50.635  -26.465  37.872 0.0000000000
81326  -43.731  -25.858  29.927 0.0000000000
82378  -51.744  -25.357  38.236 0.0000000000
82401  -51.314  -25.470  37.828 0.0000000000
82444  -48.035  -25.528  35.598 0.0000000000
82521  -43.827  -25.691  30.151 0.0000000000
83597  -51.155  -24.360  37.525 0.0000000000
83713  -45.914  -24.238  32.785 0.0000000000
84921  -51.236  -24.073  37.637 0.0000000000
86344  -52.164  -22.579  39.867 0.0000000000
86417  -49.281  -23.119  36.262 0.0000000000
86448  -47.212  -22.987  34.148 0.0000000000
86504  -45.700  -23.013  31.227 0.0000000000
87847  -47.068  -21.697  32.442 0.0000000000
87848  -47.332  -21.373  32.972 0.0000000000
90261  -48.897  -20.024  34.124 0.0000000000
92748  -55.106  -17.199  31.176 0.0000000000
93955  -56.152  -16.706  33.618 0.0000000000
93956  -56.432  -16.435  33.878 0.0000000000
95204  -55.356  -15.374  30.487 0.0000000000
