#!ascii label  , from subject HYGLY28_VISIT_2 vox2ras=TkReg
1370
59596  -7.638  -41.631  60.694 0.0000000000
72187  -28.826  -33.216  42.228 0.0000000000
81148  -28.218  -26.552  41.063 0.0000000000
78433  -24.990  -26.831  52.296 0.0000000000
92711  -34.802  -18.226  31.930 0.0000000000
87827  -30.473  -21.513  33.975 0.0000000000
72045  -32.087  -32.093  49.989 0.0000000000
75823  -27.181  -30.220  47.213 0.0000000000
96328  -41.674  -14.377  35.573 0.0000000000
96428  -44.443  -14.242  29.752 0.0000000000
103786  -46.027  -8.562  30.360 0.0000000000
87645  -31.209  -21.497  44.547 0.0000000000
86369  -27.516  -22.807  38.268 0.0000000000
86338  -33.022  -21.655  40.228 0.0000000000
83651  -36.408  -22.523  35.568 0.0000000000
74463  -16.467  -30.822  52.475 0.0000000000
59535  -5.889  -41.888  64.895 0.0000000000
74711  -30.161  -30.718  40.619 0.0000000000
82234  -30.592  -25.169  48.004 0.0000000000
79752  -18.358  -27.363  49.172 0.0000000000
79817  -23.249  -27.161  45.109 0.0000000000
104952  -41.673  -8.075  24.501 0.0000000000
109271  -48.926  -4.098  29.273 0.0000000000
85035  -33.137  -22.429  31.325 0.0000000000
90275  -39.030  -19.590  35.114 0.0000000000
63276  -8.722  -39.970  54.876 0.0000000000
56177  -3.151  -46.574  63.060 0.0000000000
97588  -42.982  -13.435  32.593 0.0000000000
86313  -31.611  -21.771  42.220 0.0000000000
70856  -16.023  -33.741  50.276 0.0000000000
59563  -6.666  -41.846  63.075 0.0000000000
74725  -28.856  -31.647  38.562 0.0000000000
73429  -29.877  -31.948  41.503 0.0000000000
78459  -21.911  -26.446  50.183 0.0000000000
79776  -21.205  -26.634  47.392 0.0000000000
78499  -24.007  -27.148  48.185 0.0000000000
73388  -26.962  -32.212  44.444 0.0000000000
74637  -25.750  -30.950  43.118 0.0000000000
73447  -26.467  -32.158  40.862 0.0000000000
78402  -23.526  -26.329  54.429 0.0000000000
78442  -20.259  -26.606  51.682 0.0000000000
95265  -40.579  -14.377  27.513 0.0000000000
101434  -40.404  -10.336  25.284 0.0000000000
106018  -47.185  -6.478  29.931 0.0000000000
87787  -28.603  -21.699  35.815 0.0000000000
86481  -32.498  -22.338  32.506 0.0000000000
86465  -37.924  -21.934  33.860 0.0000000000
68399  -12.449  -35.965  53.187 0.0000000000
65839  -11.479  -37.404  55.139 0.0000000000
64535  -10.484  -38.679  56.401 0.0000000000
64581  -10.032  -39.144  52.936 0.0000000000
56197  -3.698  -46.323  61.047 0.0000000000
72130  -30.058  -32.229  45.616 0.0000000000
73392  -32.370  -31.202  45.147 0.0000000000
74548  -33.363  -30.692  49.002 0.0000000000
78406  -27.848  -26.981  54.290 0.0000000000
78464  -26.570  -28.312  50.529 0.0000000000
77046  -29.100  -28.614  50.716 0.0000000000
74546  -29.621  -31.210  48.608 0.0000000000
95146  -38.328  -15.943  34.018 0.0000000000
96361  -39.570  -13.462  32.857 0.0000000000
95215  -41.830  -14.562  29.508 0.0000000000
97649  -42.247  -13.324  28.180 0.0000000000
101405  -42.223  -10.741  28.087 0.0000000000
98862  -45.439  -11.841  29.951 0.0000000000
84851  -28.768  -23.829  43.187 0.0000000000
83573  -27.481  -24.768  39.885 0.0000000000
86322  -29.231  -22.478  41.466 0.0000000000
86371  -29.851  -21.729  39.411 0.0000000000
87744  -32.166  -20.716  37.588 0.0000000000
87792  -33.263  -21.470  35.160 0.0000000000
86377  -35.609  -21.523  38.295 0.0000000000
72001  -16.122  -32.782  53.469 0.0000000000
69648  -14.004  -34.932  51.228 0.0000000000
107152  -47.217  -4.742  22.610 0.0000000000
59521  -5.601  -42.582  65.545 0.0000000000
74727  -30.015  -31.180  38.424 0.0000000000
78641  -29.399  -29.025  41.451 0.0000000000
79839  -32.231  -29.032  45.109 0.0000000000
79837  -30.894  -28.099  44.733 0.0000000000
82269  -29.826  -25.593  44.561 0.0000000000
84784  -30.612  -22.961  47.030 0.0000000000
77123  -25.040  -28.570  46.006 0.0000000000
77010  -18.946  -27.156  54.265 0.0000000000
77054  -16.847  -28.187  50.368 0.0000000000
103805  -43.326  -8.297  27.353 0.0000000000
106047  -44.961  -6.218  26.217 0.0000000000
107144  -46.140  -5.049  24.099 0.0000000000
109297  -48.951  -2.855  26.884 0.0000000000
59622  -5.904  -43.085  57.036 0.0000000000
58462  -5.572  -43.546  59.280 0.0000000000
87869  -34.408  -21.255  30.918 0.0000000000
84998  -34.614  -22.450  33.233 0.0000000000
86500  -35.349  -21.858  32.281 0.0000000000
90272  -36.831  -19.306  33.256 0.0000000000
92668  -39.896  -17.068  35.937 0.0000000000
60830  -8.117  -40.543  58.122 0.0000000000
58430  -4.615  -43.288  62.224 0.0000000000
58401  -4.315  -43.814  63.560 0.0000000000
58399  -2.981  -44.200  64.264 0.0000000000
59576  -7.641  -41.694  61.673 0.0000000000
73449  -28.310  -31.976  40.415 0.0000000000
73428  -29.300  -32.420  41.225 0.0000000000
78444  -22.954  -26.649  51.336 0.0000000000
78478  -22.830  -26.754  49.012 0.0000000000
78461  -24.670  -27.247  50.350 0.0000000000
73404  -27.894  -33.162  43.087 0.0000000000
73414  -26.568  -32.307  42.977 0.0000000000
73426  -27.382  -32.401  41.634 0.0000000000
73448  -27.312  -32.104  40.576 0.0000000000
78404  -25.447  -27.073  54.257 0.0000000000
79681  -25.485  -26.602  55.428 0.0000000000
78418  -24.722  -26.741  53.319 0.0000000000
78431  -22.645  -26.491  52.439 0.0000000000
100130  -40.339  -11.192  25.900 0.0000000000
78672  -28.351  -28.449  39.832 0.0000000000
79934  -27.661  -27.836  39.562 0.0000000000
87809  -29.384  -21.470  34.949 0.0000000000
86457  -29.649  -22.146  33.453 0.0000000000
86459  -31.388  -21.901  33.150 0.0000000000
67183  -12.155  -37.252  52.294 0.0000000000
67170  -11.985  -36.166  54.068 0.0000000000
65874  -11.382  -37.557  53.129 0.0000000000
64564  -10.775  -38.150  54.037 0.0000000000
64601  -10.731  -39.455  51.844 0.0000000000
72092  -31.465  -32.119  47.327 0.0000000000
73338  -32.561  -31.656  47.149 0.0000000000
73309  -32.891  -31.056  49.841 0.0000000000
78407  -28.753  -27.484  53.965 0.0000000000
77024  -28.660  -27.649  52.898 0.0000000000
77025  -29.431  -27.796  53.205 0.0000000000
73259  -31.914  -30.886  51.307 0.0000000000
74490  -30.890  -30.472  50.466 0.0000000000
73308  -30.778  -31.682  48.990 0.0000000000
72090  -30.116  -32.065  47.272 0.0000000000
96335  -39.663  -15.195  34.557 0.0000000000
95157  -38.970  -14.385  33.480 0.0000000000
96345  -40.400  -13.533  33.779 0.0000000000
96381  -43.769  -14.031  31.334 0.0000000000
96380  -42.635  -14.177  31.039 0.0000000000
95216  -42.706  -14.832  29.199 0.0000000000
96445  -41.774  -14.194  28.576 0.0000000000
96461  -43.392  -14.360  27.915 0.0000000000
98875  -43.720  -12.344  28.533 0.0000000000
97637  -44.776  -13.016  29.567 0.0000000000
86282  -29.460  -22.760  44.099 0.0000000000
86296  -28.751  -22.966  42.675 0.0000000000
86312  -29.920  -22.210  42.833 0.0000000000
84852  -33.113  -21.791  41.766 0.0000000000
86336  -31.219  -21.838  40.666 0.0000000000
86351  -31.486  -21.650  39.771 0.0000000000
87721  -30.642  -21.234  38.399 0.0000000000
87705  -32.617  -21.266  39.292 0.0000000000
88971  -33.449  -20.509  38.297 0.0000000000
86354  -34.235  -21.401  39.570 0.0000000000
77020  -17.010  -29.357  53.861 0.0000000000
75704  -16.862  -30.236  55.106 0.0000000000
73241  -16.570  -31.955  53.031 0.0000000000
69662  -15.150  -34.694  50.203 0.0000000000
109313  -48.636  -3.333  24.286 0.0000000000
109325  -49.380  -3.718  22.535 0.0000000000
59522  -5.996  -42.260  65.343 0.0000000000
73501  -29.743  -31.620  39.029 0.0000000000
74726  -29.466  -31.506  38.421 0.0000000000
74710  -30.142  -30.871  39.572 0.0000000000
77228  -29.866  -30.295  39.926 0.0000000000
77208  -29.921  -29.840  41.698 0.0000000000
77126  -33.085  -30.221  46.658 0.0000000000
75883  -32.785  -30.512  44.897 0.0000000000
78539  -32.585  -29.200  46.467 0.0000000000
81045  -31.384  -26.189  49.221 0.0000000000
79799  -31.985  -27.415  47.033 0.0000000000
81072  -31.497  -26.663  46.740 0.0000000000
81097  -30.074  -26.552  44.322 0.0000000000
82258  -30.197  -25.556  46.277 0.0000000000
83496  -30.007  -24.244  45.864 0.0000000000
83466  -30.673  -24.077  47.955 0.0000000000
79797  -22.404  -26.648  46.048 0.0000000000
77074  -27.210  -28.983  49.355 0.0000000000
77094  -25.481  -28.307  47.961 0.0000000000
77125  -26.615  -29.475  46.840 0.0000000000
77189  -24.826  -29.875  42.912 0.0000000000
79679  -21.385  -26.459  55.511 0.0000000000
78475  -18.982  -27.057  50.224 0.0000000000
78456  -18.074  -27.299  50.938 0.0000000000
77072  -17.091  -28.585  49.316 0.0000000000
75781  -17.028  -29.843  49.018 0.0000000000
102624  -44.826  -9.581  29.174 0.0000000000
102633  -43.324  -9.301  27.871 0.0000000000
103797  -44.946  -8.663  29.014 0.0000000000
107119  -48.124  -5.206  29.961 0.0000000000
106030  -46.126  -6.122  28.270 0.0000000000
107130  -46.892  -5.063  27.306 0.0000000000
107134  -46.123  -5.305  25.927 0.0000000000
108199  -47.318  -4.526  26.465 0.0000000000
109304  -47.805  -3.804  25.689 0.0000000000
109279  -49.265  -3.235  28.365 0.0000000000
84894  -27.588  -23.907  39.407 0.0000000000
82364  -26.454  -25.685  38.189 0.0000000000
86526  -33.579  -22.778  29.823 0.0000000000
86513  -33.627  -22.273  30.508 0.0000000000
86410  -34.599  -21.696  35.705 0.0000000000
86443  -34.293  -21.882  34.089 0.0000000000
84979  -35.568  -22.320  34.619 0.0000000000
87844  -38.429  -20.723  33.553 0.0000000000
86485  -36.361  -22.033  32.720 0.0000000000
89058  -37.524  -20.634  32.649 0.0000000000
89057  -36.791  -20.342  32.536 0.0000000000
90274  -38.304  -19.465  34.300 0.0000000000
92681  -39.224  -17.462  35.115 0.0000000000
91468  -39.728  -18.365  35.436 0.0000000000
63278  -9.835  -39.506  56.182 0.0000000000
62070  -9.456  -39.881  56.730 0.0000000000
62043  -8.944  -39.912  58.129 0.0000000000
62055  -8.374  -40.483  57.066 0.0000000000
62053  -7.149  -41.462  56.216 0.0000000000
62067  -7.594  -40.999  55.488 0.0000000000
58460  -4.432  -44.946  59.102 0.0000000000
58441  -5.150  -43.454  61.031 0.0000000000
57314  -3.969  -44.967  60.309 0.0000000000
55030  -3.461  -47.155  61.914 0.0000000000
57296  -3.511  -45.083  62.534 0.0000000000
57295  -3.368  -45.652  63.206 0.0000000000
58400  -3.585  -44.026  63.839 0.0000000000
57294  -2.971  -45.956  63.385 0.0000000000
77013  -31.346  -28.943  54.306 0.0000000000
96319  -42.516  -14.201  36.532 0.0000000000
97555  -42.105  -13.464  34.792 0.0000000000
97557  -43.753  -13.037  35.068 0.0000000000
87662  -31.376  -21.656  43.593 0.0000000000
73269  -17.080  -32.330  50.575 0.0000000000
72024  -16.298  -32.813  51.018 0.0000000000
60741  -8.271  -40.901  64.905 0.0000000000
59548  -6.342  -41.471  63.848 0.0000000000
73474  -28.396  -31.721  39.198 0.0000000000
73475  -29.431  -31.604  39.544 0.0000000000
73452  -30.258  -31.070  40.755 0.0000000000
84769  -31.966  -23.703  49.725 0.0000000000
79736  -20.046  -27.183  49.802 0.0000000000
79774  -19.270  -27.060  48.020 0.0000000000
79755  -21.088  -26.695  48.366 0.0000000000
79756  -22.047  -26.679  48.088 0.0000000000
78519  -23.136  -26.725  46.678 0.0000000000
74577  -27.472  -30.666  45.644 0.0000000000
75861  -26.846  -30.281  45.282 0.0000000000
74638  -26.106  -31.357  43.464 0.0000000000
74653  -26.053  -31.593  42.304 0.0000000000
73472  -26.122  -32.189  39.625 0.0000000000
78383  -23.514  -26.320  55.498 0.0000000000
78415  -21.121  -26.489  53.760 0.0000000000
78416  -22.429  -26.238  53.530 0.0000000000
78443  -21.610  -26.306  51.460 0.0000000000
95233  -39.185  -14.628  28.127 0.0000000000
103823  -40.754  -8.801  25.259 0.0000000000
103765  -47.801  -7.991  31.368 0.0000000000
104897  -46.933  -7.527  30.482 0.0000000000
87740  -27.924  -21.634  37.437 0.0000000000
85033  -31.927  -23.589  31.492 0.0000000000
85017  -32.560  -23.017  32.038 0.0000000000
83652  -37.074  -22.806  36.062 0.0000000000
83672  -36.817  -22.568  34.884 0.0000000000
85003  -38.383  -22.182  34.689 0.0000000000
69607  -14.144  -34.325  54.377 0.0000000000
68381  -12.953  -34.833  54.658 0.0000000000
67107  -12.326  -35.996  56.975 0.0000000000
65838  -10.896  -38.003  55.565 0.0000000000
64546  -10.423  -38.633  55.275 0.0000000000
63291  -9.147  -39.785  54.362 0.0000000000
63289  -8.356  -40.989  53.915 0.0000000000
62091  -9.428  -41.487  52.691 0.0000000000
72160  -29.379  -32.951  43.846 0.0000000000
72173  -30.292  -33.005  42.620 0.0000000000
72149  -30.594  -31.903  44.775 0.0000000000
73359  -33.063  -31.488  46.719 0.0000000000
79709  -26.329  -27.027  53.768 0.0000000000
78446  -25.259  -27.194  51.289 0.0000000000
78435  -27.216  -27.290  51.876 0.0000000000
77045  -28.221  -28.764  51.079 0.0000000000
77075  -27.829  -29.578  49.429 0.0000000000
75735  -30.716  -29.517  51.810 0.0000000000
75768  -29.293  -29.677  49.825 0.0000000000
74544  -28.256  -30.753  47.863 0.0000000000
73356  -28.952  -31.457  46.045 0.0000000000
72146  -28.398  -32.850  45.015 0.0000000000
79683  -26.865  -26.814  55.207 0.0000000000
92713  -36.183  -17.194  33.310 0.0000000000
93971  -35.357  -16.620  31.996 0.0000000000
95155  -37.243  -15.261  32.984 0.0000000000
96359  -37.809  -14.323  32.454 0.0000000000
96400  -39.402  -14.079  30.842 0.0000000000
96346  -41.460  -13.259  33.289 0.0000000000
96402  -40.949  -13.593  30.971 0.0000000000
96444  -39.931  -14.519  29.535 0.0000000000
95251  -40.943  -14.458  28.193 0.0000000000
96459  -41.304  -13.864  27.879 0.0000000000
97648  -41.350  -12.990  27.555 0.0000000000
100114  -40.870  -11.434  27.370 0.0000000000
98873  -42.375  -11.854  28.073 0.0000000000
100101  -44.150  -11.286  28.985 0.0000000000
101393  -45.548  -10.542  30.012 0.0000000000
98863  -46.232  -12.549  30.770 0.0000000000
102600  -47.169  -9.552  30.914 0.0000000000
82293  -28.658  -25.302  42.475 0.0000000000
82327  -27.999  -25.821  40.529 0.0000000000
83544  -28.367  -24.676  41.939 0.0000000000
84877  -28.045  -23.559  40.705 0.0000000000
86348  -28.391  -22.443  39.734 0.0000000000
87686  -30.619  -21.847  42.051 0.0000000000
86335  -30.024  -22.081  40.848 0.0000000000
87702  -28.783  -21.765  39.172 0.0000000000
87720  -29.526  -21.483  38.615 0.0000000000
88987  -30.385  -20.705  36.957 0.0000000000
87790  -31.120  -20.523  35.738 0.0000000000
87811  -31.311  -21.038  34.610 0.0000000000
87768  -32.207  -20.594  36.470 0.0000000000
87746  -33.985  -20.916  37.104 0.0000000000
86393  -36.025  -21.802  37.130 0.0000000000
84915  -36.705  -21.955  38.737 0.0000000000
83606  -37.118  -22.841  37.203 0.0000000000
70823  -15.681  -33.370  54.004 0.0000000000
70846  -15.745  -33.452  51.466 0.0000000000
70834  -15.418  -34.057  51.853 0.0000000000
69637  -15.005  -34.325  52.795 0.0000000000
69635  -13.735  -35.370  51.874 0.0000000000
78658  -28.889  -29.220  40.418 0.0000000000
79896  -28.699  -27.770  41.797 0.0000000000
73417  -30.990  -31.730  43.088 0.0000000000
73431  -31.312  -31.053  42.397 0.0000000000
77191  -31.727  -29.749  42.893 0.0000000000
79838  -31.726  -28.503  45.138 0.0000000000
78620  -30.794  -29.222  43.048 0.0000000000
81112  -30.148  -27.785  43.534 0.0000000000
81111  -29.960  -26.855  43.392 0.0000000000
82310  -29.569  -26.042  42.467 0.0000000000
83519  -29.654  -25.009  43.870 0.0000000000
84826  -29.796  -23.563  44.938 0.0000000000
86236  -30.488  -22.241  45.841 0.0000000000
86201  -31.876  -22.532  48.325 0.0000000000
86219  -31.372  -22.374  47.291 0.0000000000
78480  -25.349  -27.467  49.581 0.0000000000
78521  -24.763  -27.719  47.504 0.0000000000
78559  -24.342  -27.846  45.362 0.0000000000
77154  -25.464  -29.395  44.547 0.0000000000
77153  -24.760  -28.966  44.110 0.0000000000
77009  -18.343  -27.831  54.871 0.0000000000
77033  -17.496  -28.364  52.776 0.0000000000
77035  -18.903  -27.018  52.906 0.0000000000
78427  -18.094  -27.592  52.557 0.0000000000
75745  -16.585  -29.449  50.968 0.0000000000
74504  -16.870  -30.544  49.800 0.0000000000
101427  -41.298  -9.905  26.993 0.0000000000
102642  -41.461  -9.156  26.597 0.0000000000
104937  -42.404  -7.665  26.105 0.0000000000
104921  -45.238  -7.507  28.601 0.0000000000
106037  -44.421  -6.993  26.591 0.0000000000
106045  -43.392  -6.911  25.509 0.0000000000
106064  -43.898  -6.380  23.863 0.0000000000
107142  -44.601  -6.022  23.169 0.0000000000
107150  -45.393  -5.750  22.470 0.0000000000
108210  -46.881  -4.548  23.842 0.0000000000
109312  -48.081  -3.624  24.837 0.0000000000
59612  -6.292  -42.614  58.728 0.0000000000
58454  -6.203  -42.628  59.844 0.0000000000
58470  -5.675  -43.557  58.304 0.0000000000
81163  -26.830  -26.755  39.420 0.0000000000
89078  -34.581  -20.567  30.539 0.0000000000
86460  -32.439  -21.669  33.393 0.0000000000
86482  -33.318  -22.274  32.520 0.0000000000
86483  -33.778  -22.371  32.590 0.0000000000
83691  -35.873  -22.481  33.583 0.0000000000
85020  -35.331  -22.423  32.812 0.0000000000
85036  -34.266  -22.255  31.965 0.0000000000
87855  -34.891  -21.430  31.579 0.0000000000
90296  -35.504  -19.988  31.972 0.0000000000
91504  -35.348  -18.672  32.474 0.0000000000
92696  -37.369  -17.727  33.949 0.0000000000
93936  -39.051  -16.631  35.140 0.0000000000
95125  -40.919  -15.609  36.050 0.0000000000
60792  -8.657  -41.173  60.869 0.0000000000
60817  -8.924  -40.139  59.297 0.0000000000
59614  -7.402  -41.464  59.604 0.0000000000
60829  -7.223  -41.224  57.786 0.0000000000
60838  -6.223  -42.687  56.028 0.0000000000
59584  -6.134  -42.468  61.249 0.0000000000
59574  -6.034  -42.233  62.424 0.0000000000
59561  -5.438  -42.785  63.624 0.0000000000
58429  -3.793  -44.228  61.569 0.0000000000
58415  -4.113  -44.012  62.725 0.0000000000
59546  -5.441  -42.730  64.255 0.0000000000
58389  -4.492  -43.450  64.359 0.0000000000
59533  -4.690  -42.853  65.098 0.0000000000
55020  -2.687  -47.204  63.068 0.0000000000
56166  -2.216  -45.712  63.902 0.0000000000
60791  -8.188  -41.551  61.161 0.0000000000
59586  -7.766  -41.689  61.252 0.0000000000
73427  -28.415  -32.581  41.477 0.0000000000
72188  -29.496  -33.227  41.835 0.0000000000
78445  -24.195  -26.930  51.308 0.0000000000
78460  -23.443  -27.006  50.265 0.0000000000
73416  -28.040  -33.015  42.283 0.0000000000
73415  -27.281  -32.712  42.585 0.0000000000
78432  -23.874  -26.618  52.336 0.0000000000
98901  -40.425  -12.018  26.454 0.0000000000
79914  -28.094  -27.605  40.675 0.0000000000
87810  -30.342  -21.080  34.821 0.0000000000
87826  -29.764  -21.651  34.233 0.0000000000
86458  -30.552  -21.965  33.245 0.0000000000
86479  -30.658  -22.509  32.670 0.0000000000
87828  -31.314  -21.486  33.764 0.0000000000
65889  -11.687  -37.990  51.967 0.0000000000
64582  -10.904  -38.431  52.498 0.0000000000
72060  -32.119  -32.299  49.171 0.0000000000
72074  -32.398  -32.002  48.631 0.0000000000
72061  -32.526  -31.862  49.594 0.0000000000
77011  -29.481  -27.946  54.714 0.0000000000
77012  -30.360  -28.351  54.350 0.0000000000
73275  -32.142  -31.384  51.162 0.0000000000
73274  -31.768  -31.229  50.536 0.0000000000
72044  -31.707  -32.070  49.588 0.0000000000
72058  -31.072  -31.860  48.534 0.0000000000
76998  -29.333  -28.319  55.733 0.0000000000
95138  -40.872  -14.860  35.140 0.0000000000
96336  -40.290  -14.576  34.558 0.0000000000
96337  -41.205  -13.833  34.476 0.0000000000
96427  -43.945  -14.553  29.644 0.0000000000
95195  -43.059  -15.060  29.878 0.0000000000
95217  -43.594  -14.782  29.399 0.0000000000
95236  -42.910  -14.733  28.421 0.0000000000
96462  -43.984  -14.534  27.944 0.0000000000
97651  -43.899  -13.884  27.953 0.0000000000
96447  -44.326  -13.987  28.814 0.0000000000
87621  -30.489  -21.776  45.056 0.0000000000
86298  -29.892  -22.193  43.687 0.0000000000
87644  -30.536  -21.780  44.110 0.0000000000
84865  -33.039  -21.673  41.032 0.0000000000
86337  -32.351  -21.711  40.492 0.0000000000
87704  -32.055  -21.240  39.223 0.0000000000
86352  -32.564  -21.500  39.775 0.0000000000
86374  -33.034  -21.323  39.380 0.0000000000
86353  -33.463  -21.546  39.814 0.0000000000
74462  -16.474  -30.288  52.898 0.0000000000
74445  -16.439  -30.422  53.216 0.0000000000
110393  -49.817  -2.584  24.908 0.0000000000
109320  -49.017  -3.482  23.335 0.0000000000
109314  -49.605  -2.944  24.103 0.0000000000
60739  -7.076  -41.721  65.144 0.0000000000
60738  -6.595  -41.968  65.461 0.0000000000
73477  -30.063  -30.973  40.066 0.0000000000
73502  -29.965  -31.544  38.818 0.0000000000
75967  -29.989  -30.436  40.631 0.0000000000
77229  -29.873  -30.226  40.556 0.0000000000
77219  -30.085  -30.364  41.266 0.0000000000
78540  -32.847  -29.629  47.051 0.0000000000
79801  -32.672  -29.062  47.394 0.0000000000
81058  -31.340  -26.078  48.318 0.0000000000
81071  -31.100  -26.044  47.242 0.0000000000
81076  -30.588  -26.266  46.112 0.0000000000
82245  -30.490  -25.381  46.848 0.0000000000
78497  -17.707  -27.907  48.756 0.0000000000
78518  -17.917  -28.135  47.728 0.0000000000
77096  -27.362  -29.109  48.424 0.0000000000
77113  -27.082  -29.109  47.604 0.0000000000
79734  -18.319  -27.280  49.519 0.0000000000
78474  -17.876  -27.433  49.722 0.0000000000
77093  -17.243  -28.957  48.262 0.0000000000
104963  -42.879  -7.408  23.700 0.0000000000
102609  -45.387  -9.333  29.763 0.0000000000
102623  -44.235  -9.339  28.566 0.0000000000
108189  -48.266  -4.559  29.375 0.0000000000
108192  -47.525  -4.816  28.537 0.0000000000
108195  -47.489  -4.668  27.615 0.0000000000
108193  -48.037  -4.184  28.226 0.0000000000
109286  -48.562  -3.565  27.770 0.0000000000
109278  -48.746  -3.843  28.760 0.0000000000
84913  -27.754  -23.011  39.126 0.0000000000
84912  -27.307  -23.697  38.494 0.0000000000
84930  -27.125  -23.407  37.718 0.0000000000
85050  -32.626  -23.486  30.653 0.0000000000
84966  -35.665  -22.305  35.498 0.0000000000
86428  -35.005  -22.073  34.875 0.0000000000
89050  -38.625  -20.326  34.262 0.0000000000
89060  -38.442  -20.399  33.459 0.0000000000
90286  -37.973  -20.028  32.847 0.0000000000
91490  -39.337  -18.925  35.253 0.0000000000
63277  -9.150  -39.794  55.370 0.0000000000
62069  -9.115  -40.065  56.343 0.0000000000
62056  -9.122  -40.131  57.189 0.0000000000
62068  -8.372  -40.357  55.614 0.0000000000
58439  -4.158  -44.885  60.148 0.0000000000
56187  -3.355  -46.776  62.413 0.0000000000
56178  -3.520  -46.119  62.712 0.0000000000
86284  -32.564  -21.700  44.453 0.0000000000
72036  -16.416  -32.991  49.931 0.0000000000
60761  -7.804  -41.173  63.355 0.0000000000
61962  -8.208  -40.743  64.306 0.0000000000
60760  -7.072  -41.213  63.621 0.0000000000
60749  -7.068  -41.358  64.493 0.0000000000
73473  -27.233  -31.962  39.384 0.0000000000
73450  -29.240  -31.872  40.412 0.0000000000
73451  -29.941  -31.471  40.641 0.0000000000
79727  -20.740  -26.576  50.007 0.0000000000
79754  -20.129  -26.841  48.722 0.0000000000
79737  -21.090  -26.633  49.347 0.0000000000
78498  -23.067  -26.782  47.702 0.0000000000
74620  -27.233  -31.682  44.871 0.0000000000
74598  -26.980  -31.164  45.062 0.0000000000
73402  -26.757  -32.276  44.001 0.0000000000
73425  -26.642  -32.112  41.930 0.0000000000
74668  -25.862  -31.701  41.242 0.0000000000
78384  -24.628  -26.609  55.266 0.0000000000
79666  -25.423  -26.455  55.942 0.0000000000
78458  -20.467  -26.574  50.555 0.0000000000
95250  -40.053  -14.614  27.712 0.0000000000
87764  -28.175  -21.703  36.604 0.0000000000
86409  -27.660  -22.233  36.393 0.0000000000
86480  -31.540  -22.478  32.570 0.0000000000
85016  -31.662  -23.367  32.031 0.0000000000
83675  -38.633  -22.732  35.887 0.0000000000
84980  -37.970  -22.476  34.799 0.0000000000
87815  -40.745  -20.559  35.823 0.0000000000
68400  -13.033  -34.914  53.467 0.0000000000
68401  -13.575  -34.538  54.203 0.0000000000
67155  -11.806  -36.811  54.394 0.0000000000
67156  -12.234  -36.287  54.709 0.0000000000
67137  -12.109  -36.712  55.077 0.0000000000
65826  -11.846  -36.781  56.006 0.0000000000
64563  -9.985  -38.838  54.181 0.0000000000
63292  -9.720  -39.358  54.864 0.0000000000
63308  -9.577  -39.405  53.861 0.0000000000
63307  -9.474  -40.262  53.143 0.0000000000
72161  -30.130  -32.611  43.700 0.0000000000
72131  -30.783  -32.063  45.657 0.0000000000
73339  -33.096  -31.380  47.755 0.0000000000
74562  -33.437  -30.784  48.396 0.0000000000
78420  -26.904  -26.861  53.325 0.0000000000
78421  -27.995  -27.591  53.039 0.0000000000
77038  -29.575  -28.478  51.683 0.0000000000
77037  -28.430  -27.823  52.092 0.0000000000
77057  -27.941  -28.977  49.945 0.0000000000
75750  -28.738  -29.105  50.204 0.0000000000
77027  -31.419  -29.328  53.290 0.0000000000
77026  -30.635  -28.675  52.848 0.0000000000
74509  -30.445  -30.950  49.900 0.0000000000
75769  -30.152  -30.107  50.160 0.0000000000
74508  -29.688  -30.431  49.538 0.0000000000
75787  -28.919  -29.878  49.160 0.0000000000
74545  -29.153  -30.916  48.031 0.0000000000
74560  -28.787  -31.068  47.168 0.0000000000
73321  -29.311  -31.408  47.516 0.0000000000
72113  -30.188  -32.170  46.414 0.0000000000
72129  -29.467  -32.376  45.534 0.0000000000
72147  -29.365  -33.027  44.874 0.0000000000
72159  -28.379  -33.200  44.009 0.0000000000
79698  -27.287  -26.762  54.368 0.0000000000
79697  -26.733  -26.840  54.276 0.0000000000
93962  -37.763  -16.335  33.614 0.0000000000
93961  -36.750  -16.266  33.237 0.0000000000
96360  -38.674  -13.917  32.760 0.0000000000
97586  -39.078  -13.555  32.590 0.0000000000
96376  -38.647  -13.824  31.748 0.0000000000
96377  -39.538  -13.628  31.754 0.0000000000
97563  -42.073  -13.216  33.821 0.0000000000
97572  -42.320  -13.275  32.904 0.0000000000
95173  -41.930  -14.045  30.701 0.0000000000
96379  -41.549  -13.521  31.196 0.0000000000
95193  -41.359  -14.085  30.448 0.0000000000
96424  -40.083  -14.302  30.179 0.0000000000
95214  -40.795  -14.469  29.672 0.0000000000
95234  -40.221  -14.525  28.742 0.0000000000
95235  -41.301  -14.555  28.932 0.0000000000
98890  -42.079  -12.297  27.996 0.0000000000
98876  -44.879  -12.117  29.256 0.0000000000
100102  -45.017  -11.075  29.512 0.0000000000
100086  -45.510  -11.311  30.039 0.0000000000
101395  -46.451  -10.351  30.903 0.0000000000
83531  -28.553  -24.638  42.604 0.0000000000
84850  -28.604  -23.844  42.546 0.0000000000
86311  -29.258  -22.500  42.358 0.0000000000
86310  -28.654  -22.991  41.969 0.0000000000
86321  -28.511  -22.941  41.144 0.0000000000
86333  -28.265  -22.834  40.468 0.0000000000
86334  -28.958  -22.448  40.584 0.0000000000
86299  -31.834  -21.857  42.903 0.0000000000
87677  -31.154  -21.749  42.775 0.0000000000
86350  -30.439  -21.970  39.927 0.0000000000
86349  -29.415  -22.080  39.827 0.0000000000
87703  -29.381  -21.710  39.288 0.0000000000
87719  -28.363  -21.579  38.309 0.0000000000
87743  -30.973  -20.751  37.532 0.0000000000
89006  -30.497  -20.604  36.350 0.0000000000
87767  -31.368  -20.535  36.765 0.0000000000
88972  -34.032  -20.506  38.095 0.0000000000
88991  -34.101  -20.668  37.734 0.0000000000
87725  -34.607  -21.019  37.909 0.0000000000
87747  -34.906  -21.454  36.858 0.0000000000
87726  -35.320  -21.468  37.561 0.0000000000
84916  -37.243  -22.639  37.916 0.0000000000
83627  -37.785  -23.067  36.730 0.0000000000
74432  -16.351  -30.944  54.716 0.0000000000
73228  -16.230  -31.975  54.328 0.0000000000
71990  -16.099  -32.875  54.462 0.0000000000
69649  -14.847  -34.559  51.350 0.0000000000
69636  -14.279  -34.815  52.243 0.0000000000
59520  -5.178  -42.607  65.717 0.0000000000
74746  -29.327  -31.649  37.426 0.0000000000
75978  -30.035  -30.570  39.069 0.0000000000
78659  -29.337  -29.621  40.770 0.0000000000
77217  -29.386  -29.975  40.345 0.0000000000
78640  -28.672  -28.539  41.158 0.0000000000
72162  -30.602  -32.043  43.671 0.0000000000
72174  -30.688  -32.394  42.367 0.0000000000
73406  -31.411  -31.237  44.080 0.0000000000
77155  -32.651  -29.958  44.856 0.0000000000
74655  -31.750  -30.338  43.710 0.0000000000
77172  -31.832  -29.869  44.102 0.0000000000
75916  -31.918  -30.265  42.881 0.0000000000
78600  -31.797  -29.665  44.209 0.0000000000
81077  -31.441  -27.164  46.030 0.0000000000
79819  -32.124  -27.861  45.957 0.0000000000
81084  -31.363  -27.777  45.435 0.0000000000
79859  -31.267  -28.817  44.277 0.0000000000
79858  -30.635  -28.460  43.816 0.0000000000
79877  -30.239  -28.439  43.169 0.0000000000
81098  -30.354  -27.485  44.153 0.0000000000
82282  -29.654  -25.961  43.682 0.0000000000
82295  -29.725  -26.066  42.912 0.0000000000
83533  -29.405  -25.535  43.286 0.0000000000
83479  -30.123  -24.185  46.459 0.0000000000
84793  -30.244  -23.366  46.459 0.0000000000
86261  -30.011  -22.549  45.125 0.0000000000
86218  -30.757  -22.452  46.602 0.0000000000
84760  -31.937  -22.982  49.812 0.0000000000
84768  -31.705  -23.403  49.036 0.0000000000
86185  -32.092  -22.571  49.170 0.0000000000
86237  -31.337  -21.678  46.172 0.0000000000
79775  -20.219  -26.835  47.689 0.0000000000
79794  -19.354  -27.291  46.915 0.0000000000
79795  -20.351  -26.923  46.668 0.0000000000
78447  -26.148  -27.534  51.180 0.0000000000
78462  -25.556  -27.485  50.393 0.0000000000
79740  -25.766  -27.610  49.871 0.0000000000
77111  -24.945  -28.767  47.095 0.0000000000
78538  -24.370  -27.965  46.536 0.0000000000
75900  -25.886  -30.751  43.856 0.0000000000
75860  -25.979  -29.986  45.080 0.0000000000
75881  -25.679  -30.234  44.176 0.0000000000
77021  -17.480  -28.779  54.070 0.0000000000
77022  -18.245  -27.750  53.732 0.0000000000
78429  -19.765  -26.763  52.822 0.0000000000
78440  -18.016  -27.540  52.008 0.0000000000
77043  -17.173  -28.247  51.516 0.0000000000
75731  -16.878  -29.172  51.946 0.0000000000
74484  -16.653  -30.153  50.388 0.0000000000
100115  -41.694  -11.292  27.859 0.0000000000
101417  -41.003  -10.651  27.241 0.0000000000
101418  -41.838  -10.165  27.559 0.0000000000
102632  -42.478  -9.132  27.381 0.0000000000
103804  -42.762  -8.508  27.115 0.0000000000
103814  -41.571  -8.240  25.939 0.0000000000
104938  -43.314  -7.562  26.554 0.0000000000
104911  -47.087  -7.101  30.393 0.0000000000
104909  -46.014  -7.135  29.218 0.0000000000
106017  -46.598  -6.646  29.383 0.0000000000
107124  -45.656  -5.818  27.138 0.0000000000
106029  -45.408  -6.646  27.766 0.0000000000
106038  -45.185  -6.399  26.864 0.0000000000
106036  -43.922  -7.026  26.035 0.0000000000
106046  -44.375  -6.397  25.662 0.0000000000
106056  -44.007  -6.305  24.781 0.0000000000
107132  -44.649  -5.787  24.956 0.0000000000
107138  -46.045  -5.146  25.088 0.0000000000
107137  -45.366  -5.489  24.553 0.0000000000
107143  -45.443  -5.540  23.535 0.0000000000
107151  -46.467  -5.083  22.848 0.0000000000
108205  -46.638  -4.541  24.787 0.0000000000
110380  -48.913  -2.765  26.243 0.0000000000
109305  -48.618  -3.142  25.453 0.0000000000
110370  -49.470  -2.427  26.834 0.0000000000
59623  -6.424  -42.242  57.844 0.0000000000
59611  -5.841  -42.773  58.022 0.0000000000
82326  -27.628  -25.321  40.138 0.0000000000
82344  -27.650  -25.927  39.953 0.0000000000
82343  -27.070  -25.840  39.422 0.0000000000
86514  -34.129  -21.768  30.421 0.0000000000
87791  -32.242  -20.993  35.418 0.0000000000
87812  -32.296  -21.363  34.315 0.0000000000
87813  -32.965  -21.498  34.492 0.0000000000
86461  -33.422  -21.917  33.286 0.0000000000
86462  -34.184  -22.311  33.229 0.0000000000
85019  -34.239  -22.374  32.607 0.0000000000
85001  -37.012  -22.619  33.687 0.0000000000
83671  -36.081  -22.450  34.342 0.0000000000
85000  -36.617  -22.548  33.631 0.0000000000
86501  -35.919  -21.618  32.366 0.0000000000
86484  -35.857  -22.284  32.740 0.0000000000
85037  -34.795  -22.091  32.165 0.0000000000
86499  -34.311  -21.820  31.445 0.0000000000
87856  -35.589  -21.314  31.925 0.0000000000
90297  -36.239  -20.250  32.182 0.0000000000
90284  -36.175  -19.513  32.654 0.0000000000
90283  -35.129  -19.355  32.221 0.0000000000
90271  -36.430  -19.061  33.129 0.0000000000
91506  -36.810  -17.815  33.505 0.0000000000
91487  -36.946  -18.648  33.738 0.0000000000
92682  -39.744  -17.523  35.627 0.0000000000
92698  -38.779  -17.447  34.657 0.0000000000
93937  -39.459  -16.623  35.554 0.0000000000
95124  -40.227  -15.966  35.911 0.0000000000
93921  -40.233  -16.570  36.316 0.0000000000
60831  -8.494  -40.360  58.723 0.0000000000
60816  -7.869  -40.822  59.262 0.0000000000
60815  -7.531  -41.043  58.585 0.0000000000
62066  -7.329  -41.821  55.418 0.0000000000
60839  -6.644  -42.045  56.023 0.0000000000
60849  -6.916  -42.679  55.333 0.0000000000
58453  -5.768  -43.020  60.097 0.0000000000
59594  -6.045  -42.645  60.539 0.0000000000
59583  -5.372  -42.725  61.928 0.0000000000
59573  -5.284  -42.691  62.831 0.0000000000
57315  -3.607  -45.244  60.677 0.0000000000
57306  -3.457  -45.442  61.570 0.0000000000
57282  -3.995  -44.493  63.068 0.0000000000
58402  -5.091  -43.315  63.787 0.0000000000
58390  -5.007  -43.327  64.192 0.0000000000
58388  -3.831  -43.526  64.521 0.0000000000
55019  -2.021  -47.208  63.277 0.0000000000
56176  -2.504  -46.299  63.496 0.0000000000
59575  -6.992  -41.807  62.098 0.0000000000
78479  -24.234  -27.212  49.309 0.0000000000
73403  -27.364  -32.894  43.698 0.0000000000
79682  -26.009  -26.680  55.130 0.0000000000
78385  -25.207  -26.794  54.875 0.0000000000
78403  -24.540  -26.689  54.252 0.0000000000
78417  -23.644  -26.485  53.377 0.0000000000
96473  -40.582  -14.198  27.053 0.0000000000
78673  -28.584  -29.345  39.339 0.0000000000
87788  -29.295  -21.214  35.799 0.0000000000
87808  -28.878  -21.559  35.322 0.0000000000
86440  -29.036  -22.159  34.107 0.0000000000
68398  -12.274  -36.636  52.614 0.0000000000
67169  -11.788  -36.804  53.452 0.0000000000
65873  -11.461  -37.223  53.659 0.0000000000
65858  -11.344  -37.332  54.089 0.0000000000
64580  -9.965  -39.911  52.547 0.0000000000
64600  -10.241  -39.788  52.186 0.0000000000
72114  -30.867  -32.248  46.457 0.0000000000
72115  -31.527  -32.106  46.521 0.0000000000
72093  -32.080  -31.928  47.493 0.0000000000
72094  -32.666  -31.599  48.150 0.0000000000
73325  -33.247  -30.809  49.663 0.0000000000
75736  -31.440  -30.150  51.873 0.0000000000
74491  -31.565  -30.744  50.820 0.0000000000
74510  -31.215  -30.976  50.240 0.0000000000
73307  -30.143  -31.475  48.748 0.0000000000
73337  -29.928  -31.868  47.697 0.0000000000
73323  -30.367  -31.767  48.167 0.0000000000
72091  -30.812  -32.233  47.251 0.0000000000
78388  -28.682  -27.711  55.148 0.0000000000
95147  -38.989  -15.361  34.112 0.0000000000
96344  -39.538  -14.299  34.048 0.0000000000
96365  -43.850  -13.539  32.208 0.0000000000
97587  -42.583  -13.421  32.389 0.0000000000
95194  -42.304  -14.695  30.204 0.0000000000
96446  -42.395  -14.466  28.753 0.0000000000
96460  -42.670  -14.056  28.422 0.0000000000
97650  -43.199  -13.721  28.162 0.0000000000
98891  -42.965  -12.888  28.279 0.0000000000
98892  -43.603  -13.299  28.264 0.0000000000
97636  -44.138  -13.173  28.688 0.0000000000
84837  -29.058  -23.537  43.715 0.0000000000
84836  -28.779  -23.319  43.109 0.0000000000
86297  -29.194  -22.671  43.249 0.0000000000
86325  -32.124  -21.833  41.444 0.0000000000
86372  -30.531  -21.577  39.220 0.0000000000
86373  -31.255  -21.311  39.059 0.0000000000
87722  -31.661  -21.077  38.420 0.0000000000
87723  -32.864  -20.843  38.697 0.0000000000
86375  -33.696  -21.160  39.226 0.0000000000
86376  -34.564  -21.217  38.853 0.0000000000
75694  -17.505  -29.562  55.668 0.0000000000
75717  -16.646  -30.006  53.820 0.0000000000
74446  -16.294  -31.014  53.577 0.0000000000
70855  -15.681  -34.392  50.018 0.0000000000
69647  -13.590  -35.522  51.069 0.0000000000
108212  -48.318  -3.987  23.496 0.0000000000
108216  -47.834  -4.524  22.790 0.0000000000
108217  -48.620  -4.094  22.636 0.0000000000
108221  -48.988  -4.303  21.639 0.0000000000
74709  -29.329  -31.583  38.919 0.0000000000
77218  -29.693  -30.047  40.818 0.0000000000
74600  -33.503  -31.003  45.796 0.0000000000
74621  -32.765  -30.891  44.876 0.0000000000
77140  -33.045  -30.390  45.762 0.0000000000
78561  -32.778  -29.850  46.123 0.0000000000
78560  -32.565  -29.467  45.495 0.0000000000
79778  -32.223  -27.171  47.972 0.0000000000
81059  -31.793  -26.667  47.617 0.0000000000
81083  -30.794  -27.042  45.077 0.0000000000
81082  -30.205  -26.201  45.212 0.0000000000
82257  -29.948  -25.437  45.632 0.0000000000
82244  -30.069  -24.869  46.394 0.0000000000
83480  -30.278  -24.251  47.129 0.0000000000
84785  -30.664  -23.377  47.497 0.0000000000
87563  -33.149  -21.595  48.979 0.0000000000
79796  -21.334  -26.672  46.354 0.0000000000
77073  -26.344  -28.455  49.694 0.0000000000
78501  -25.767  -28.050  48.960 0.0000000000
77095  -26.383  -28.699  48.519 0.0000000000
77112  -25.939  -29.004  47.483 0.0000000000
77124  -25.844  -28.988  46.477 0.0000000000
74652  -25.683  -30.940  42.650 0.0000000000
75899  -25.548  -30.498  43.245 0.0000000000
78399  -19.549  -26.881  55.155 0.0000000000
78457  -19.454  -27.034  50.925 0.0000000000
78441  -19.064  -27.139  51.793 0.0000000000
75762  -16.739  -29.483  49.946 0.0000000000
101407  -43.735  -10.380  28.543 0.0000000000
101419  -42.669  -9.997  27.923 0.0000000000
102622  -43.697  -9.671  28.232 0.0000000000
102634  -43.772  -9.238  28.197 0.0000000000
103796  -44.517  -8.176  28.363 0.0000000000
106026  -47.029  -6.080  29.282 0.0000000000
107122  -47.163  -5.543  28.781 0.0000000000
107125  -46.202  -5.562  27.716 0.0000000000
107128  -45.551  -5.715  26.423 0.0000000000
107133  -45.277  -5.673  25.553 0.0000000000
107129  -46.336  -5.262  26.742 0.0000000000
108198  -46.606  -4.954  26.195 0.0000000000
108202  -46.610  -4.739  25.657 0.0000000000
108203  -47.143  -4.303  25.446 0.0000000000
108200  -47.877  -3.934  26.670 0.0000000000
109296  -48.452  -3.368  26.630 0.0000000000
109287  -49.069  -2.972  27.399 0.0000000000
58484  -5.543  -43.908  57.534 0.0000000000
83587  -27.019  -24.684  38.867 0.0000000000
83605  -26.667  -24.390  37.621 0.0000000000
87793  -33.951  -21.503  35.303 0.0000000000
86426  -33.779  -21.557  34.977 0.0000000000
86427  -34.351  -21.674  35.142 0.0000000000
86444  -34.858  -22.276  33.966 0.0000000000
87830  -38.277  -21.533  33.896 0.0000000000
86486  -37.125  -21.972  33.316 0.0000000000
87843  -38.149  -21.288  33.245 0.0000000000
87842  -37.230  -21.307  32.898 0.0000000000
87857  -36.381  -21.247  32.505 0.0000000000
89070  -36.982  -20.602  32.563 0.0000000000
90285  -37.205  -19.901  32.840 0.0000000000
90273  -37.611  -19.530  33.566 0.0000000000
91488  -37.846  -18.539  34.179 0.0000000000
91489  -38.900  -18.369  34.791 0.0000000000
91467  -39.362  -18.071  35.048 0.0000000000
92683  -40.055  -17.556  35.846 0.0000000000
63266  -10.239  -39.323  57.330 0.0000000000
62042  -8.688  -40.248  57.626 0.0000000000
60840  -7.723  -40.731  57.301 0.0000000000
62054  -7.542  -40.895  56.665 0.0000000000
58452  -4.955  -43.937  59.888 0.0000000000
58440  -4.207  -44.447  60.447 0.0000000000
56188  -3.535  -46.312  61.954 0.0000000000
57281  -3.644  -44.744  63.354 0.0000000000
57280  -2.902  -45.225  63.729 0.0000000000
74451  -32.384  -30.837  52.750 0.0000000000
96329  -42.391  -13.664  35.567 0.0000000000
97556  -42.941  -13.275  34.923 0.0000000000
97564  -42.846  -13.215  34.046 0.0000000000
96382  -44.708  -13.872  31.600 0.0000000000
96406  -45.381  -14.157  30.714 0.0000000000
96429  -45.328  -14.098  30.523 0.0000000000
87646  -31.842  -21.404  44.913 0.0000000000
87663  -31.893  -21.572  44.191 0.0000000000
86300  -32.420  -21.802  43.500 0.0000000000
86314  -32.605  -21.856  42.484 0.0000000000
84879  -33.728  -21.585  40.494 0.0000000000
74483  -16.784  -30.922  50.934 0.0000000000
73254  -17.114  -32.119  51.861 0.0000000000
59536  -6.404  -41.618  64.546 0.0000000000
74708  -28.987  -31.557  39.064 0.0000000000
83455  -31.756  -24.405  49.468 0.0000000000
79753  -19.115  -27.009  48.970 0.0000000000
79773  -18.413  -27.393  48.349 0.0000000000
78477  -21.921  -26.557  49.372 0.0000000000
79777  -22.222  -26.571  47.069 0.0000000000
79798  -23.018  -26.839  45.658 0.0000000000
74558  -27.602  -30.528  46.465 0.0000000000
75843  -27.170  -30.016  46.227 0.0000000000
75882  -26.280  -30.834  44.514 0.0000000000
79680  -21.831  -26.208  55.346 0.0000000000
78401  -22.188  -25.987  54.751 0.0000000000
78430  -21.307  -26.382  52.604 0.0000000000
78476  -19.784  -27.151  50.408 0.0000000000
103774  -47.371  -8.514  30.810 0.0000000000
104898  -47.330  -7.445  30.929 0.0000000000
105993  -47.701  -6.563  31.280 0.0000000000
109272  -49.539  -3.657  29.506 0.0000000000
87718  -27.587  -22.018  37.997 0.0000000000
86392  -27.326  -22.717  37.445 0.0000000000
87739  -27.516  -22.123  37.285 0.0000000000
85018  -33.206  -22.521  32.037 0.0000000000
83693  -37.201  -22.653  34.477 0.0000000000
86466  -38.477  -21.731  34.384 0.0000000000
87832  -39.308  -20.911  35.047 0.0000000000
89039  -40.006  -20.214  35.408 0.0000000000
90258  -40.479  -19.656  35.742 0.0000000000
90242  -40.635  -19.171  36.317 0.0000000000
68380  -12.487  -35.601  54.399 0.0000000000
68358  -12.714  -35.381  55.065 0.0000000000
65824  -10.707  -38.267  55.920 0.0000000000
64547  -10.839  -38.007  55.019 0.0000000000
63290  -8.498  -40.452  54.257 0.0000000000
63306  -8.700  -40.961  53.419 0.0000000000
55029  -3.125  -47.635  62.303 0.0000000000
72172  -29.508  -33.083  42.827 0.0000000000
72150  -31.192  -31.703  45.082 0.0000000000
72116  -32.024  -31.871  46.543 0.0000000000
72133  -31.966  -31.869  45.917 0.0000000000
73378  -33.157  -31.304  45.883 0.0000000000
75825  -33.389  -30.578  47.260 0.0000000000
73310  -33.624  -30.578  50.283 0.0000000000
78434  -26.029  -27.128  52.224 0.0000000000
78448  -26.755  -28.008  50.954 0.0000000000
78436  -27.858  -27.590  52.220 0.0000000000
77044  -27.541  -28.077  51.370 0.0000000000
77056  -26.974  -28.707  50.523 0.0000000000
75805  -27.403  -29.893  48.045 0.0000000000
75734  -30.150  -29.017  51.501 0.0000000000
75752  -30.624  -29.848  50.799 0.0000000000
75751  -29.861  -29.251  50.751 0.0000000000
75786  -28.054  -30.132  49.138 0.0000000000
75824  -27.745  -30.353  47.699 0.0000000000
74559  -27.978  -30.756  47.042 0.0000000000
73355  -28.463  -31.360  45.786 0.0000000000
73389  -27.662  -32.283  44.662 0.0000000000
72111  -29.399  -31.749  45.795 0.0000000000
73390  -28.193  -32.498  44.888 0.0000000000
72158  -27.821  -33.041  44.464 0.0000000000
72171  -28.674  -33.113  43.030 0.0000000000
78386  -27.121  -27.331  55.964 0.0000000000
79696  -26.199  -26.899  54.575 0.0000000000
79708  -26.076  -27.167  54.062 0.0000000000
92712  -35.436  -17.564  32.545 0.0000000000
92729  -34.893  -17.502  31.347 0.0000000000
93947  -35.777  -16.748  33.015 0.0000000000
95154  -36.397  -15.559  32.475 0.0000000000
95156  -38.223  -15.033  33.398 0.0000000000
96358  -36.855  -14.621  32.023 0.0000000000
96362  -40.912  -13.256  32.490 0.0000000000
96363  -42.107  -13.268  32.114 0.0000000000
96378  -40.478  -13.431  31.668 0.0000000000
96423  -39.259  -14.549  30.016 0.0000000000
96443  -39.211  -14.556  29.102 0.0000000000
96458  -40.589  -13.482  27.051 0.0000000000
97647  -40.561  -12.620  27.089 0.0000000000
98888  -40.566  -11.890  27.103 0.0000000000
98889  -41.115  -12.114  27.558 0.0000000000
100099  -42.419  -11.349  28.201 0.0000000000
98874  -42.847  -12.017  28.154 0.0000000000
100100  -43.266  -11.349  28.548 0.0000000000
101408  -44.517  -10.324  29.038 0.0000000000
101409  -45.065  -10.193  29.500 0.0000000000
102610  -45.922  -9.648  30.490 0.0000000000
96449  -45.527  -13.565  30.465 0.0000000000
97638  -45.546  -13.095  30.193 0.0000000000
98877  -45.472  -12.357  30.040 0.0000000000
101394  -46.017  -10.570  30.551 0.0000000000
102611  -46.423  -9.826  30.773 0.0000000000
102599  -46.658  -9.047  30.660 0.0000000000
103775  -47.950  -8.880  31.094 0.0000000000
82308  -28.367  -25.745  41.566 0.0000000000
83560  -27.800  -24.727  40.828 0.0000000000
84864  -28.378  -23.791  41.506 0.0000000000
83574  -27.665  -24.005  40.194 0.0000000000
84895  -27.807  -23.205  39.985 0.0000000000
87661  -30.566  -21.904  43.251 0.0000000000
87676  -30.559  -21.943  42.503 0.0000000000
86323  -30.038  -22.024  41.944 0.0000000000
86324  -30.930  -21.775  41.598 0.0000000000
86370  -28.003  -22.189  38.806 0.0000000000
87741  -28.810  -21.382  37.516 0.0000000000
87742  -29.907  -21.119  37.448 0.0000000000
87765  -29.081  -21.250  36.610 0.0000000000
87766  -29.850  -20.862  36.489 0.0000000000
87789  -30.128  -20.804  35.705 0.0000000000
87769  -33.195  -20.947  36.207 0.0000000000
87745  -33.043  -20.548  37.184 0.0000000000
87771  -34.797  -21.607  36.273 0.0000000000
86411  -35.080  -21.929  36.011 0.0000000000
84947  -36.202  -22.352  36.425 0.0000000000
84897  -34.592  -21.458  40.028 0.0000000000
86355  -35.101  -21.452  39.298 0.0000000000
84914  -35.833  -21.494  39.059 0.0000000000
83588  -37.530  -22.213  39.642 0.0000000000
86378  -36.297  -22.017  37.772 0.0000000000
84932  -36.641  -22.471  37.299 0.0000000000
83625  -36.592  -22.585  36.319 0.0000000000
83626  -36.987  -22.828  36.637 0.0000000000
83653  -37.867  -22.821  36.071 0.0000000000
72013  -16.155  -32.730  52.238 0.0000000000
70845  -15.521  -34.175  50.856 0.0000000000
70835  -15.607  -33.501  52.776 0.0000000000
69638  -15.293  -33.875  53.656 0.0000000000
69623  -14.081  -34.539  53.403 0.0000000000
69622  -13.701  -35.027  52.678 0.0000000000
68419  -13.162  -35.590  52.393 0.0000000000
68435  -13.330  -36.194  51.364 0.0000000000
68418  -12.709  -36.470  51.993 0.0000000000
109321  -49.834  -3.293  23.234 0.0000000000
77227  -29.165  -30.063  39.637 0.0000000000
78657  -28.482  -28.367  40.721 0.0000000000
79895  -28.351  -28.085  41.188 0.0000000000
81149  -28.363  -27.200  41.361 0.0000000000
72189  -30.322  -32.894  41.576 0.0000000000
72190  -30.482  -32.283  41.803 0.0000000000
74639  -31.538  -31.002  43.887 0.0000000000
73418  -31.403  -31.231  43.006 0.0000000000
73430  -30.744  -31.536  41.887 0.0000000000
74669  -31.063  -31.029  42.017 0.0000000000
74688  -30.809  -30.460  42.039 0.0000000000
75934  -30.821  -30.465  42.094 0.0000000000
79820  -32.343  -28.717  45.833 0.0000000000
78578  -31.793  -29.185  44.559 0.0000000000
78621  -31.351  -29.434  43.165 0.0000000000
77209  -30.642  -30.105  42.292 0.0000000000
78642  -29.927  -29.185  42.604 0.0000000000
79898  -29.882  -28.358  42.907 0.0000000000
79876  -29.895  -27.684  43.010 0.0000000000
79897  -29.383  -28.186  42.576 0.0000000000
81132  -29.326  -26.810  42.595 0.0000000000
81131  -28.665  -26.584  41.739 0.0000000000
82294  -29.244  -25.680  42.759 0.0000000000
83532  -28.887  -24.685  43.290 0.0000000000
83518  -29.452  -24.169  44.114 0.0000000000
83508  -29.808  -24.307  44.801 0.0000000000
83507  -29.635  -23.985  44.460 0.0000000000
84825  -29.570  -23.523  44.492 0.0000000000
86260  -29.684  -22.810  44.679 0.0000000000
87599  -30.737  -21.715  45.572 0.0000000000
83458  -31.165  -24.293  48.644 0.0000000000
84775  -31.176  -23.309  48.168 0.0000000000
86202  -32.502  -22.000  48.640 0.0000000000
86262  -31.659  -21.465  45.647 0.0000000000
78500  -25.078  -27.449  48.495 0.0000000000
78520  -24.061  -26.982  47.056 0.0000000000
78537  -23.645  -27.234  46.004 0.0000000000
78558  -23.785  -27.391  45.379 0.0000000000
75842  -26.575  -29.447  45.818 0.0000000000
77138  -25.849  -28.975  45.422 0.0000000000
77170  -25.033  -29.774  43.747 0.0000000000
77137  -25.040  -28.628  44.989 0.0000000000
78577  -24.567  -28.162  44.405 0.0000000000
79836  -24.127  -27.624  44.443 0.0000000000
77008  -17.790  -28.890  55.090 0.0000000000
77032  -16.999  -29.232  53.457 0.0000000000
75730  -16.649  -29.735  52.777 0.0000000000
78400  -21.039  -26.633  54.896 0.0000000000
78414  -19.891  -26.763  54.054 0.0000000000
77023  -18.964  -27.030  53.454 0.0000000000
78428  -18.695  -27.232  52.486 0.0000000000
77034  -18.375  -27.467  52.973 0.0000000000
75744  -16.558  -30.029  51.793 0.0000000000
74503  -17.096  -31.684  49.656 0.0000000000
74522  -17.244  -30.912  48.928 0.0000000000
100123  -40.442  -11.197  26.796 0.0000000000
101426  -40.608  -10.067  26.333 0.0000000000
102631  -41.806  -9.493  27.105 0.0000000000
102641  -40.852  -8.982  25.931 0.0000000000
103813  -41.061  -8.568  25.580 0.0000000000
103824  -41.248  -8.316  25.166 0.0000000000
104944  -41.879  -7.767  25.211 0.0000000000
103785  -45.598  -8.057  29.575 0.0000000000
104920  -44.779  -7.631  28.119 0.0000000000
106024  -45.842  -6.612  28.689 0.0000000000
104939  -43.954  -7.441  26.967 0.0000000000
104945  -42.554  -7.254  25.397 0.0000000000
106054  -42.717  -6.964  24.909 0.0000000000
104954  -42.976  -7.103  24.129 0.0000000000
106063  -43.351  -6.939  23.741 0.0000000000
107136  -44.620  -5.827  24.128 0.0000000000
108215  -47.186  -4.597  23.133 0.0000000000
108206  -47.454  -4.137  24.633 0.0000000000
108207  -48.016  -3.872  24.176 0.0000000000
109306  -49.203  -2.872  24.870 0.0000000000
110371  -50.140  -2.254  26.211 0.0000000000
59604  -7.187  -41.884  59.902 0.0000000000
59603  -6.599  -42.408  59.559 0.0000000000
58463  -6.012  -42.867  59.441 0.0000000000
58461  -4.859  -44.455  58.876 0.0000000000
81164  -27.424  -26.731  40.098 0.0000000000
90307  -34.462  -19.718  30.943 0.0000000000
87829  -31.867  -21.573  33.629 0.0000000000
86442  -33.451  -21.575  34.322 0.0000000000
84999  -35.182  -22.455  33.578 0.0000000000
83706  -35.918  -22.505  33.309 0.0000000000
86498  -33.726  -22.064  31.358 0.0000000000
89068  -35.903  -20.712  31.938 0.0000000000
89067  -34.886  -20.602  31.480 0.0000000000
90282  -34.799  -19.277  32.043 0.0000000000
91503  -34.701  -18.964  32.067 0.0000000000
92714  -37.138  -17.085  33.543 0.0000000000
93948  -38.291  -16.561  34.036 0.0000000000
92697  -38.213  -17.350  34.138 0.0000000000
93949  -38.711  -16.573  34.568 0.0000000000
95136  -39.245  -15.937  34.952 0.0000000000
95137  -40.085  -15.644  35.299 0.0000000000
91450  -40.288  -18.447  35.963 0.0000000000
59597  -8.076  -41.186  60.529 0.0000000000
60804  -8.491  -40.672  60.218 0.0000000000
59605  -7.613  -41.201  60.127 0.0000000000
59613  -7.137  -41.748  59.000 0.0000000000
59624  -6.751  -41.963  58.386 0.0000000000
62041  -7.183  -41.335  57.048 0.0000000000
60828  -6.667  -41.820  56.914 0.0000000000
60827  -6.332  -42.390  56.512 0.0000000000
62080  -8.003  -40.702  54.882 0.0000000000
62079  -7.938  -41.497  54.373 0.0000000000
59595  -6.590  -42.322  60.360 0.0000000000
58442  -5.801  -42.924  60.690 0.0000000000
59562  -5.856  -42.119  63.345 0.0000000000
59547  -5.708  -41.974  64.109 0.0000000000
58416  -4.821  -43.347  63.163 0.0000000000
59534  -5.388  -42.830  64.833 0.0000000000
58450  -4.178  -45.095  60.018 0.0000000000
58451  -4.366  -44.838  59.698 0.0000000000
58471  -5.885  -43.159  58.969 0.0000000000
59585  -7.140  -41.891  61.195 0.0000000000
60750  -7.745  -40.893  64.321 0.0000000000
60751  -8.224  -40.796  64.548 0.0000000000
60770  -7.340  -41.565  62.909 0.0000000000
60841  -7.836  -40.654  57.599 0.0000000000
62040  -7.168  -41.378  56.731 0.0000000000
62057  -9.603  -39.789  57.272 0.0000000000
63325  -10.536  -40.055  51.829 0.0000000000
65825  -11.213  -37.819  56.389 0.0000000000
65857  -11.458  -37.193  53.919 0.0000000000
67154  -11.562  -36.980  54.005 0.0000000000
67168  -11.564  -37.047  53.768 0.0000000000
68417  -12.402  -36.820  52.190 0.0000000000
69660  -13.873  -35.366  50.547 0.0000000000
72043  -31.276  -31.952  49.184 0.0000000000
72046  -32.651  -31.603  50.505 0.0000000000
72059  -31.570  -32.183  48.824 0.0000000000
72062  -32.941  -31.280  49.886 0.0000000000
72071  -30.760  -31.953  47.858 0.0000000000
72072  -31.320  -31.983  48.021 0.0000000000
72073  -31.866  -32.158  48.252 0.0000000000
72075  -32.788  -31.492  49.172 0.0000000000
72089  -29.792  -31.962  46.961 0.0000000000
72112  -29.674  -31.867  46.327 0.0000000000
72128  -29.155  -32.120  45.492 0.0000000000
72132  -31.389  -31.928  45.783 0.0000000000
72145  -27.908  -32.824  44.742 0.0000000000
72148  -30.029  -32.368  44.723 0.0000000000
72151  -31.922  -31.604  45.470 0.0000000000
72163  -31.021  -31.598  44.343 0.0000000000
73289  -30.499  -31.365  49.356 0.0000000000
73290  -31.237  -31.493  49.761 0.0000000000
73291  -31.944  -31.678  50.271 0.0000000000
73292  -32.472  -31.576  50.674 0.0000000000
73322  -29.684  -31.600  48.037 0.0000000000
73324  -33.131  -31.109  48.815 0.0000000000
73335  -29.278  -31.442  46.946 0.0000000000
73336  -29.645  -31.777  47.207 0.0000000000
73357  -29.441  -31.623  46.639 0.0000000000
73358  -32.462  -31.742  46.446 0.0000000000
73375  -28.257  -31.591  45.414 0.0000000000
73376  -28.490  -32.157  45.149 0.0000000000
73377  -32.583  -31.650  45.920 0.0000000000
73391  -31.537  -31.458  44.886 0.0000000000
73393  -33.135  -31.053  45.371 0.0000000000
73405  -30.931  -31.639  43.782 0.0000000000
73407  -31.976  -31.055  44.700 0.0000000000
73476  -30.032  -31.282  39.571 0.0000000000
74468  -31.297  -30.117  51.129 0.0000000000
74470  -32.304  -30.931  51.955 0.0000000000
74511  -34.170  -30.330  50.814 0.0000000000
74527  -28.622  -30.306  48.494 0.0000000000
74528  -29.357  -30.640  48.845 0.0000000000
74529  -29.886  -31.129  49.248 0.0000000000
74547  -33.347  -31.029  48.297 0.0000000000
74561  -33.441  -31.047  47.556 0.0000000000
74578  -28.106  -31.084  46.022 0.0000000000
74579  -28.444  -31.093  46.584 0.0000000000
74580  -33.497  -31.073  46.537 0.0000000000
74599  -27.635  -31.390  45.223 0.0000000000
74619  -26.765  -31.760  44.488 0.0000000000
74622  -33.168  -30.811  45.316 0.0000000000
74640  -31.937  -30.577  44.474 0.0000000000
74654  -31.582  -30.656  43.171 0.0000000000
74670  -31.210  -30.644  42.330 0.0000000000
74687  -30.626  -30.815  41.675 0.0000000000
75716  -16.536  -30.221  53.412 0.0000000000
75718  -17.059  -29.415  54.099 0.0000000000
75729  -16.540  -30.149  53.192 0.0000000000
75767  -28.325  -29.780  49.767 0.0000000000
75785  -27.617  -29.691  48.813 0.0000000000
75806  -27.927  -30.170  48.333 0.0000000000
75808  -33.573  -30.427  48.974 0.0000000000
75844  -33.373  -30.705  46.233 0.0000000000
75862  -33.290  -30.746  45.667 0.0000000000
75884  -33.111  -30.558  45.325 0.0000000000
75901  -32.068  -30.304  44.429 0.0000000000
75917  -32.003  -29.942  43.590 0.0000000000
75935  -31.054  -30.376  42.382 0.0000000000
75949  -30.515  -30.534  41.725 0.0000000000
75950  -30.805  -30.348  42.001 0.0000000000
75966  -30.016  -30.600  39.914 0.0000000000
77036  -27.781  -27.654  51.851 0.0000000000
77039  -30.276  -28.919  51.949 0.0000000000
77055  -26.494  -28.392  50.276 0.0000000000
77139  -32.850  -29.983  45.446 0.0000000000
77156  -32.984  -30.237  45.180 0.0000000000
77171  -31.816  -29.786  43.638 0.0000000000
77190  -31.207  -29.829  42.858 0.0000000000
77192  -32.027  -29.899  43.333 0.0000000000
77210  -31.242  -30.100  42.622 0.0000000000
78405  -27.192  -26.805  54.043 0.0000000000
78419  -25.766  -26.952  53.345 0.0000000000
78422  -28.728  -27.584  53.282 0.0000000000
78463  -26.212  -27.874  50.274 0.0000000000
78481  -25.960  -27.839  49.624 0.0000000000
78536  -23.115  -26.769  46.096 0.0000000000
78579  -32.236  -29.533  44.710 0.0000000000
78598  -31.163  -29.046  43.572 0.0000000000
78599  -31.514  -29.441  43.760 0.0000000000
78639  -28.450  -28.367  41.053 0.0000000000
79684  -27.341  -26.818  54.800 0.0000000000
79694  -21.487  -26.415  55.189 0.0000000000
79695  -21.641  -26.297  55.032 0.0000000000
79726  -20.424  -26.785  50.149 0.0000000000
79728  -25.506  -27.495  50.161 0.0000000000
79729  -25.718  -27.564  50.113 0.0000000000
79735  -18.760  -27.152  49.590 0.0000000000
79738  -21.805  -26.641  48.857 0.0000000000
79739  -25.545  -27.513  49.924 0.0000000000
79818  -23.830  -27.409  44.939 0.0000000000
79915  -28.340  -27.642  41.294 0.0000000000
81075  -30.171  -26.045  45.673 0.0000000000
81130  -28.478  -26.269  41.439 0.0000000000
82309  -29.137  -25.950  42.150 0.0000000000
83559  -27.578  -24.947  40.312 0.0000000000
83654  -38.468  -23.016  36.367 0.0000000000
83673  -37.446  -22.608  35.239 0.0000000000
83674  -37.995  -22.599  35.378 0.0000000000
83676  -38.998  -22.818  36.132 0.0000000000
83692  -36.514  -22.559  33.917 0.0000000000
83694  -37.601  -22.557  34.866 0.0000000000
83707  -36.152  -22.490  33.531 0.0000000000
84794  -30.381  -23.478  47.063 0.0000000000
84811  -29.746  -23.146  44.982 0.0000000000
84812  -29.948  -23.324  45.464 0.0000000000
84878  -33.029  -21.656  40.557 0.0000000000
84896  -33.997  -21.565  39.986 0.0000000000
84931  -36.366  -22.224  36.931 0.0000000000
84933  -37.182  -22.786  37.451 0.0000000000
84948  -36.632  -22.596  36.662 0.0000000000
84981  -38.263  -22.462  35.162 0.0000000000
85002  -37.768  -22.501  34.502 0.0000000000
85004  -38.731  -21.880  34.888 0.0000000000
85021  -36.285  -22.439  33.291 0.0000000000
85022  -36.703  -22.301  33.252 0.0000000000
86166  -32.238  -22.490  49.722 0.0000000000
86186  -32.544  -22.100  49.484 0.0000000000
86283  -29.958  -22.246  44.489 0.0000000000
86394  -36.382  -22.110  37.397 0.0000000000
86441  -32.828  -21.375  34.123 0.0000000000
86463  -34.737  -22.419  33.497 0.0000000000
86464  -37.506  -22.358  33.780 0.0000000000
86487  -37.634  -21.656  33.276 0.0000000000
87600  -30.906  -21.674  45.815 0.0000000000
87622  -31.225  -21.479  45.416 0.0000000000
87623  -31.764  -21.417  45.386 0.0000000000
87687  -30.963  -21.713  42.217 0.0000000000
87724  -33.949  -20.702  38.634 0.0000000000
87763  -27.639  -21.958  36.859 0.0000000000
87770  -34.275  -21.442  35.967 0.0000000000
87831  -38.545  -21.140  34.189 0.0000000000
87841  -36.757  -21.622  32.875 0.0000000000
87858  -36.928  -20.841  32.645 0.0000000000
88970  -33.120  -20.562  38.359 0.0000000000
88988  -30.817  -20.544  36.816 0.0000000000
88989  -33.011  -20.393  38.020 0.0000000000
88990  -33.627  -20.498  37.750 0.0000000000
89007  -30.912  -20.457  36.367 0.0000000000
89024  -30.622  -20.557  35.966 0.0000000000
89025  -30.792  -20.468  36.120 0.0000000000
89049  -38.335  -20.025  33.439 0.0000000000
89051  -39.116  -20.284  35.122 0.0000000000
89059  -38.366  -20.532  32.964 0.0000000000
89069  -36.552  -20.691  32.381 0.0000000000
90241  -40.100  -18.955  35.855 0.0000000000
90257  -39.790  -19.312  35.478 0.0000000000
90295  -34.766  -19.536  31.741 0.0000000000
91449  -40.042  -18.592  35.758 0.0000000000
91451  -40.653  -18.439  36.847 0.0000000000
91469  -40.110  -17.912  35.745 0.0000000000
91486  -36.606  -18.877  33.344 0.0000000000
91505  -36.267  -18.414  33.071 0.0000000000
91517  -34.565  -18.704  31.284 0.0000000000
92669  -40.324  -17.643  36.245 0.0000000000
92694  -35.718  -17.086  33.041 0.0000000000
92695  -35.872  -16.863  33.196 0.0000000000
92715  -37.688  -17.147  33.716 0.0000000000
93920  -39.913  -16.334  35.835 0.0000000000
93946  -35.645  -16.909  32.948 0.0000000000
93959  -35.591  -16.886  32.712 0.0000000000
93960  -35.924  -16.464  32.814 0.0000000000
95158  -45.329  -13.940  31.909 0.0000000000
95172  -41.646  -13.826  30.746 0.0000000000
95174  -45.385  -13.988  31.681 0.0000000000
95192  -40.666  -14.185  30.271 0.0000000000
95196  -45.255  -14.155  31.142 0.0000000000
95197  -45.777  -14.618  30.853 0.0000000000
95218  -44.024  -14.540  29.405 0.0000000000
95219  -45.873  -14.434  30.383 0.0000000000
95237  -43.474  -14.858  28.721 0.0000000000
95238  -44.023  -14.533  29.035 0.0000000000
95252  -43.068  -14.601  28.015 0.0000000000
95253  -43.476  -14.984  27.984 0.0000000000
95254  -43.997  -14.744  28.442 0.0000000000
96364  -42.954  -13.805  32.008 0.0000000000
96401  -40.360  -13.863  30.843 0.0000000000
96403  -42.912  -14.777  30.366 0.0000000000
96404  -43.665  -14.550  30.267 0.0000000000
96405  -44.831  -13.975  30.808 0.0000000000
96425  -41.945  -14.439  28.986 0.0000000000
96426  -42.231  -14.594  29.089 0.0000000000
96448  -44.859  -13.523  30.011 0.0000000000
97573  -42.851  -13.229  33.242 0.0000000000
97585  -38.909  -13.597  32.306 0.0000000000
97600  -39.067  -13.556  32.030 0.0000000000
97601  -39.236  -13.525  32.320 0.0000000000
97639  -45.923  -12.838  30.387 0.0000000000
98850  -45.490  -11.511  30.027 0.0000000000
98851  -45.536  -11.701  30.171 0.0000000000
98861  -45.341  -11.593  29.766 0.0000000000
98878  -45.865  -12.704  30.511 0.0000000000
100076  -45.715  -11.363  30.136 0.0000000000
100077  -45.593  -11.491  30.220 0.0000000000
100098  -42.080  -11.130  28.101 0.0000000000
100103  -45.762  -12.086  30.516 0.0000000000
100116  -42.128  -11.713  28.058 0.0000000000
101406  -42.909  -10.622  28.327 0.0000000000
101420  -43.286  -10.010  28.161 0.0000000000
102601  -47.768  -9.434  31.160 0.0000000000
102643  -41.973  -9.021  27.013 0.0000000000
103773  -46.766  -8.084  30.627 0.0000000000
103806  -43.888  -8.628  28.027 0.0000000000
103815  -42.326  -8.400  26.754 0.0000000000
103816  -42.942  -8.208  26.932 0.0000000000
103833  -40.619  -9.121  24.959 0.0000000000
104910  -46.559  -7.467  29.970 0.0000000000
104927  -43.704  -7.665  27.151 0.0000000000
104928  -44.371  -7.547  27.564 0.0000000000
104929  -45.028  -7.397  27.947 0.0000000000
104936  -42.052  -7.669  25.698 0.0000000000
104946  -42.903  -7.316  25.910 0.0000000000
104953  -42.490  -7.396  24.512 0.0000000000
106016  -46.222  -6.598  29.067 0.0000000000
106025  -46.504  -6.157  28.846 0.0000000000
106028  -44.936  -6.974  27.142 0.0000000000
106044  -42.906  -6.841  25.129 0.0000000000
106055  -43.172  -6.757  24.567 0.0000000000
107121  -46.603  -5.705  28.336 0.0000000000
107126  -47.029  -5.271  28.021 0.0000000000
108188  -47.577  -5.065  29.085 0.0000000000
108196  -47.941  -4.020  27.227 0.0000000000
108211  -47.621  -4.296  23.678 0.0000000000
109295  -47.843  -3.883  26.363 0.0000000000
109315  -50.271  -2.804  23.701 0.0000000000
110369  -48.922  -2.816  26.645 0.0000000000
110381  -49.475  -2.580  25.696 0.0000000000
