#!ascii label  , from subject HYGLY28_VISIT_2 vox2ras=TkReg
757
58447  -18.411  -43.960  61.347 0.0000000000
68486  -41.256  -36.820  49.697 0.0000000000
78526  -42.931  -28.527  47.669 0.0000000000
79889  -50.545  -27.529  41.385 0.0000000000
64666  -39.654  -39.858  49.617 0.0000000000
79846  -46.827  -28.167  44.810 0.0000000000
92640  -50.805  -17.744  37.105 0.0000000000
95130  -55.859  -16.008  35.382 0.0000000000
67289  -43.309  -37.877  46.507 0.0000000000
74550  -41.576  -31.710  47.643 0.0000000000
74532  -39.638  -31.163  49.710 0.0000000000
63198  -20.672  -40.698  62.974 0.0000000000
69501  -23.581  -35.053  61.662 0.0000000000
73207  -25.588  -32.425  56.846 0.0000000000
70777  -31.141  -34.932  57.852 0.0000000000
67164  -35.581  -37.755  54.857 0.0000000000
62119  -39.287  -41.235  52.355 0.0000000000
62189  -41.868  -40.928  48.469 0.0000000000
75866  -45.767  -30.537  45.541 0.0000000000
96354  -55.697  -14.206  33.299 0.0000000000
68487  -42.313  -36.410  49.352 0.0000000000
70888  -40.798  -34.115  48.711 0.0000000000
72049  -39.856  -33.486  49.411 0.0000000000
64481  -20.726  -39.466  61.284 0.0000000000
65766  -22.746  -38.506  62.777 0.0000000000
68432  -35.939  -37.242  53.098 0.0000000000
64575  -37.554  -39.610  53.641 0.0000000000
65908  -37.982  -38.539  51.895 0.0000000000
64687  -41.145  -38.871  48.675 0.0000000000
63373  -41.362  -40.581  49.790 0.0000000000
64669  -41.812  -39.472  48.708 0.0000000000
64700  -42.606  -39.234  47.596 0.0000000000
77082  -42.975  -29.774  48.989 0.0000000000
74568  -44.072  -31.099  47.287 0.0000000000
77102  -44.703  -29.374  48.336 0.0000000000
81122  -48.299  -28.224  42.281 0.0000000000
77158  -48.867  -29.773  44.110 0.0000000000
78631  -49.791  -29.352  42.038 0.0000000000
79928  -50.918  -28.136  40.116 0.0000000000
91411  -52.558  -18.787  38.095 0.0000000000
90194  -51.101  -19.827  39.073 0.0000000000
64646  -37.835  -38.994  50.422 0.0000000000
81157  -48.775  -27.189  40.625 0.0000000000
93893  -52.900  -16.963  37.016 0.0000000000
91426  -54.822  -17.942  36.785 0.0000000000
95184  -56.350  -14.678  32.130 0.0000000000
67328  -42.654  -37.585  44.473 0.0000000000
69734  -41.457  -35.053  47.112 0.0000000000
74515  -40.871  -31.289  49.316 0.0000000000
60775  -20.107  -41.939  62.492 0.0000000000
69526  -23.690  -34.946  59.627 0.0000000000
71943  -23.503  -33.497  58.383 0.0000000000
71945  -24.988  -33.280  58.382 0.0000000000
71947  -27.038  -33.097  58.156 0.0000000000
69530  -30.002  -34.899  59.213 0.0000000000
68333  -32.232  -36.547  57.471 0.0000000000
69579  -33.124  -36.457  56.475 0.0000000000
63299  -35.340  -40.414  54.492 0.0000000000
63351  -39.877  -40.570  51.366 0.0000000000
62169  -41.011  -41.485  49.794 0.0000000000
60972  -40.635  -41.789  47.842 0.0000000000
61010  -41.095  -41.285  45.972 0.0000000000
63465  -42.315  -39.783  45.048 0.0000000000
77131  -47.246  -29.617  46.324 0.0000000000
86362  -50.544  -22.529  39.736 0.0000000000
82322  -52.896  -25.205  40.913 0.0000000000
58424  -19.361  -43.702  63.080 0.0000000000
68468  -41.818  -36.371  49.650 0.0000000000
69673  -41.195  -35.656  49.436 0.0000000000
69672  -40.600  -35.549  49.269 0.0000000000
68448  -35.770  -37.127  52.358 0.0000000000
67206  -37.237  -38.108  52.125 0.0000000000
67222  -36.971  -37.969  51.361 0.0000000000
67242  -41.357  -37.382  49.379 0.0000000000
65944  -41.641  -38.350  48.829 0.0000000000
67243  -42.069  -37.255  49.262 0.0000000000
78487  -43.374  -29.209  48.742 0.0000000000
79782  -43.596  -28.334  47.896 0.0000000000
79888  -49.739  -27.665  41.533 0.0000000000
78611  -49.550  -28.955  42.292 0.0000000000
78612  -50.172  -28.290  41.812 0.0000000000
78652  -50.403  -28.709  41.045 0.0000000000
79890  -51.066  -27.314  41.404 0.0000000000
91424  -53.338  -18.700  37.224 0.0000000000
90207  -52.625  -19.769  38.348 0.0000000000
89016  -52.514  -20.152  37.397 0.0000000000
95126  -52.506  -15.965  35.216 0.0000000000
93910  -54.405  -16.710  36.263 0.0000000000
93884  -54.507  -17.770  37.058 0.0000000000
93896  -55.283  -17.350  36.107 0.0000000000
91459  -55.965  -17.278  35.271 0.0000000000
93930  -56.242  -16.498  35.281 0.0000000000
96372  -56.436  -14.113  32.506 0.0000000000
67307  -43.211  -37.189  46.269 0.0000000000
68562  -42.726  -36.314  46.136 0.0000000000
69720  -41.865  -35.875  47.466 0.0000000000
73297  -39.939  -32.431  49.672 0.0000000000
72064  -40.995  -33.344  49.201 0.0000000000
74514  -40.142  -31.246  49.698 0.0000000000
77062  -40.821  -29.921  49.797 0.0000000000
77079  -39.925  -29.617  49.258 0.0000000000
61992  -21.366  -41.192  62.357 0.0000000000
63208  -21.428  -40.285  62.434 0.0000000000
68289  -23.511  -36.419  61.657 0.0000000000
73206  -24.724  -32.462  56.831 0.0000000000
73181  -24.157  -32.741  58.211 0.0000000000
71944  -24.013  -33.730  58.659 0.0000000000
73194  -25.623  -32.677  57.753 0.0000000000
71961  -25.841  -33.063  57.652 0.0000000000
73195  -26.801  -32.625  57.830 0.0000000000
70744  -31.276  -34.519  59.067 0.0000000000
68321  -31.555  -36.124  58.150 0.0000000000
68322  -31.946  -36.018  57.932 0.0000000000
68392  -34.558  -36.660  54.837 0.0000000000
69617  -33.824  -36.637  55.185 0.0000000000
68372  -34.335  -37.057  55.619 0.0000000000
67131  -33.944  -37.567  56.097 0.0000000000
67148  -35.207  -37.953  55.307 0.0000000000
64557  -34.571  -39.335  55.009 0.0000000000
65852  -35.557  -38.483  54.954 0.0000000000
63318  -38.253  -40.526  53.165 0.0000000000
62102  -37.763  -41.249  53.414 0.0000000000
60888  -38.485  -41.644  52.463 0.0000000000
60918  -39.066  -42.051  51.095 0.0000000000
64647  -38.460  -39.353  50.712 0.0000000000
63392  -39.731  -40.147  50.170 0.0000000000
63395  -41.704  -40.439  49.121 0.0000000000
62170  -41.398  -41.153  49.745 0.0000000000
60936  -41.571  -41.357  49.233 0.0000000000
60957  -41.015  -41.821  48.623 0.0000000000
60973  -41.235  -41.650  47.739 0.0000000000
62206  -41.585  -41.360  47.310 0.0000000000
65985  -43.106  -38.289  46.667 0.0000000000
63422  -42.764  -39.553  46.302 0.0000000000
65995  -43.279  -38.524  46.010 0.0000000000
66015  -42.816  -38.577  45.236 0.0000000000
63206  -19.714  -40.284  62.336 0.0000000000
63197  -19.958  -40.767  63.022 0.0000000000
60765  -19.498  -41.891  63.223 0.0000000000
72135  -41.298  -33.064  45.853 0.0000000000
74582  -41.961  -31.896  46.162 0.0000000000
75847  -44.812  -30.572  46.243 0.0000000000
79826  -46.083  -27.943  45.681 0.0000000000
79806  -46.327  -28.240  46.539 0.0000000000
79807  -46.950  -28.452  46.002 0.0000000000
75908  -49.187  -30.707  43.290 0.0000000000
74630  -48.585  -31.160  44.280 0.0000000000
87712  -52.168  -21.099  39.688 0.0000000000
88958  -50.892  -21.271  40.194 0.0000000000
86343  -51.652  -22.635  40.160 0.0000000000
84888  -51.575  -23.642  40.142 0.0000000000
84890  -52.653  -23.953  39.923 0.0000000000
81174  -53.088  -25.598  39.823 0.0000000000
96340  -55.096  -14.805  34.232 0.0000000000
96341  -55.540  -14.907  33.961 0.0000000000
96353  -55.161  -14.239  33.356 0.0000000000
97595  -55.708  -12.971  32.945 0.0000000000
68512  -42.537  -36.720  48.014 0.0000000000
69700  -42.048  -35.847  48.290 0.0000000000
69685  -41.460  -35.531  49.078 0.0000000000
72050  -40.357  -33.380  49.373 0.0000000000
73296  -39.406  -32.502  49.551 0.0000000000
64471  -20.682  -39.603  62.023 0.0000000000
64472  -21.660  -39.429  62.098 0.0000000000
68296  -22.632  -35.987  60.998 0.0000000000
68394  -36.233  -37.268  54.166 0.0000000000
65868  -36.464  -38.529  54.245 0.0000000000
67180  -36.935  -38.378  53.349 0.0000000000
65886  -37.950  -39.288  52.904 0.0000000000
64595  -39.219  -40.199  52.548 0.0000000000
64667  -40.687  -39.941  49.504 0.0000000000
64668  -41.319  -39.423  48.785 0.0000000000
64651  -41.485  -40.061  49.126 0.0000000000
63409  -42.233  -40.083  48.165 0.0000000000
62207  -42.003  -40.857  47.426 0.0000000000
64688  -42.311  -39.185  48.299 0.0000000000
67287  -42.347  -37.854  47.782 0.0000000000
63219  -19.608  -40.191  61.218 0.0000000000
75792  -41.939  -30.197  48.509 0.0000000000
75829  -42.478  -31.264  47.185 0.0000000000
75793  -43.279  -30.150  48.692 0.0000000000
75812  -44.037  -30.648  48.356 0.0000000000
75833  -45.839  -30.178  47.508 0.0000000000
81106  -47.463  -28.357  43.781 0.0000000000
79829  -48.135  -28.731  44.836 0.0000000000
78588  -48.744  -28.958  43.660 0.0000000000
77180  -49.305  -29.806  43.147 0.0000000000
92630  -52.051  -18.193  37.911 0.0000000000
91409  -50.980  -18.956  38.803 0.0000000000
90206  -52.270  -19.303  38.568 0.0000000000
88981  -52.545  -20.731  38.713 0.0000000000
69684  -40.417  -36.020  48.844 0.0000000000
65942  -40.768  -38.097  48.845 0.0000000000
78547  -43.610  -28.421  46.663 0.0000000000
79885  -46.967  -28.227  42.820 0.0000000000
79886  -47.550  -28.215  42.359 0.0000000000
81141  -48.733  -27.717  41.513 0.0000000000
81142  -49.686  -27.111  41.152 0.0000000000
93892  -51.897  -16.961  37.060 0.0000000000
92643  -53.305  -17.654  37.286 0.0000000000
91413  -53.929  -18.078  37.225 0.0000000000
91425  -54.136  -18.283  37.006 0.0000000000
95151  -55.938  -15.446  33.552 0.0000000000
93969  -55.856  -15.882  33.310 0.0000000000
68577  -42.848  -35.849  45.530 0.0000000000
70923  -41.668  -34.635  46.383 0.0000000000
72097  -41.102  -33.266  47.533 0.0000000000
70889  -41.027  -34.478  48.376 0.0000000000
72078  -41.196  -33.349  48.512 0.0000000000
74534  -41.295  -31.380  48.496 0.0000000000
75774  -41.299  -30.347  49.372 0.0000000000
78484  -41.441  -29.291  48.871 0.0000000000
72048  -39.429  -33.618  49.203 0.0000000000
73311  -38.891  -32.571  49.010 0.0000000000
77099  -39.236  -29.713  48.440 0.0000000000
59580  -19.398  -42.938  62.578 0.0000000000
60788  -19.877  -41.841  61.724 0.0000000000
69541  -23.622  -35.421  58.470 0.0000000000
68309  -22.238  -36.407  59.610 0.0000000000
69516  -22.596  -35.142  60.135 0.0000000000
71915  -23.648  -33.733  60.754 0.0000000000
70753  -24.076  -34.162  58.480 0.0000000000
69542  -27.965  -34.873  58.263 0.0000000000
68318  -29.132  -35.998  58.173 0.0000000000
69576  -30.789  -35.515  56.553 0.0000000000
68348  -32.540  -36.390  55.981 0.0000000000
69560  -31.710  -35.576  57.247 0.0000000000
69562  -33.009  -36.431  57.031 0.0000000000
67130  -33.176  -37.511  56.663 0.0000000000
63300  -36.279  -40.150  54.512 0.0000000000
65924  -37.695  -38.526  51.072 0.0000000000
64629  -38.777  -39.525  51.668 0.0000000000
63333  -39.704  -40.789  52.152 0.0000000000
63372  -40.635  -40.611  50.441 0.0000000000
62153  -40.604  -41.237  50.508 0.0000000000
62137  -39.856  -41.281  51.692 0.0000000000
60934  -40.477  -41.712  49.577 0.0000000000
59757  -39.969  -41.889  48.957 0.0000000000
61031  -41.102  -41.035  45.354 0.0000000000
62223  -42.157  -40.683  46.390 0.0000000000
62239  -42.110  -40.492  45.632 0.0000000000
63463  -41.159  -40.442  44.611 0.0000000000
64753  -41.590  -39.339  44.188 0.0000000000
59558  -19.575  -42.897  63.220 0.0000000000
79784  -44.980  -27.984  47.604 0.0000000000
77104  -45.962  -29.075  47.532 0.0000000000
75849  -46.611  -30.280  46.662 0.0000000000
77143  -47.727  -29.673  45.640 0.0000000000
74608  -47.776  -30.876  45.426 0.0000000000
74627  -47.038  -31.072  45.194 0.0000000000
81158  -49.535  -26.420  40.537 0.0000000000
82319  -50.953  -25.920  40.979 0.0000000000
88980  -50.421  -20.216  38.768 0.0000000000
87732  -49.429  -21.557  38.776 0.0000000000
84887  -50.923  -23.727  39.796 0.0000000000
83553  -51.611  -24.997  41.043 0.0000000000
82303  -51.536  -25.956  41.778 0.0000000000
81159  -52.511  -26.527  40.741 0.0000000000
68467  -41.230  -36.353  49.725 0.0000000000
68447  -35.158  -36.877  51.880 0.0000000000
67205  -36.451  -37.487  52.059 0.0000000000
67221  -36.338  -37.704  50.864 0.0000000000
67223  -41.545  -36.888  49.661 0.0000000000
78505  -41.879  -29.146  48.198 0.0000000000
79760  -43.061  -28.654  48.155 0.0000000000
79868  -49.910  -28.157  41.837 0.0000000000
79870  -50.686  -27.767  41.711 0.0000000000
90220  -53.237  -19.149  37.129 0.0000000000
90219  -52.922  -19.536  37.484 0.0000000000
95129  -55.065  -16.143  35.143 0.0000000000
95114  -55.195  -16.564  35.406 0.0000000000
93911  -54.909  -16.853  35.603 0.0000000000
93912  -55.689  -16.875  35.616 0.0000000000
69721  -42.286  -36.243  47.095 0.0000000000
68539  -42.685  -36.677  47.057 0.0000000000
74513  -39.571  -31.707  49.775 0.0000000000
73298  -40.542  -32.324  49.497 0.0000000000
75790  -39.936  -30.447  49.694 0.0000000000
68290  -23.968  -36.347  61.613 0.0000000000
73192  -24.042  -32.072  57.733 0.0000000000
73193  -24.794  -32.466  57.717 0.0000000000
70758  -30.403  -34.372  58.251 0.0000000000
71951  -30.281  -34.025  58.649 0.0000000000
70759  -31.299  -34.548  58.428 0.0000000000
69533  -31.747  -35.126  58.768 0.0000000000
70778  -31.521  -35.197  57.887 0.0000000000
68393  -35.542  -37.050  54.650 0.0000000000
68373  -35.116  -37.432  55.265 0.0000000000
62104  -38.786  -40.922  52.745 0.0000000000
62103  -38.470  -41.161  52.873 0.0000000000
60889  -38.801  -41.569  52.386 0.0000000000
60904  -39.138  -41.715  51.859 0.0000000000
62136  -39.501  -41.441  51.950 0.0000000000
62171  -41.772  -41.078  49.197 0.0000000000
60958  -41.571  -41.466  48.658 0.0000000000
60974  -41.666  -41.289  47.947 0.0000000000
67288  -42.763  -37.532  47.202 0.0000000000
64702  -43.117  -38.593  46.283 0.0000000000
67320  -43.512  -38.123  45.892 0.0000000000
61979  -20.113  -41.333  63.067 0.0000000000
73342  -41.251  -32.327  47.144 0.0000000000
73361  -41.488  -32.323  46.231 0.0000000000
74565  -42.030  -31.682  46.838 0.0000000000
75848  -45.780  -30.557  46.557 0.0000000000
79845  -46.259  -27.917  44.633 0.0000000000
79827  -46.816  -28.201  45.592 0.0000000000
79847  -47.105  -28.277  45.100 0.0000000000
91437  -49.791  -18.515  36.423 0.0000000000
87699  -52.335  -22.078  39.705 0.0000000000
87698  -51.910  -21.652  40.016 0.0000000000
84889  -52.182  -23.538  40.010 0.0000000000
68488  -42.534  -36.482  48.812 0.0000000000
69686  -42.286  -35.808  49.011 0.0000000000
69674  -41.927  -35.907  49.478 0.0000000000
70863  -40.363  -34.586  49.183 0.0000000000
70864  -40.781  -35.116  49.038 0.0000000000
67083  -22.314  -37.180  60.528 0.0000000000
68431  -35.274  -36.934  53.080 0.0000000000
68413  -35.533  -36.595  53.948 0.0000000000
68414  -36.236  -37.067  53.784 0.0000000000
67179  -36.532  -37.866  53.658 0.0000000000
67191  -36.568  -37.637  52.954 0.0000000000
67192  -37.044  -38.261  52.957 0.0000000000
65897  -37.786  -38.735  52.579 0.0000000000
64594  -38.482  -39.882  52.918 0.0000000000
64612  -38.852  -39.618  52.384 0.0000000000
64686  -40.720  -39.122  48.560 0.0000000000
67244  -42.483  -36.785  49.066 0.0000000000
67266  -42.199  -37.823  48.399 0.0000000000
67267  -42.466  -37.172  48.412 0.0000000000
64470  -20.087  -39.700  61.633 0.0000000000
78508  -44.090  -28.916  48.344 0.0000000000
75794  -44.153  -30.065  48.851 0.0000000000
75795  -44.513  -29.785  48.600 0.0000000000
75813  -44.986  -30.088  48.290 0.0000000000
75814  -45.587  -29.850  47.958 0.0000000000
81107  -47.989  -28.353  43.267 0.0000000000
79848  -48.273  -28.550  43.866 0.0000000000
78610  -49.088  -29.058  43.086 0.0000000000
77199  -49.615  -29.807  42.311 0.0000000000
75925  -49.366  -30.649  42.429 0.0000000000
77200  -49.915  -29.797  41.809 0.0000000000
91410  -51.793  -18.873  38.625 0.0000000000
67241  -40.759  -37.517  49.120 0.0000000000
81156  -48.213  -27.817  41.350 0.0000000000
79907  -49.215  -27.610  41.467 0.0000000000
93909  -53.407  -16.317  36.363 0.0000000000
93908  -52.200  -16.378  36.223 0.0000000000
93907  -51.272  -16.960  36.289 0.0000000000
92642  -52.442  -17.596  37.372 0.0000000000
92634  -54.673  -17.936  36.979 0.0000000000
92633  -54.293  -18.005  37.293 0.0000000000
91414  -54.507  -17.966  37.187 0.0000000000
91441  -54.391  -18.406  36.343 0.0000000000
91442  -55.145  -18.055  36.139 0.0000000000
92690  -56.497  -17.028  34.542 0.0000000000
96342  -55.806  -14.983  33.643 0.0000000000
95168  -56.196  -15.133  32.764 0.0000000000
67336  -42.530  -37.166  43.830 0.0000000000
68589  -43.190  -36.559  44.419 0.0000000000
68578  -43.193  -36.357  45.291 0.0000000000
69735  -42.214  -35.576  46.418 0.0000000000
68561  -42.583  -35.798  45.875 0.0000000000
70922  -41.132  -34.097  46.869 0.0000000000
69699  -41.444  -35.468  48.590 0.0000000000
73312  -41.024  -32.337  49.242 0.0000000000
72065  -41.270  -32.848  49.068 0.0000000000
74533  -41.087  -31.846  49.031 0.0000000000
73313  -41.224  -32.367  48.806 0.0000000000
74516  -41.297  -30.748  49.009 0.0000000000
77080  -40.848  -29.665  49.454 0.0000000000
59569  -19.723  -43.013  62.947 0.0000000000
59592  -19.188  -42.686  62.044 0.0000000000
61993  -22.177  -40.825  61.834 0.0000000000
64473  -22.509  -39.189  62.297 0.0000000000
64462  -22.940  -38.828  63.007 0.0000000000
69527  -24.343  -35.758  60.193 0.0000000000
68302  -22.344  -35.700  59.577 0.0000000000
71929  -23.586  -33.950  59.668 0.0000000000
71930  -24.019  -33.790  60.202 0.0000000000
73182  -24.853  -32.723  58.492 0.0000000000
71960  -25.031  -33.442  57.458 0.0000000000
71962  -26.805  -33.247  57.683 0.0000000000
71963  -27.489  -33.556  58.013 0.0000000000
70773  -27.694  -34.279  57.879 0.0000000000
70755  -27.747  -34.097  58.569 0.0000000000
70742  -29.403  -34.132  59.316 0.0000000000
70728  -28.601  -33.657  59.605 0.0000000000
69529  -29.090  -34.709  59.062 0.0000000000
69543  -28.742  -35.198  58.530 0.0000000000
69544  -29.573  -35.462  58.760 0.0000000000
68319  -30.000  -36.249  58.390 0.0000000000
68332  -31.323  -36.619  57.555 0.0000000000
67114  -31.708  -37.318  57.080 0.0000000000
67128  -31.694  -37.679  56.697 0.0000000000
67129  -32.227  -37.682  56.717 0.0000000000
69599  -33.465  -36.559  55.712 0.0000000000
68370  -33.140  -36.488  55.474 0.0000000000
69598  -33.126  -36.492  55.894 0.0000000000
69578  -32.610  -36.285  56.434 0.0000000000
69580  -33.542  -36.708  56.424 0.0000000000
68351  -33.637  -37.027  56.568 0.0000000000
65833  -33.475  -38.149  56.007 0.0000000000
63285  -35.361  -39.881  54.972 0.0000000000
63284  -34.768  -40.023  54.843 0.0000000000
65869  -37.152  -38.932  53.893 0.0000000000
64574  -36.881  -39.463  54.238 0.0000000000
65923  -36.948  -38.281  50.654 0.0000000000
64630  -39.268  -40.019  51.143 0.0000000000
64613  -39.442  -40.056  51.972 0.0000000000
64649  -41.118  -40.316  49.896 0.0000000000
62154  -41.171  -40.904  50.256 0.0000000000
60919  -39.698  -41.667  50.901 0.0000000000
60956  -40.479  -41.867  48.603 0.0000000000
59766  -40.157  -41.792  47.996 0.0000000000
60991  -41.178  -41.586  46.754 0.0000000000
63421  -42.624  -40.038  46.959 0.0000000000
63450  -42.425  -40.021  45.518 0.0000000000
62258  -42.049  -40.231  45.161 0.0000000000
62257  -41.519  -40.610  45.107 0.0000000000
63464  -41.646  -40.010  44.596 0.0000000000
64733  -42.124  -39.374  44.557 0.0000000000
67319  -43.255  -37.623  45.461 0.0000000000
66014  -42.317  -38.588  44.606 0.0000000000
60766  -19.792  -41.985  62.979 0.0000000000
60757  -19.398  -42.492  63.260 0.0000000000
75830  -42.951  -31.025  47.395 0.0000000000
74566  -42.834  -31.399  46.794 0.0000000000
74567  -43.544  -31.172  47.062 0.0000000000
78548  -44.395  -28.269  46.766 0.0000000000
78528  -44.375  -28.228  47.263 0.0000000000
78549  -46.668  -28.957  46.608 0.0000000000
78529  -46.098  -28.618  47.284 0.0000000000
77130  -46.746  -29.726  46.850 0.0000000000
75834  -46.452  -29.959  47.227 0.0000000000
75850  -47.102  -30.070  46.572 0.0000000000
78572  -48.410  -28.988  44.510 0.0000000000
78571  -47.839  -29.009  45.157 0.0000000000
77144  -48.327  -29.710  44.998 0.0000000000
74629  -48.094  -31.357  44.960 0.0000000000
74607  -47.470  -31.019  45.372 0.0000000000
75889  -47.307  -31.101  44.611 0.0000000000
82318  -50.185  -26.097  40.827 0.0000000000
82339  -50.723  -25.488  40.467 0.0000000000
91403  -51.148  -19.328  39.015 0.0000000000
90205  -50.511  -19.486  38.415 0.0000000000
87697  -51.002  -21.784  40.382 0.0000000000
88965  -50.136  -21.164  39.145 0.0000000000
87710  -50.009  -21.699  39.217 0.0000000000
86382  -49.327  -22.095  38.836 0.0000000000
84907  -50.315  -23.400  39.232 0.0000000000
83569  -52.067  -24.256  40.682 0.0000000000
83554  -51.888  -24.866  41.146 0.0000000000
82320  -51.508  -25.455  41.167 0.0000000000
82321  -52.167  -25.553  41.340 0.0000000000
81144  -52.199  -26.388  41.396 0.0000000000
81145  -52.638  -25.895  41.049 0.0000000000
70862  -39.854  -34.547  49.267 0.0000000000
65943  -41.200  -38.301  48.916 0.0000000000
65967  -42.060  -38.428  48.580 0.0000000000
78486  -42.665  -29.109  48.896 0.0000000000
78507  -43.333  -28.793  48.414 0.0000000000
79762  -43.884  -28.405  48.104 0.0000000000
79867  -48.835  -28.529  42.538 0.0000000000
78632  -50.039  -28.959  41.696 0.0000000000
78633  -50.497  -28.107  41.582 0.0000000000
78653  -50.666  -27.815  41.045 0.0000000000
79910  -51.312  -27.457  40.767 0.0000000000
91423  -52.893  -19.018  37.718 0.0000000000
93927  -54.015  -16.194  35.759 0.0000000000
93894  -53.973  -17.445  36.950 0.0000000000
93895  -54.759  -17.506  36.575 0.0000000000
92645  -54.972  -17.700  36.475 0.0000000000
91427  -55.109  -17.565  36.324 0.0000000000
92660  -55.879  -17.050  35.572 0.0000000000
92674  -56.278  -16.964  35.130 0.0000000000
93943  -56.508  -16.524  34.735 0.0000000000
97581  -56.031  -13.222  33.074 0.0000000000
96355  -56.136  -14.321  33.129 0.0000000000
97582  -56.342  -13.378  32.711 0.0000000000
97596  -56.586  -13.324  32.199 0.0000000000
97608  -56.418  -13.474  31.639 0.0000000000
69736  -42.492  -36.262  46.679 0.0000000000
75773  -40.705  -30.339  49.672 0.0000000000
75772  -40.299  -30.499  49.709 0.0000000000
75791  -40.442  -30.208  49.765 0.0000000000
61991  -20.451  -41.515  62.779 0.0000000000
70739  -24.341  -34.698  60.510 0.0000000000
73183  -25.303  -32.821  58.372 0.0000000000
71946  -25.476  -32.879  58.167 0.0000000000
69531  -30.819  -35.021  59.250 0.0000000000
69545  -30.408  -35.621  58.899 0.0000000000
69546  -31.062  -35.595  58.787 0.0000000000
68412  -34.648  -36.489  53.934 0.0000000000
68391  -33.882  -36.530  54.816 0.0000000000
69618  -34.038  -36.688  55.231 0.0000000000
69600  -33.856  -36.675  55.711 0.0000000000
65834  -34.173  -38.128  55.765 0.0000000000
64558  -35.344  -39.197  54.989 0.0000000000
63286  -35.803  -39.646  54.950 0.0000000000
63302  -37.805  -40.147  53.485 0.0000000000
63301  -37.517  -40.348  53.933 0.0000000000
63317  -37.991  -40.869  53.514 0.0000000000
60873  -38.151  -41.432  52.927 0.0000000000
59728  -39.291  -41.826  50.631 0.0000000000
64664  -37.920  -39.269  49.814 0.0000000000
64648  -39.276  -39.906  50.335 0.0000000000
63371  -39.825  -40.354  50.615 0.0000000000
63374  -41.475  -40.345  49.444 0.0000000000
63394  -41.603  -40.802  49.519 0.0000000000
60935  -41.258  -41.577  49.280 0.0000000000
62222  -41.660  -41.180  46.602 0.0000000000
64701  -42.837  -38.995  46.695 0.0000000000
63436  -42.694  -39.580  45.884 0.0000000000
63451  -42.563  -39.579  45.482 0.0000000000
64734  -42.518  -39.240  44.960 0.0000000000
63205  -18.633  -40.637  62.676 0.0000000000
63196  -19.060  -40.788  63.491 0.0000000000
74585  -44.122  -31.053  46.714 0.0000000000
79825  -45.096  -27.973  46.198 0.0000000000
79805  -45.568  -28.043  46.803 0.0000000000
78550  -47.272  -28.980  45.815 0.0000000000
77159  -49.131  -30.276  43.701 0.0000000000
75890  -48.547  -30.585  44.692 0.0000000000
88967  -51.637  -20.679  39.678 0.0000000000
86342  -51.111  -22.832  40.224 0.0000000000
83570  -52.699  -24.433  40.391 0.0000000000
82341  -53.232  -25.023  40.208 0.0000000000
95142  -55.421  -15.490  34.644 0.0000000000
97580  -55.609  -13.505  33.086 0.0000000000
98834  -55.798  -12.259  32.609 0.0000000000
69701  -42.359  -36.291  47.804 0.0000000000
69687  -42.463  -36.205  48.467 0.0000000000
70876  -40.833  -34.943  48.644 0.0000000000
70875  -40.570  -34.225  48.951 0.0000000000
63207  -20.694  -40.175  62.544 0.0000000000
67062  -22.434  -38.272  62.080 0.0000000000
67063  -22.888  -37.859  62.083 0.0000000000
68288  -23.077  -36.314  61.551 0.0000000000
69500  -23.111  -35.321  61.442 0.0000000000
70776  -30.528  -34.794  57.702 0.0000000000
65867  -35.893  -38.195  54.573 0.0000000000
65884  -36.887  -38.510  53.659 0.0000000000
65885  -37.402  -38.891  53.267 0.0000000000
64593  -37.810  -39.573  53.135 0.0000000000
63319  -39.023  -40.640  52.692 0.0000000000
64650  -41.289  -40.164  49.474 0.0000000000
65983  -42.363  -38.509  47.990 0.0000000000
65984  -42.668  -38.406  47.277 0.0000000000
75810  -42.053  -30.907  47.583 0.0000000000
75811  -43.014  -30.522  47.983 0.0000000000
75831  -43.751  -31.022  47.696 0.0000000000
75832  -44.751  -30.795  47.426 0.0000000000
81105  -46.858  -28.278  44.047 0.0000000000
81078  -47.391  -28.443  44.940 0.0000000000
81091  -47.754  -28.403  44.223 0.0000000000
77179  -49.028  -29.349  43.565 0.0000000000
92629  -51.157  -18.060  38.255 0.0000000000
90195  -51.920  -19.869  38.885 0.0000000000
90196  -52.372  -20.284  38.820 0.0000000000
88968  -52.293  -20.665  39.268 0.0000000000
87713  -52.501  -21.592  39.283 0.0000000000
68485  -40.802  -36.597  49.443 0.0000000000
68466  -40.842  -36.165  49.642 0.0000000000
64685  -39.942  -39.488  48.750 0.0000000000
65966  -40.921  -38.550  48.705 0.0000000000
78546  -42.624  -28.648  46.596 0.0000000000
78569  -43.417  -28.574  45.618 0.0000000000
78570  -44.377  -28.346  45.810 0.0000000000
79866  -46.764  -28.269  43.958 0.0000000000
81120  -47.185  -28.319  43.509 0.0000000000
81121  -47.627  -28.297  42.851 0.0000000000
81140  -47.978  -28.059  42.023 0.0000000000
79887  -49.031  -27.952  41.757 0.0000000000
81124  -50.431  -26.940  41.238 0.0000000000
93891  -51.147  -17.319  36.883 0.0000000000
92641  -51.588  -17.652  37.461 0.0000000000
92631  -52.841  -18.118  37.519 0.0000000000
92644  -53.870  -17.836  37.225 0.0000000000
92632  -53.628  -17.997  37.325 0.0000000000
91412  -53.148  -18.401  37.437 0.0000000000
91440  -53.362  -18.926  36.633 0.0000000000
91458  -55.385  -17.939  35.169 0.0000000000
95143  -56.061  -15.800  34.440 0.0000000000
93956  -56.432  -16.435  33.878 0.0000000000
69749  -42.532  -35.303  45.465 0.0000000000
70936  -41.973  -34.465  45.509 0.0000000000
70935  -41.493  -33.822  46.070 0.0000000000
72119  -41.018  -33.140  46.563 0.0000000000
69719  -41.321  -35.329  47.947 0.0000000000
70906  -41.157  -34.283  47.751 0.0000000000
72077  -40.947  -33.783  48.692 0.0000000000
73327  -41.302  -32.401  48.078 0.0000000000
77081  -41.724  -29.673  49.095 0.0000000000
77063  -41.091  -29.943  49.656 0.0000000000
78525  -41.895  -29.146  47.524 0.0000000000
69671  -39.989  -35.110  49.422 0.0000000000
74531  -39.013  -31.267  49.560 0.0000000000
75789  -39.384  -30.150  49.127 0.0000000000
59591  -18.855  -42.926  62.145 0.0000000000
63209  -22.293  -40.032  62.099 0.0000000000
68303  -22.356  -36.197  60.162 0.0000000000
69507  -22.987  -34.713  61.169 0.0000000000
70715  -23.417  -33.904  61.266 0.0000000000
70738  -24.223  -34.090  59.749 0.0000000000
74413  -27.252  -32.232  58.475 0.0000000000
71932  -27.976  -32.639  58.742 0.0000000000
70740  -27.856  -33.828  59.214 0.0000000000
69528  -28.246  -34.541  58.958 0.0000000000
68320  -30.831  -36.218  58.332 0.0000000000
68331  -30.533  -36.591  57.584 0.0000000000
70794  -30.115  -35.083  56.850 0.0000000000
68369  -32.204  -36.415  55.471 0.0000000000
69577  -31.761  -35.942  56.419 0.0000000000
69559  -31.079  -35.388  57.205 0.0000000000
69561  -32.159  -35.876  57.506 0.0000000000
68350  -33.368  -37.127  56.937 0.0000000000
67115  -32.685  -37.209  57.168 0.0000000000
65853  -36.018  -38.589  54.671 0.0000000000
64559  -36.116  -39.163  54.791 0.0000000000
62087  -37.100  -40.976  54.080 0.0000000000
62086  -36.076  -40.905  53.935 0.0000000000
65925  -38.275  -38.967  51.503 0.0000000000
65909  -38.377  -39.063  52.135 0.0000000000
62120  -39.755  -41.133  52.136 0.0000000000
63393  -40.136  -40.292  50.068 0.0000000000
63352  -40.227  -40.957  51.467 0.0000000000
63334  -40.047  -40.942  51.848 0.0000000000
59744  -39.552  -41.741  50.010 0.0000000000
62238  -41.636  -40.909  45.824 0.0000000000
63435  -42.570  -40.146  46.064 0.0000000000
64752  -41.021  -39.320  43.769 0.0000000000
66013  -41.907  -38.864  44.266 0.0000000000
58411  -19.228  -43.509  63.285 0.0000000000
58437  -19.351  -43.548  62.795 0.0000000000
78527  -43.892  -28.297  47.381 0.0000000000
79783  -44.346  -28.137  47.692 0.0000000000
79763  -44.649  -28.243  48.036 0.0000000000
79785  -45.704  -28.173  47.414 0.0000000000
78510  -45.601  -28.511  47.741 0.0000000000
77103  -45.465  -29.301  47.875 0.0000000000
77117  -45.813  -29.703  47.768 0.0000000000
75867  -46.784  -30.821  45.712 0.0000000000
79828  -47.367  -28.488  45.217 0.0000000000
75869  -48.062  -30.490  45.365 0.0000000000
75868  -47.423  -30.439  45.964 0.0000000000
81143  -50.540  -26.460  41.113 0.0000000000
82302  -50.948  -26.074  41.461 0.0000000000
91422  -50.462  -18.818  37.489 0.0000000000
90218  -50.226  -19.440  37.866 0.0000000000
88998  -49.457  -20.033  37.745 0.0000000000
88966  -50.663  -20.987  39.621 0.0000000000
88979  -49.605  -20.825  38.592 0.0000000000
88978  -48.709  -20.967  38.155 0.0000000000
83583  -50.339  -24.207  39.186 0.0000000000
83567  -50.427  -24.836  39.832 0.0000000000
83568  -51.400  -24.773  40.553 0.0000000000
82340  -51.194  -25.424  40.814 0.0000000000
81125  -51.058  -26.663  41.474 0.0000000000
81126  -51.629  -26.549  41.650 0.0000000000
79911  -52.005  -27.095  41.069 0.0000000000
79930  -52.025  -27.141  40.386 0.0000000000
81160  -52.983  -25.837  40.459 0.0000000000
79949  -51.876  -27.134  39.841 0.0000000000
79929  -51.382  -27.687  39.994 0.0000000000
58425  -19.496  -43.369  62.861 0.0000000000
58436  -19.049  -43.678  62.632 0.0000000000
59557  -19.101  -43.083  63.385 0.0000000000
59568  -19.442  -43.312  63.204 0.0000000000
59579  -19.102  -43.229  62.576 0.0000000000
60905  -39.567  -41.530  51.663 0.0000000000
62003  -19.663  -41.764  61.275 0.0000000000
62088  -37.674  -40.910  53.860 0.0000000000
62118  -38.839  -41.354  52.502 0.0000000000
63466  -42.520  -39.519  45.221 0.0000000000
64576  -37.935  -39.987  53.215 0.0000000000
64710  -42.914  -38.896  46.097 0.0000000000
64711  -43.133  -38.672  46.045 0.0000000000
64721  -42.787  -39.067  45.709 0.0000000000
64735  -42.640  -39.239  45.355 0.0000000000
65898  -38.297  -39.316  52.609 0.0000000000
65941  -37.287  -38.862  50.133 0.0000000000
65996  -43.342  -38.326  46.261 0.0000000000
66002  -43.253  -38.485  45.802 0.0000000000
66003  -43.459  -38.324  46.083 0.0000000000
67116  -33.156  -37.194  57.065 0.0000000000
67165  -36.068  -37.700  54.352 0.0000000000
67224  -41.706  -36.696  49.678 0.0000000000
67308  -43.538  -37.916  46.094 0.0000000000
68334  -33.220  -36.827  57.082 0.0000000000
68335  -33.507  -36.797  56.684 0.0000000000
68349  -32.893  -36.454  55.961 0.0000000000
68371  -33.598  -36.571  55.267 0.0000000000
69508  -23.303  -34.790  61.523 0.0000000000
69532  -31.419  -35.144  59.086 0.0000000000
69547  -31.612  -35.515  58.395 0.0000000000
69563  -33.355  -36.676  56.821 0.0000000000
70705  -23.756  -34.111  61.991 0.0000000000
70716  -23.467  -34.304  61.644 0.0000000000
70745  -31.726  -34.892  58.962 0.0000000000
70760  -31.676  -35.037  58.453 0.0000000000
71892  -23.810  -33.739  61.989 0.0000000000
71905  -23.852  -33.725  61.774 0.0000000000
71919  -28.304  -33.177  59.874 0.0000000000
71920  -28.658  -33.409  59.549 0.0000000000
71948  -27.535  -33.380  58.781 0.0000000000
71952  -31.019  -33.868  58.867 0.0000000000
71965  -30.627  -34.260  58.260 0.0000000000
71966  -30.903  -34.183  58.246 0.0000000000
73166  -28.531  -33.075  59.726 0.0000000000
73173  -27.540  -32.285  59.126 0.0000000000
73184  -26.711  -32.328  58.652 0.0000000000
74403  -27.182  -31.920  59.082 0.0000000000
74408  -27.258  -32.035  58.874 0.0000000000
74606  -47.244  -31.099  45.310 0.0000000000
74628  -47.363  -31.298  44.978 0.0000000000
74644  -47.651  -31.273  44.299 0.0000000000
75891  -48.985  -30.706  44.033 0.0000000000
77083  -43.608  -29.664  48.914 0.0000000000
77084  -44.154  -29.522  48.693 0.0000000000
77118  -46.177  -29.402  47.411 0.0000000000
78488  -43.791  -29.320  48.687 0.0000000000
78506  -42.808  -28.819  48.335 0.0000000000
78509  -44.992  -28.673  48.011 0.0000000000
78613  -50.544  -27.992  41.813 0.0000000000
79761  -43.315  -28.583  48.109 0.0000000000
79764  -45.345  -28.068  48.019 0.0000000000
79781  -43.165  -28.544  48.040 0.0000000000
79869  -50.587  -27.899  41.713 0.0000000000
79891  -51.880  -26.962  41.415 0.0000000000
79908  -49.459  -27.620  41.478 0.0000000000
81079  -47.563  -28.493  44.786 0.0000000000
81089  -47.005  -28.296  44.542 0.0000000000
81090  -47.280  -28.373  44.637 0.0000000000
81123  -49.940  -27.203  41.266 0.0000000000
82304  -51.980  -26.090  41.769 0.0000000000
82357  -52.812  -25.451  39.294 0.0000000000
83555  -52.429  -24.789  41.022 0.0000000000
83584  -53.032  -24.310  39.769 0.0000000000
84906  -49.593  -23.843  38.783 0.0000000000
86363  -52.456  -22.631  39.370 0.0000000000
87711  -50.541  -21.705  39.850 0.0000000000
88959  -51.247  -21.160  40.194 0.0000000000
90204  -49.994  -19.898  38.157 0.0000000000
90217  -49.856  -19.531  37.466 0.0000000000
91404  -51.395  -19.336  38.939 0.0000000000
91438  -50.417  -18.158  36.651 0.0000000000
91443  -55.394  -17.528  35.897 0.0000000000
92646  -55.572  -17.255  36.150 0.0000000000
92659  -50.544  -17.781  36.467 0.0000000000
92673  -55.956  -17.360  34.878 0.0000000000
93883  -54.384  -17.821  37.154 0.0000000000
93890  -50.888  -17.512  36.746 0.0000000000
93929  -54.952  -16.566  35.381 0.0000000000
95113  -52.748  -16.015  35.826 0.0000000000
95115  -55.455  -16.520  35.458 0.0000000000
96390  -56.573  -14.035  31.999 0.0000000000
