#!ascii label  , from subject HYGLY28_VISIT_2 vox2ras=TkReg
984
69833  -31.454  -35.333  41.268 0.0000000000
70927  -17.468  -34.454  45.515 0.0000000000
73424  -22.574  -32.643  41.930 0.0000000000
97660  -40.602  -12.944  26.243 0.0000000000
106085  -45.852  -6.781  20.760 0.0000000000
64602  -11.441  -38.863  51.466 0.0000000000
96442  -38.270  -14.535  28.659 0.0000000000
72230  -34.622  -32.582  39.743 0.0000000000
70983  -26.285  -34.936  41.167 0.0000000000
67254  -14.438  -36.824  48.414 0.0000000000
63342  -15.663  -41.039  51.618 0.0000000000
71038  -27.022  -33.867  37.931 0.0000000000
73545  -30.361  -32.489  35.889 0.0000000000
77150  -19.270  -29.377  44.020 0.0000000000
74685  -24.864  -31.292  40.605 0.0000000000
82546  -35.589  -25.231  28.592 0.0000000000
90323  -38.238  -19.423  29.113 0.0000000000
91624  -41.561  -18.569  25.844 0.0000000000
58512  -6.684  -44.726  55.374 0.0000000000
56229  -4.093  -46.501  58.804 0.0000000000
78744  -28.818  -28.392  35.736 0.0000000000
83649  -28.702  -26.137  34.378 0.0000000000
81304  -31.518  -26.755  31.572 0.0000000000
58547  -11.842  -44.342  53.539 0.0000000000
67295  -18.395  -37.079  47.025 0.0000000000
70915  -19.781  -34.699  46.026 0.0000000000
69811  -29.351  -35.705  41.582 0.0000000000
73302  -17.116  -32.562  48.896 0.0000000000
68523  -16.183  -36.320  46.964 0.0000000000
65956  -16.842  -38.580  48.185 0.0000000000
73473  -27.233  -31.962  39.384 0.0000000000
73497  -25.516  -32.595  38.794 0.0000000000
86528  -34.950  -21.950  29.056 0.0000000000
87899  -37.013  -21.745  28.544 0.0000000000
91549  -35.452  -18.592  29.750 0.0000000000
95262  -38.813  -16.355  26.513 0.0000000000
95276  -40.477  -15.357  25.507 0.0000000000
94067  -43.258  -15.869  24.783 0.0000000000
97684  -41.436  -13.347  24.670 0.0000000000
100160  -42.554  -10.924  23.796 0.0000000000
77241  -29.011  -29.943  38.680 0.0000000000
76006  -30.866  -30.450  36.313 0.0000000000
79956  -26.835  -28.033  38.412 0.0000000000
83646  -26.645  -23.957  35.864 0.0000000000
84995  -29.018  -23.499  33.602 0.0000000000
82468  -29.928  -25.726  33.164 0.0000000000
85015  -30.639  -23.421  32.291 0.0000000000
83720  -31.720  -24.464  30.950 0.0000000000
75912  -21.159  -29.875  42.733 0.0000000000
60863  -9.521  -42.524  52.955 0.0000000000
60892  -11.145  -41.946  51.693 0.0000000000
52604  -5.485  -49.602  59.832 0.0000000000
52591  -3.598  -49.099  61.007 0.0000000000
95171  -36.082  -15.212  31.385 0.0000000000
75968  -34.586  -30.318  39.030 0.0000000000
70981  -24.382  -34.227  41.298 0.0000000000
67208  -13.116  -37.776  50.122 0.0000000000
62140  -13.225  -40.915  50.666 0.0000000000
64658  -15.545  -40.059  49.522 0.0000000000
104997  -47.183  -7.800  19.416 0.0000000000
71023  -29.057  -34.575  39.112 0.0000000000
71042  -30.690  -34.026  38.564 0.0000000000
72263  -28.806  -33.216  36.791 0.0000000000
74537  -17.326  -31.584  47.655 0.0000000000
74592  -17.956  -31.832  44.949 0.0000000000
78534  -18.468  -28.174  46.463 0.0000000000
79853  -20.947  -27.557  44.038 0.0000000000
78617  -22.629  -28.652  41.991 0.0000000000
77188  -24.303  -29.370  42.130 0.0000000000
74684  -23.829  -31.335  40.256 0.0000000000
72206  -24.885  -33.910  39.750 0.0000000000
71003  -27.535  -34.737  39.756 0.0000000000
81307  -36.220  -27.246  30.631 0.0000000000
94007  -36.817  -16.648  28.421 0.0000000000
91571  -39.539  -18.762  27.796 0.0000000000
102676  -43.785  -10.093  22.404 0.0000000000
57358  -5.453  -45.504  57.335 0.0000000000
55073  -6.360  -47.864  57.964 0.0000000000
73526  -31.870  -32.615  36.865 0.0000000000
76008  -32.645  -30.925  36.570 0.0000000000
78730  -31.471  -28.334  36.621 0.0000000000
82386  -26.456  -25.674  36.861 0.0000000000
81219  -28.082  -26.855  35.352 0.0000000000
81221  -30.493  -26.800  36.502 0.0000000000
81237  -31.635  -26.928  35.343 0.0000000000
80085  -32.359  -27.877  33.979 0.0000000000
80106  -34.489  -28.177  32.501 0.0000000000
81320  -33.636  -26.974  29.837 0.0000000000
83735  -33.119  -23.844  29.545 0.0000000000
73372  -20.191  -32.521  44.252 0.0000000000
62078  -7.455  -42.180  54.908 0.0000000000
57418  -9.199  -45.251  54.566 0.0000000000
59683  -14.017  -43.336  53.183 0.0000000000
52573  -3.043  -49.410  61.339 0.0000000000
68544  -17.548  -36.413  46.017 0.0000000000
69727  -18.856  -35.971  46.003 0.0000000000
70928  -18.294  -34.841  45.037 0.0000000000
69812  -30.329  -35.710  41.682 0.0000000000
72085  -17.017  -33.398  47.178 0.0000000000
70898  -16.282  -34.504  47.687 0.0000000000
69726  -16.992  -35.261  46.288 0.0000000000
67293  -16.877  -37.020  46.659 0.0000000000
89090  -34.848  -20.545  29.806 0.0000000000
89091  -35.526  -20.462  29.274 0.0000000000
91532  -34.722  -18.023  30.502 0.0000000000
96458  -40.589  -13.482  27.051 0.0000000000
95264  -40.207  -14.939  26.766 0.0000000000
96483  -40.695  -14.196  25.327 0.0000000000
96484  -41.094  -14.421  24.872 0.0000000000
97669  -40.757  -13.207  25.299 0.0000000000
100143  -40.461  -11.310  25.005 0.0000000000
78693  -27.732  -28.863  38.619 0.0000000000
86439  -28.386  -22.117  34.856 0.0000000000
84996  -29.449  -23.258  33.087 0.0000000000
86478  -29.969  -22.491  32.832 0.0000000000
85016  -31.662  -23.367  32.031 0.0000000000
74665  -22.111  -31.078  42.225 0.0000000000
74650  -21.808  -31.520  43.003 0.0000000000
73413  -22.680  -32.837  43.080 0.0000000000
63324  -10.272  -40.546  52.087 0.0000000000
63339  -11.024  -40.493  51.399 0.0000000000
103861  -44.976  -8.790  20.819 0.0000000000
52592  -4.189  -49.554  60.647 0.0000000000
70988  -35.696  -33.737  41.836 0.0000000000
74689  -34.876  -31.496  39.735 0.0000000000
70982  -25.350  -34.591  41.249 0.0000000000
69790  -26.959  -35.243  42.271 0.0000000000
69677  -15.299  -34.687  49.299 0.0000000000
68471  -14.281  -35.910  49.538 0.0000000000
68450  -13.715  -36.137  50.282 0.0000000000
67227  -13.530  -37.840  49.181 0.0000000000
65932  -13.850  -39.157  48.972 0.0000000000
65953  -14.193  -38.574  48.566 0.0000000000
67229  -17.587  -38.100  49.315 0.0000000000
65916  -16.779  -39.088  49.590 0.0000000000
71022  -28.041  -34.560  38.849 0.0000000000
71040  -28.776  -34.309  38.129 0.0000000000
72262  -27.939  -33.266  37.098 0.0000000000
77093  -17.243  -28.957  48.262 0.0000000000
75819  -17.728  -30.228  46.711 0.0000000000
79793  -18.607  -27.526  47.473 0.0000000000
79814  -20.404  -27.124  45.583 0.0000000000
79833  -21.649  -27.204  44.477 0.0000000000
79873  -22.039  -28.181  42.537 0.0000000000
79855  -22.946  -27.459  43.479 0.0000000000
74667  -25.460  -30.999  41.649 0.0000000000
75933  -24.681  -30.616  41.273 0.0000000000
75932  -24.077  -29.909  41.149 0.0000000000
74705  -24.346  -31.783  39.843 0.0000000000
73446  -23.824  -32.398  40.066 0.0000000000
73470  -24.506  -32.519  39.457 0.0000000000
72245  -26.536  -33.390  38.150 0.0000000000
72226  -26.112  -33.804  38.752 0.0000000000
71021  -26.924  -34.240  38.775 0.0000000000
71004  -28.464  -34.734  39.892 0.0000000000
81337  -35.492  -26.611  29.390 0.0000000000
82517  -37.252  -26.144  30.030 0.0000000000
82547  -36.507  -25.006  28.695 0.0000000000
89093  -37.658  -20.218  28.696 0.0000000000
86545  -38.346  -22.728  28.462 0.0000000000
96398  -37.547  -14.215  30.249 0.0000000000
95212  -35.847  -15.311  29.428 0.0000000000
96440  -36.695  -15.174  28.414 0.0000000000
92809  -40.097  -17.339  25.730 0.0000000000
92793  -38.768  -17.571  26.737 0.0000000000
91607  -40.285  -18.886  26.260 0.0000000000
91572  -40.477  -18.969  28.014 0.0000000000
101460  -42.488  -10.305  23.144 0.0000000000
103851  -42.334  -8.648  22.809 0.0000000000
103859  -43.587  -8.693  21.679 0.0000000000
59621  -5.614  -43.879  56.276 0.0000000000
58484  -5.543  -43.908  57.534 0.0000000000
57375  -5.865  -45.203  56.746 0.0000000000
55083  -7.105  -47.541  57.662 0.0000000000
53849  -7.405  -48.499  59.770 0.0000000000
72279  -30.394  -33.265  36.357 0.0000000000
72247  -31.115  -33.575  37.983 0.0000000000
73562  -30.909  -32.463  35.789 0.0000000000
78728  -29.319  -28.953  35.915 0.0000000000
77268  -31.189  -29.387  36.197 0.0000000000
77269  -32.141  -29.074  36.373 0.0000000000
78746  -29.780  -27.929  35.677 0.0000000000
83605  -26.667  -24.390  37.621 0.0000000000
83648  -28.191  -24.800  34.445 0.0000000000
82433  -27.437  -25.430  35.266 0.0000000000
82411  -28.596  -26.400  35.087 0.0000000000
81220  -29.445  -26.829  35.808 0.0000000000
83624  -29.092  -26.286  35.040 0.0000000000
82413  -31.097  -26.536  36.290 0.0000000000
83650  -29.482  -26.294  34.909 0.0000000000
81269  -30.649  -26.407  32.907 0.0000000000
81270  -31.129  -27.193  33.535 0.0000000000
80120  -31.742  -27.570  32.434 0.0000000000
80105  -33.366  -28.339  32.689 0.0000000000
80121  -32.423  -27.804  31.902 0.0000000000
80135  -33.947  -27.788  30.687 0.0000000000
81305  -32.605  -27.006  30.748 0.0000000000
85034  -32.432  -23.329  31.284 0.0000000000
83734  -32.510  -24.450  29.930 0.0000000000
85051  -33.069  -23.207  30.119 0.0000000000
75876  -18.620  -30.519  44.399 0.0000000000
74593  -18.602  -31.647  44.491 0.0000000000
74616  -19.501  -31.220  43.969 0.0000000000
59679  -10.195  -43.588  53.084 0.0000000000
59663  -9.609  -43.977  53.638 0.0000000000
58533  -10.315  -44.767  53.777 0.0000000000
62142  -14.473  -41.244  50.855 0.0000000000
60895  -13.385  -42.237  51.565 0.0000000000
62110  -14.655  -41.981  52.330 0.0000000000
68498  -18.722  -37.268  48.747 0.0000000000
68499  -19.322  -36.486  48.552 0.0000000000
69714  -19.589  -35.624  47.333 0.0000000000
70901  -20.392  -34.347  46.901 0.0000000000
69810  -28.377  -35.435  41.489 0.0000000000
69791  -27.950  -35.608  42.330 0.0000000000
70868  -16.265  -33.748  49.236 0.0000000000
69691  -15.476  -34.746  48.433 0.0000000000
68522  -15.348  -36.140  47.679 0.0000000000
65973  -15.515  -38.147  47.746 0.0000000000
67274  -16.027  -37.332  47.358 0.0000000000
67275  -17.187  -37.890  47.504 0.0000000000
73499  -27.330  -32.465  38.265 0.0000000000
73523  -27.802  -32.712  37.525 0.0000000000
74686  -25.620  -31.880  40.242 0.0000000000
73471  -25.220  -32.250  39.250 0.0000000000
73498  -26.329  -32.527  38.625 0.0000000000
85078  -34.720  -23.374  28.642 0.0000000000
85080  -36.674  -23.432  28.433 0.0000000000
87898  -36.110  -21.597  28.642 0.0000000000
89092  -36.510  -20.541  28.794 0.0000000000
91550  -36.682  -18.568  29.264 0.0000000000
95232  -38.242  -15.047  27.815 0.0000000000
95263  -39.438  -15.902  26.289 0.0000000000
95275  -39.972  -16.140  25.722 0.0000000000
94045  -41.363  -16.502  25.044 0.0000000000
92812  -43.287  -17.525  25.374 0.0000000000
94065  -42.054  -15.911  24.612 0.0000000000
96499  -42.842  -14.344  24.320 0.0000000000
97685  -42.507  -13.404  24.370 0.0000000000
98921  -42.258  -12.385  24.465 0.0000000000
101447  -40.819  -10.423  24.512 0.0000000000
57378  -8.534  -45.967  56.352 0.0000000000
57377  -7.546  -45.930  56.255 0.0000000000
57360  -8.805  -46.299  57.101 0.0000000000
75988  -29.665  -30.104  37.590 0.0000000000
74768  -30.221  -31.467  36.201 0.0000000000
76004  -29.627  -30.091  37.305 0.0000000000
77265  -28.524  -29.034  37.054 0.0000000000
78726  -27.515  -28.355  37.040 0.0000000000
84946  -26.833  -23.506  36.759 0.0000000000
86425  -27.757  -22.359  35.734 0.0000000000
84965  -27.490  -23.273  34.736 0.0000000000
82452  -29.236  -25.912  33.772 0.0000000000
83689  -29.488  -24.553  33.280 0.0000000000
83690  -30.146  -24.548  32.525 0.0000000000
82498  -30.798  -25.485  31.559 0.0000000000
82499  -31.329  -25.624  31.121 0.0000000000
83704  -30.873  -24.419  31.678 0.0000000000
77168  -20.744  -29.433  43.022 0.0000000000
75879  -20.865  -31.095  43.766 0.0000000000
75898  -21.412  -31.217  43.418 0.0000000000
60877  -10.183  -42.485  52.442 0.0000000000
59694  -11.717  -43.346  52.334 0.0000000000
55071  -4.390  -47.541  58.635 0.0000000000
56206  -3.681  -46.273  60.163 0.0000000000
55049  -3.972  -47.384  60.407 0.0000000000
55048  -3.813  -47.905  60.896 0.0000000000
53829  -3.320  -48.574  61.448 0.0000000000
77231  -34.193  -29.426  39.013 0.0000000000
72185  -23.216  -33.390  41.482 0.0000000000
72169  -23.237  -33.588  42.763 0.0000000000
67195  -12.807  -37.342  51.329 0.0000000000
65900  -12.236  -38.376  51.031 0.0000000000
63340  -12.123  -40.504  50.639 0.0000000000
64636  -13.033  -39.477  49.675 0.0000000000
63358  -14.194  -40.725  50.252 0.0000000000
63359  -15.200  -40.766  50.580 0.0000000000
64675  -15.743  -39.389  48.674 0.0000000000
64637  -15.862  -40.284  50.415 0.0000000000
63343  -16.250  -40.453  51.813 0.0000000000
104988  -46.214  -7.691  20.078 0.0000000000
71006  -30.492  -34.943  40.287 0.0000000000
71025  -31.045  -34.416  39.637 0.0000000000
71041  -29.695  -34.363  38.416 0.0000000000
71054  -29.542  -34.109  37.589 0.0000000000
72277  -29.186  -32.864  36.525 0.0000000000
73524  -28.653  -32.434  37.069 0.0000000000
73525  -29.225  -32.064  36.845 0.0000000000
74767  -29.530  -31.689  36.671 0.0000000000
77242  -29.668  -30.258  38.858 0.0000000000
73331  -17.140  -32.527  46.921 0.0000000000
72124  -17.600  -33.467  45.143 0.0000000000
75818  -17.594  -31.023  46.188 0.0000000000
75838  -17.955  -30.383  45.690 0.0000000000
77136  -18.806  -28.936  44.828 0.0000000000
79794  -19.354  -27.291  46.915 0.0000000000
78556  -19.401  -28.073  45.160 0.0000000000
78575  -19.807  -28.459  44.059 0.0000000000
78595  -21.337  -28.520  42.762 0.0000000000
77186  -22.081  -29.458  42.067 0.0000000000
75930  -22.356  -30.297  41.769 0.0000000000
79856  -23.838  -27.686  43.643 0.0000000000
77187  -23.721  -29.000  41.772 0.0000000000
75931  -23.158  -30.241  41.166 0.0000000000
73445  -23.245  -32.172  40.895 0.0000000000
72204  -23.564  -33.052  40.630 0.0000000000
71000  -24.813  -34.214  40.457 0.0000000000
71001  -25.612  -34.404  40.140 0.0000000000
72243  -25.197  -33.134  38.815 0.0000000000
71020  -26.114  -34.235  39.349 0.0000000000
71002  -26.683  -34.779  40.070 0.0000000000
69829  -27.967  -34.913  40.635 0.0000000000
69830  -28.896  -35.116  40.800 0.0000000000
74521  -17.261  -31.753  48.604 0.0000000000
85081  -37.711  -23.502  28.503 0.0000000000
92750  -35.286  -17.337  29.714 0.0000000000
92751  -36.373  -17.395  29.224 0.0000000000
92752  -37.380  -17.897  28.991 0.0000000000
94020  -37.880  -16.677  27.432 0.0000000000
92767  -37.986  -17.636  28.402 0.0000000000
92754  -38.824  -18.439  28.864 0.0000000000
91553  -39.601  -18.656  28.909 0.0000000000
102694  -44.879  -10.356  21.965 0.0000000000
103860  -44.298  -8.669  21.247 0.0000000000
107157  -44.767  -6.514  21.808 0.0000000000
58469  -5.249  -44.551  57.862 0.0000000000
57347  -4.720  -45.494  58.236 0.0000000000
56256  -6.761  -46.311  56.969 0.0000000000
56231  -5.540  -47.062  57.873 0.0000000000
55072  -5.208  -47.793  58.078 0.0000000000
53857  -5.858  -48.668  58.528 0.0000000000
71043  -31.367  -33.959  39.168 0.0000000000
72227  -32.212  -33.738  39.265 0.0000000000
72249  -32.848  -32.802  38.499 0.0000000000
74769  -31.254  -31.540  36.099 0.0000000000
74748  -32.723  -31.927  37.022 0.0000000000
73504  -33.284  -32.023  38.366 0.0000000000
75979  -33.485  -30.603  37.803 0.0000000000
78716  -33.174  -29.058  37.599 0.0000000000
79985  -32.183  -28.106  37.675 0.0000000000
81199  -26.463  -26.778  37.531 0.0000000000
81218  -27.008  -27.012  36.232 0.0000000000
83622  -26.607  -24.453  36.286 0.0000000000
82409  -27.087  -25.724  35.685 0.0000000000
80009  -28.331  -27.775  35.748 0.0000000000
80010  -29.162  -27.347  35.657 0.0000000000
79983  -31.082  -27.164  36.911 0.0000000000
81250  -30.399  -26.900  33.821 0.0000000000
80060  -32.202  -27.412  34.799 0.0000000000
80124  -35.731  -27.694  31.252 0.0000000000
81321  -34.938  -27.156  29.776 0.0000000000
82530  -34.197  -26.005  28.746 0.0000000000
82514  -32.290  -25.810  30.147 0.0000000000
83747  -32.971  -25.045  29.297 0.0000000000
83764  -34.207  -24.879  28.644 0.0000000000
85063  -34.078  -23.331  28.876 0.0000000000
87882  -34.595  -21.365  30.086 0.0000000000
72143  -18.822  -34.060  44.296 0.0000000000
73351  -20.122  -33.414  44.801 0.0000000000
75857  -20.796  -31.938  44.340 0.0000000000
59646  -6.569  -43.698  55.208 0.0000000000
60856  -8.288  -42.520  53.784 0.0000000000
59661  -7.453  -43.736  54.665 0.0000000000
58514  -8.342  -45.193  54.981 0.0000000000
57401  -9.623  -45.590  55.358 0.0000000000
60894  -12.541  -42.147  51.468 0.0000000000
60880  -13.071  -42.749  52.030 0.0000000000
59682  -13.177  -43.695  53.158 0.0000000000
51249  -4.129  -50.290  61.358 0.0000000000
52582  -3.532  -49.547  61.208 0.0000000000
53821  -2.937  -48.657  61.842 0.0000000000
70984  -32.172  -35.119  41.257 0.0000000000
69739  -17.843  -35.528  45.533 0.0000000000
69832  -30.845  -35.385  41.066 0.0000000000
70914  -16.970  -34.177  46.437 0.0000000000
70899  -16.754  -34.253  47.313 0.0000000000
91517  -34.565  -18.704  31.284 0.0000000000
91531  -34.684  -18.999  30.400 0.0000000000
91518  -34.637  -18.072  31.141 0.0000000000
96472  -40.359  -14.068  26.118 0.0000000000
98907  -40.483  -12.167  25.601 0.0000000000
86457  -29.649  -22.146  33.453 0.0000000000
74651  -22.279  -31.948  42.534 0.0000000000
64601  -10.731  -39.455  51.844 0.0000000000
63325  -10.536  -40.055  51.829 0.0000000000
64618  -11.380  -39.725  51.110 0.0000000000
104987  -45.423  -7.849  20.593 0.0000000000
103867  -45.606  -8.753  20.234 0.0000000000
72209  -35.044  -33.082  40.179 0.0000000000
73453  -35.042  -32.136  40.007 0.0000000000
73479  -34.396  -32.080  39.549 0.0000000000
68497  -14.676  -36.156  48.544 0.0000000000
69676  -14.757  -35.237  49.355 0.0000000000
68496  -14.255  -36.555  48.855 0.0000000000
68470  -13.959  -36.599  49.370 0.0000000000
67253  -14.065  -37.409  48.617 0.0000000000
67252  -13.808  -38.011  48.741 0.0000000000
65971  -14.333  -37.952  48.237 0.0000000000
71039  -27.792  -34.014  37.743 0.0000000000
72246  -27.334  -33.317  37.714 0.0000000000
78518  -17.917  -28.135  47.728 0.0000000000
79798  -23.018  -26.839  45.658 0.0000000000
79816  -22.401  -26.889  45.131 0.0000000000
79834  -22.568  -27.166  44.280 0.0000000000
75948  -24.576  -30.939  40.906 0.0000000000
74706  -24.995  -31.857  39.725 0.0000000000
82531  -35.120  -25.978  28.953 0.0000000000
82532  -36.489  -25.990  29.268 0.0000000000
89108  -37.989  -20.791  28.511 0.0000000000
91552  -38.698  -18.702  29.217 0.0000000000
96421  -37.426  -14.378  29.256 0.0000000000
96420  -36.504  -14.656  29.006 0.0000000000
96441  -37.354  -14.773  28.412 0.0000000000
91623  -40.994  -18.383  25.723 0.0000000000
91622  -40.206  -18.063  25.731 0.0000000000
91608  -41.137  -18.938  26.244 0.0000000000
104971  -42.978  -7.814  22.870 0.0000000000
58511  -6.117  -44.417  55.618 0.0000000000
58495  -5.857  -44.749  56.009 0.0000000000
58496  -6.448  -45.152  55.887 0.0000000000
78729  -30.246  -28.566  35.931 0.0000000000
78745  -29.373  -28.310  35.608 0.0000000000
82435  -28.160  -25.997  34.533 0.0000000000
82434  -27.835  -25.525  34.926 0.0000000000
81287  -30.747  -26.292  31.994 0.0000000000
81288  -31.238  -26.968  32.620 0.0000000000
77149  -18.778  -30.001  44.272 0.0000000000
74615  -18.915  -31.129  44.140 0.0000000000
75877  -19.093  -30.499  43.956 0.0000000000
58546  -10.895  -44.371  53.385 0.0000000000
58545  -10.351  -44.274  53.366 0.0000000000
58534  -11.398  -44.736  54.099 0.0000000000
58516  -11.033  -45.158  54.723 0.0000000000
58535  -12.299  -44.583  54.284 0.0000000000
62128  -14.963  -41.495  51.493 0.0000000000
62111  -15.300  -41.546  52.429 0.0000000000
57334  -4.115  -45.492  59.017 0.0000000000
57324  -3.973  -45.393  59.953 0.0000000000
72191  -34.005  -34.120  40.704 0.0000000000
67276  -18.180  -37.454  47.617 0.0000000000
68524  -18.835  -36.906  47.607 0.0000000000
69728  -19.306  -35.611  46.330 0.0000000000
68546  -19.252  -36.021  46.883 0.0000000000
70900  -19.901  -34.999  47.067 0.0000000000
69792  -28.928  -35.950  42.396 0.0000000000
73284  -16.969  -32.611  49.671 0.0000000000
72053  -16.806  -33.267  49.096 0.0000000000
70880  -15.958  -34.281  48.380 0.0000000000
69712  -15.862  -35.211  47.497 0.0000000000
69711  -15.339  -35.312  47.914 0.0000000000
67294  -17.813  -37.205  46.711 0.0000000000
67256  -17.890  -37.804  48.505 0.0000000000
86542  -35.190  -22.438  28.686 0.0000000000
87897  -35.373  -21.678  28.887 0.0000000000
90321  -36.035  -19.519  29.227 0.0000000000
90322  -37.145  -19.442  29.050 0.0000000000
95249  -39.262  -15.260  27.292 0.0000000000
94044  -40.404  -16.601  25.524 0.0000000000
95277  -41.469  -15.315  24.719 0.0000000000
96498  -41.892  -14.355  24.469 0.0000000000
98920  -41.407  -12.241  24.613 0.0000000000
100144  -41.134  -11.325  24.502 0.0000000000
77252  -29.256  -29.936  37.744 0.0000000000
78692  -27.272  -28.440  38.286 0.0000000000
77251  -28.458  -29.381  37.590 0.0000000000
78713  -27.913  -28.846  37.385 0.0000000000
84977  -28.514  -23.259  34.096 0.0000000000
83668  -28.807  -24.257  33.699 0.0000000000
83688  -29.186  -23.883  33.415 0.0000000000
84997  -29.949  -23.757  32.751 0.0000000000
82483  -30.409  -25.488  32.253 0.0000000000
83719  -31.096  -24.985  31.239 0.0000000000
77152  -20.660  -30.222  43.269 0.0000000000
75897  -21.014  -30.371  43.072 0.0000000000
74636  -22.260  -32.358  43.580 0.0000000000
62109  -10.868  -41.861  51.771 0.0000000000
62108  -10.317  -41.577  52.076 0.0000000000
60878  -11.073  -42.448  51.939 0.0000000000
59693  -10.777  -43.179  52.510 0.0000000000
53846  -4.380  -48.386  59.478 0.0000000000
53838  -4.083  -48.494  60.384 0.0000000000
53837  -3.673  -48.591  60.910 0.0000000000
55039  -3.486  -47.836  61.453 0.0000000000
75951  -35.016  -30.674  39.674 0.0000000000
75952  -35.480  -30.124  40.276 0.0000000000
77220  -34.822  -29.541  39.824 0.0000000000
70980  -23.717  -34.019  41.655 0.0000000000
70964  -25.132  -34.625  42.306 0.0000000000
67209  -13.365  -36.927  50.699 0.0000000000
65901  -12.778  -38.068  50.689 0.0000000000
65915  -12.723  -38.656  50.156 0.0000000000
64635  -12.465  -39.468  50.051 0.0000000000
64657  -14.366  -39.740  49.035 0.0000000000
63382  -13.876  -40.198  49.625 0.0000000000
63383  -14.656  -40.341  49.775 0.0000000000
65955  -16.108  -38.950  48.058 0.0000000000
65954  -15.192  -38.806  48.180 0.0000000000
64639  -17.208  -38.986  51.018 0.0000000000
64659  -16.307  -39.519  49.267 0.0000000000
64638  -16.525  -39.634  50.683 0.0000000000
63360  -15.900  -40.423  51.019 0.0000000000
71005  -29.456  -34.847  40.079 0.0000000000
71024  -30.062  -34.567  39.339 0.0000000000
71053  -28.745  -33.852  37.323 0.0000000000
72264  -29.556  -33.628  36.841 0.0000000000
73500  -28.289  -32.166  38.058 0.0000000000
74727  -30.015  -31.180  38.424 0.0000000000
74746  -29.327  -31.649  37.426 0.0000000000
74747  -29.779  -31.077  37.118 0.0000000000
74553  -17.328  -31.723  46.581 0.0000000000
75799  -17.515  -30.991  47.045 0.0000000000
77122  -18.092  -29.407  46.065 0.0000000000
77135  -18.454  -29.750  44.917 0.0000000000
78555  -18.558  -28.827  45.459 0.0000000000
79832  -20.783  -27.295  44.770 0.0000000000
78557  -20.151  -27.510  44.935 0.0000000000
78576  -20.206  -27.794  44.356 0.0000000000
78594  -20.535  -28.299  43.498 0.0000000000
78616  -21.947  -28.819  42.422 0.0000000000
77205  -22.735  -29.463  41.583 0.0000000000
77189  -24.826  -29.875  42.912 0.0000000000
77169  -24.614  -29.140  43.186 0.0000000000
78597  -24.345  -28.342  43.575 0.0000000000
78619  -24.105  -28.699  42.847 0.0000000000
78596  -23.896  -28.124  43.008 0.0000000000
75946  -23.729  -30.625  40.734 0.0000000000
74683  -23.257  -31.107  40.789 0.0000000000
72205  -24.137  -33.522  40.091 0.0000000000
73496  -24.934  -32.729  38.975 0.0000000000
69828  -27.349  -34.915  40.411 0.0000000000
74538  -17.409  -31.174  48.327 0.0000000000
74522  -17.244  -30.912  48.928 0.0000000000
73317  -17.124  -32.533  47.940 0.0000000000
80125  -36.583  -27.373  31.332 0.0000000000
82533  -37.833  -25.659  29.473 0.0000000000
82518  -38.540  -26.192  30.462 0.0000000000
86543  -36.318  -22.518  28.438 0.0000000000
86544  -37.375  -22.581  28.465 0.0000000000
95170  -35.501  -15.904  31.372 0.0000000000
93980  -35.166  -16.472  30.885 0.0000000000
95190  -35.571  -15.622  30.511 0.0000000000
94006  -36.340  -16.403  28.718 0.0000000000
93993  -35.810  -16.665  29.338 0.0000000000
92765  -36.676  -16.893  28.770 0.0000000000
92766  -37.145  -17.181  28.505 0.0000000000
95248  -38.287  -15.911  27.089 0.0000000000
94029  -38.508  -16.897  26.705 0.0000000000
92783  -38.993  -18.302  27.448 0.0000000000
92782  -38.437  -17.555  27.469 0.0000000000
92768  -38.810  -18.165  28.314 0.0000000000
91573  -41.432  -19.423  28.245 0.0000000000
94046  -42.635  -16.605  24.896 0.0000000000
100146  -42.986  -11.489  24.119 0.0000000000
101461  -43.519  -10.372  22.957 0.0000000000
101462  -44.438  -10.655  23.409 0.0000000000
102693  -44.076  -9.981  21.937 0.0000000000
104972  -43.714  -7.425  22.236 0.0000000000
104979  -44.119  -7.741  21.565 0.0000000000
104980  -44.892  -7.897  21.124 0.0000000000
56242  -5.210  -46.319  57.677 0.0000000000
56257  -7.469  -46.460  56.731 0.0000000000
56244  -7.325  -47.024  57.195 0.0000000000
53848  -6.437  -49.181  59.698 0.0000000000
72266  -31.539  -33.095  37.361 0.0000000000
72248  -31.865  -33.570  38.642 0.0000000000
72267  -32.178  -32.971  37.956 0.0000000000
76005  -30.061  -30.344  36.821 0.0000000000
76007  -32.098  -30.380  36.422 0.0000000000
74770  -32.383  -31.696  36.557 0.0000000000
74771  -32.908  -31.179  36.720 0.0000000000
73528  -32.947  -32.102  37.757 0.0000000000
74749  -33.068  -31.540  37.380 0.0000000000
74728  -33.704  -31.157  38.405 0.0000000000
75991  -32.961  -30.401  36.978 0.0000000000
78731  -32.082  -28.629  36.680 0.0000000000
77255  -32.964  -29.464  37.305 0.0000000000
78715  -32.474  -28.535  37.319 0.0000000000
78714  -31.899  -28.163  37.083 0.0000000000
82364  -26.454  -25.685  38.189 0.0000000000
84963  -26.684  -23.681  36.174 0.0000000000
84945  -26.660  -23.878  36.381 0.0000000000
82410  -27.631  -26.060  35.011 0.0000000000
81200  -31.106  -26.807  36.932 0.0000000000
82437  -31.335  -26.646  35.797 0.0000000000
82467  -29.426  -25.613  33.630 0.0000000000
82453  -29.612  -26.391  34.150 0.0000000000
80084  -31.738  -27.502  34.116 0.0000000000
80087  -34.307  -28.385  33.635 0.0000000000
80088  -35.391  -28.047  33.475 0.0000000000
80107  -35.610  -28.011  32.365 0.0000000000
80123  -34.663  -27.903  31.462 0.0000000000
80136  -34.727  -27.601  30.514 0.0000000000
81336  -34.523  -26.605  29.200 0.0000000000
81335  -33.881  -26.425  29.114 0.0000000000
82513  -31.737  -25.415  30.608 0.0000000000
83733  -31.964  -25.025  30.332 0.0000000000
83748  -33.597  -24.417  28.949 0.0000000000
85062  -33.541  -23.299  29.382 0.0000000000
86527  -34.279  -22.331  29.446 0.0000000000
73369  -17.782  -32.577  45.096 0.0000000000
72141  -17.955  -33.716  44.578 0.0000000000
73370  -18.495  -32.594  44.568 0.0000000000
74594  -19.459  -31.820  44.169 0.0000000000
73371  -19.532  -32.672  44.337 0.0000000000
73352  -20.473  -32.958  45.233 0.0000000000
72108  -20.362  -33.494  45.762 0.0000000000
75878  -19.962  -30.853  43.783 0.0000000000
75858  -21.311  -32.319  44.748 0.0000000000
72170  -23.842  -34.006  43.332 0.0000000000
60848  -6.396  -43.089  55.627 0.0000000000
59647  -7.091  -43.197  54.879 0.0000000000
62090  -8.652  -41.810  53.396 0.0000000000
63305  -8.393  -41.269  53.748 0.0000000000
60862  -8.854  -42.597  53.416 0.0000000000
58532  -9.291  -44.646  54.069 0.0000000000
59662  -8.506  -43.565  53.964 0.0000000000
58531  -8.305  -44.664  54.585 0.0000000000
57417  -8.783  -45.376  54.899 0.0000000000
63341  -12.898  -40.803  50.634 0.0000000000
62126  -13.002  -41.437  50.938 0.0000000000
60881  -13.956  -42.601  52.318 0.0000000000
59696  -13.443  -43.208  52.597 0.0000000000
59695  -12.689  -43.353  52.439 0.0000000000
104989  -46.870  -7.395  19.743 0.0000000000
68545  -18.635  -36.423  46.503 0.0000000000
68565  -18.280  -36.132  45.726 0.0000000000
69740  -18.741  -35.567  45.543 0.0000000000
69741  -19.323  -35.200  45.642 0.0000000000
72067  -16.966  -33.362  48.173 0.0000000000
70881  -16.550  -33.922  48.346 0.0000000000
69713  -16.483  -35.012  47.092 0.0000000000
69725  -16.423  -35.642  46.764 0.0000000000
68543  -16.734  -36.218  46.366 0.0000000000
87883  -35.061  -21.379  29.377 0.0000000000
90320  -35.157  -19.685  29.642 0.0000000000
97670  -40.927  -13.806  24.973 0.0000000000
97683  -41.018  -12.781  24.794 0.0000000000
98919  -40.776  -12.202  24.892 0.0000000000
78694  -28.441  -29.463  38.739 0.0000000000
78672  -28.351  -28.449  39.832 0.0000000000
79957  -27.193  -28.135  39.051 0.0000000000
84978  -29.119  -22.857  33.656 0.0000000000
85014  -30.055  -23.063  32.587 0.0000000000
86479  -30.658  -22.509  32.670 0.0000000000
75913  -21.590  -30.395  42.513 0.0000000000
63338  -10.655  -40.887  51.628 0.0000000000
62124  -10.985  -41.420  51.573 0.0000000000
102707  -45.478  -9.909  20.954 0.0000000000
101481  -46.271  -10.068  20.558 0.0000000000
52603  -4.715  -49.436  59.793 0.0000000000
52593  -5.119  -50.020  60.414 0.0000000000
51259  -4.829  -50.235  60.881 0.0000000000
52583  -4.088  -49.928  61.178 0.0000000000
74690  -35.583  -31.234  40.252 0.0000000000
74713  -34.321  -31.296  39.112 0.0000000000
70965  -26.004  -34.940  42.225 0.0000000000
69772  -27.624  -35.671  43.339 0.0000000000
69662  -15.150  -34.694  50.203 0.0000000000
69661  -14.418  -35.112  50.304 0.0000000000
67228  -13.518  -37.067  49.661 0.0000000000
65931  -13.390  -38.659  49.290 0.0000000000
65952  -13.700  -38.263  48.913 0.0000000000
64674  -14.998  -39.387  48.691 0.0000000000
65934  -17.136  -38.656  49.066 0.0000000000
65933  -16.658  -39.120  48.732 0.0000000000
65917  -17.318  -38.601  50.239 0.0000000000
71052  -28.275  -33.642  37.173 0.0000000000
75800  -17.461  -30.375  47.936 0.0000000000
77110  -17.745  -29.200  47.192 0.0000000000
79796  -21.334  -26.672  46.354 0.0000000000
79815  -21.480  -26.860  45.364 0.0000000000
79854  -21.770  -27.572  43.340 0.0000000000
79874  -22.702  -27.834  42.633 0.0000000000
75915  -24.998  -30.340  42.208 0.0000000000
75914  -24.520  -30.051  41.678 0.0000000000
75947  -24.285  -30.788  40.802 0.0000000000
72224  -24.760  -33.293  39.267 0.0000000000
72244  -25.766  -33.209  38.562 0.0000000000
81322  -35.813  -26.979  29.957 0.0000000000
81323  -36.649  -26.633  30.091 0.0000000000
81338  -36.113  -26.605  29.625 0.0000000000
83750  -37.368  -25.046  28.911 0.0000000000
89107  -37.343  -20.994  28.497 0.0000000000
87900  -38.189  -21.555  28.467 0.0000000000
96374  -36.740  -14.434  30.877 0.0000000000
95191  -36.148  -14.919  30.276 0.0000000000
95213  -36.252  -14.789  29.626 0.0000000000
96419  -36.182  -15.156  28.718 0.0000000000
95230  -36.652  -15.799  28.160 0.0000000000
92808  -39.574  -17.347  26.050 0.0000000000
92794  -39.093  -17.414  26.395 0.0000000000
91606  -39.485  -18.079  26.213 0.0000000000
91590  -39.406  -18.796  26.839 0.0000000000
90348  -40.631  -19.578  26.737 0.0000000000
91592  -41.123  -19.616  26.966 0.0000000000
101449  -42.180  -10.717  23.782 0.0000000000
102675  -42.102  -9.842  22.989 0.0000000000
101470  -42.752  -9.944  22.571 0.0000000000
102692  -43.242  -9.730  22.119 0.0000000000
103852  -42.921  -8.702  22.255 0.0000000000
58483  -5.470  -44.398  56.938 0.0000000000
53858  -6.942  -48.504  58.865 0.0000000000
72265  -30.478  -33.671  37.376 0.0000000000
72280  -30.964  -33.231  36.736 0.0000000000
73546  -31.342  -32.557  36.263 0.0000000000
77267  -30.166  -29.531  36.277 0.0000000000
75990  -32.571  -30.159  36.691 0.0000000000
83647  -27.045  -24.568  35.204 0.0000000000
82412  -29.949  -26.394  35.835 0.0000000000
82436  -30.370  -26.521  35.401 0.0000000000
80103  -31.684  -27.641  33.275 0.0000000000
80104  -32.366  -28.153  33.004 0.0000000000
80086  -33.216  -28.338  33.834 0.0000000000
80122  -33.501  -28.012  31.438 0.0000000000
81306  -33.356  -27.547  30.618 0.0000000000
81319  -32.769  -26.558  30.039 0.0000000000
83721  -32.276  -23.942  30.691 0.0000000000
75856  -18.225  -30.811  44.853 0.0000000000
75855  -18.086  -31.344  44.879 0.0000000000
74614  -18.530  -31.025  44.422 0.0000000000
74595  -20.171  -31.843  44.050 0.0000000000
60864  -10.060  -42.911  52.804 0.0000000000
59678  -9.222  -43.200  53.432 0.0000000000
58515  -10.054  -45.274  54.605 0.0000000000
62141  -13.709  -41.125  50.692 0.0000000000
62127  -14.085  -41.832  51.396 0.0000000000
60865  -14.708  -42.629  53.172 0.0000000000
72192  -34.627  -33.807  40.882 0.0000000000
72229  -33.862  -32.858  39.397 0.0000000000
67230  -18.222  -37.684  49.502 0.0000000000
68472  -18.693  -37.189  49.921 0.0000000000
68473  -19.159  -36.625  49.666 0.0000000000
68525  -19.292  -36.235  47.513 0.0000000000
69809  -27.344  -35.124  41.197 0.0000000000
70867  -15.817  -34.270  49.303 0.0000000000
69690  -15.014  -35.299  48.452 0.0000000000
67273  -14.881  -37.239  47.945 0.0000000000
65974  -16.333  -38.187  47.740 0.0000000000
67255  -17.340  -38.221  48.489 0.0000000000
74668  -25.862  -31.701  41.242 0.0000000000
74707  -25.477  -32.033  39.652 0.0000000000
73472  -26.122  -32.189  39.625 0.0000000000
83765  -34.796  -24.361  28.544 0.0000000000
83766  -36.026  -24.296  28.504 0.0000000000
85079  -35.601  -23.400  28.453 0.0000000000
87884  -35.696  -21.121  28.952 0.0000000000
89106  -36.736  -21.211  28.571 0.0000000000
91551  -37.753  -18.655  29.229 0.0000000000
94043  -39.746  -16.690  25.869 0.0000000000
92810  -40.842  -17.490  25.490 0.0000000000
92811  -41.998  -17.947  25.391 0.0000000000
94066  -42.665  -15.750  24.659 0.0000000000
95294  -42.322  -15.152  24.539 0.0000000000
95295  -43.142  -15.148  24.583 0.0000000000
98922  -43.250  -12.470  24.365 0.0000000000
100145  -42.022  -11.327  24.246 0.0000000000
101448  -41.657  -10.387  23.828 0.0000000000
102663  -41.124  -9.556  23.997 0.0000000000
57399  -7.637  -45.523  55.665 0.0000000000
57398  -6.934  -45.425  55.881 0.0000000000
56258  -8.204  -46.399  56.695 0.0000000000
77266  -29.191  -29.545  36.791 0.0000000000
78727  -28.386  -28.601  36.468 0.0000000000
80008  -27.520  -27.953  36.455 0.0000000000
86408  -27.282  -22.578  36.657 0.0000000000
84964  -26.859  -23.181  35.797 0.0000000000
83669  -29.022  -25.499  33.917 0.0000000000
83670  -29.121  -26.264  34.263 0.0000000000
81303  -31.012  -26.070  31.505 0.0000000000
83705  -31.501  -23.942  31.491 0.0000000000
85033  -31.927  -23.589  31.492 0.0000000000
77151  -20.191  -29.997  43.455 0.0000000000
62091  -9.428  -41.487  52.691 0.0000000000
62092  -9.832  -40.942  52.439 0.0000000000
62107  -9.884  -41.913  52.387 0.0000000000
60876  -9.709  -42.111  52.556 0.0000000000
59692  -10.315  -43.043  52.721 0.0000000000
59680  -11.284  -43.890  52.881 0.0000000000
63326  -15.884  -41.037  52.604 0.0000000000
56218  -3.738  -46.127  59.433 0.0000000000
55060  -3.997  -47.061  59.467 0.0000000000
52602  -4.352  -49.014  60.039 0.0000000000
55040  -3.771  -47.171  61.328 0.0000000000
55030  -3.461  -47.155  61.914 0.0000000000
95154  -36.397  -15.559  32.475 0.0000000000
96375  -37.650  -14.168  31.340 0.0000000000
96399  -38.485  -14.231  30.629 0.0000000000
96422  -38.368  -14.379  29.631 0.0000000000
78675  -33.646  -28.380  39.258 0.0000000000
70962  -23.467  -33.946  42.111 0.0000000000
70963  -24.107  -34.330  42.592 0.0000000000
69773  -28.628  -35.974  43.333 0.0000000000
67184  -12.498  -36.956  51.909 0.0000000000
67194  -12.280  -37.786  51.695 0.0000000000
64619  -11.885  -39.377  50.565 0.0000000000
63356  -12.275  -40.004  50.142 0.0000000000
63357  -13.129  -40.346  50.192 0.0000000000
63381  -13.360  -39.979  49.610 0.0000000000
65972  -14.713  -38.113  47.940 0.0000000000
71007  -31.757  -34.952  40.715 0.0000000000
71055  -30.101  -34.117  37.945 0.0000000000
72278  -29.581  -33.022  36.348 0.0000000000
73544  -29.446  -32.377  36.449 0.0000000000
74745  -28.888  -31.866  37.863 0.0000000000
73543  -28.995  -32.754  36.664 0.0000000000
75989  -29.762  -30.417  37.856 0.0000000000
77253  -29.534  -30.107  38.258 0.0000000000
72106  -17.145  -33.432  46.147 0.0000000000
73350  -17.378  -32.576  45.925 0.0000000000
74572  -17.586  -31.799  45.687 0.0000000000
75837  -17.839  -31.176  45.371 0.0000000000
78535  -19.156  -27.646  46.117 0.0000000000
79813  -19.688  -27.337  46.061 0.0000000000
77166  -19.726  -28.857  43.769 0.0000000000
77167  -19.987  -29.062  43.431 0.0000000000
77185  -21.472  -29.385  42.568 0.0000000000
74666  -22.654  -31.334  41.538 0.0000000000
79835  -23.438  -27.360  44.316 0.0000000000
79875  -23.400  -27.795  42.942 0.0000000000
78618  -23.531  -28.453  42.309 0.0000000000
78638  -23.264  -28.803  41.734 0.0000000000
77207  -23.906  -29.351  41.583 0.0000000000
77206  -23.421  -29.361  41.472 0.0000000000
78637  -22.987  -28.988  41.557 0.0000000000
72186  -23.790  -33.652  41.007 0.0000000000
72225  -25.447  -33.743  39.180 0.0000000000
69831  -29.873  -35.306  40.918 0.0000000000
74503  -17.096  -31.684  49.656 0.0000000000
81324  -37.571  -26.699  30.530 0.0000000000
83767  -37.048  -24.283  28.560 0.0000000000
83768  -37.983  -24.297  28.679 0.0000000000
92729  -34.893  -17.502  31.347 0.0000000000
92740  -34.882  -17.086  30.383 0.0000000000
93992  -35.301  -16.307  29.825 0.0000000000
95231  -37.380  -15.448  27.895 0.0000000000
95247  -37.345  -16.068  27.692 0.0000000000
94019  -37.240  -16.555  28.029 0.0000000000
92781  -37.753  -17.091  27.976 0.0000000000
92753  -38.295  -18.123  28.987 0.0000000000
102706  -44.592  -9.537  21.385 0.0000000000
102705  -43.932  -9.341  21.602 0.0000000000
106077  -45.060  -6.972  21.463 0.0000000000
107158  -45.138  -6.099  21.655 0.0000000000
58461  -4.859  -44.455  58.876 0.0000000000
57335  -4.506  -45.081  58.801 0.0000000000
57346  -4.348  -46.036  58.530 0.0000000000
57376  -6.594  -45.637  56.425 0.0000000000
57359  -6.205  -45.808  57.043 0.0000000000
56243  -6.216  -46.697  57.412 0.0000000000
56230  -4.712  -46.685  58.190 0.0000000000
53856  -4.866  -48.468  58.547 0.0000000000
53847  -5.227  -49.212  59.094 0.0000000000
74791  -30.718  -31.962  35.714 0.0000000000
73547  -32.070  -32.357  36.673 0.0000000000
73527  -32.496  -32.397  37.355 0.0000000000
73503  -32.881  -32.342  37.995 0.0000000000
72250  -33.389  -32.438  38.887 0.0000000000
73478  -33.733  -32.025  39.127 0.0000000000
74712  -33.724  -31.619  38.794 0.0000000000
74729  -34.198  -30.768  38.731 0.0000000000
77254  -32.583  -29.665  36.789 0.0000000000
77243  -33.559  -29.633  37.852 0.0000000000
77244  -33.917  -29.598  38.460 0.0000000000
77230  -33.808  -29.122  38.521 0.0000000000
78696  -33.397  -28.736  38.122 0.0000000000
81182  -26.413  -26.936  38.579 0.0000000000
82343  -27.070  -25.840  39.422 0.0000000000
79955  -26.489  -27.398  38.053 0.0000000000
79982  -26.817  -27.714  37.345 0.0000000000
80036  -29.190  -27.816  35.521 0.0000000000
80037  -29.601  -27.616  35.744 0.0000000000
80011  -30.235  -27.524  36.259 0.0000000000
80012  -31.179  -27.587  36.739 0.0000000000
79984  -31.764  -27.753  37.233 0.0000000000
79958  -32.504  -27.887  38.173 0.0000000000
81236  -30.771  -26.831  34.920 0.0000000000
81251  -31.416  -27.245  34.556 0.0000000000
80108  -36.696  -27.551  32.241 0.0000000000
80137  -35.482  -27.378  30.408 0.0000000000
82545  -34.618  -25.333  28.622 0.0000000000
82500  -31.829  -26.149  30.790 0.0000000000
82515  -32.849  -26.197  29.626 0.0000000000
82528  -32.726  -25.478  29.559 0.0000000000
82529  -33.374  -25.793  29.080 0.0000000000
82544  -33.946  -25.317  28.695 0.0000000000
83749  -34.271  -23.873  28.715 0.0000000000
86541  -34.518  -22.846  28.822 0.0000000000
89078  -34.581  -20.567  30.539 0.0000000000
70940  -17.943  -34.194  44.700 0.0000000000
70941  -18.619  -34.344  44.555 0.0000000000
70942  -19.011  -34.234  44.443 0.0000000000
72126  -19.170  -33.663  44.399 0.0000000000
72107  -19.942  -34.051  45.255 0.0000000000
70916  -20.345  -34.069  46.104 0.0000000000
75839  -21.142  -32.535  45.576 0.0000000000
74573  -20.786  -32.548  44.898 0.0000000000
74554  -20.792  -32.706  46.416 0.0000000000
59633  -5.930  -43.333  55.906 0.0000000000
59632  -5.910  -44.030  55.677 0.0000000000
58529  -6.829  -44.207  55.008 0.0000000000
60855  -7.546  -42.741  54.446 0.0000000000
59677  -8.683  -42.966  53.602 0.0000000000
58530  -7.323  -44.379  54.912 0.0000000000
58513  -7.780  -45.037  55.117 0.0000000000
57400  -8.584  -45.584  55.479 0.0000000000
57379  -9.481  -45.839  56.291 0.0000000000
57402  -10.731  -45.592  55.449 0.0000000000
62125  -11.870  -41.376  51.175 0.0000000000
60893  -11.635  -42.024  51.599 0.0000000000
60879  -12.143  -42.716  51.926 0.0000000000
59681  -12.277  -43.859  52.991 0.0000000000
59665  -12.749  -44.205  53.725 0.0000000000
62093  -14.963  -41.903  53.053 0.0000000000
60866  -15.094  -42.194  53.603 0.0000000000
59666  -13.624  -43.929  54.060 0.0000000000
58536  -13.023  -44.459  54.394 0.0000000000
51250  -4.581  -50.311  61.335 0.0000000000
51236  -3.935  -50.466  61.375 0.0000000000
55029  -3.125  -47.635  62.303 0.0000000000
53820  -2.395  -48.716  61.947 0.0000000000
55028  -2.471  -47.969  62.612 0.0000000000
56246  -9.451  -46.511  57.696 0.0000000000
57323  -4.032  -45.124  60.180 0.0000000000
59645  -6.260  -44.211  55.443 0.0000000000
59660  -7.016  -43.974  54.864 0.0000000000
59664  -10.081  -44.193  53.416 0.0000000000
60849  -6.916  -42.679  55.333 0.0000000000
62123  -10.514  -41.109  51.775 0.0000000000
64656  -13.586  -39.591  49.259 0.0000000000
64676  -16.242  -39.334  48.618 0.0000000000
65914  -12.249  -38.922  50.382 0.0000000000
67196  -13.208  -36.813  51.200 0.0000000000
67272  -14.505  -37.687  48.138 0.0000000000
68434  -13.029  -36.692  51.406 0.0000000000
68451  -14.047  -35.594  50.123 0.0000000000
68566  -18.632  -36.075  45.879 0.0000000000
69813  -31.211  -35.528  41.748 0.0000000000
70929  -19.215  -34.684  44.946 0.0000000000
72125  -18.210  -33.305  44.631 0.0000000000
72142  -18.419  -33.890  44.369 0.0000000000
73454  -35.705  -32.220  40.508 0.0000000000
73561  -30.731  -32.290  35.706 0.0000000000
74792  -31.088  -32.159  35.733 0.0000000000
75980  -33.977  -30.221  38.467 0.0000000000
77240  -28.543  -29.571  38.265 0.0000000000
78577  -24.567  -28.162  44.405 0.0000000000
78593  -20.011  -28.655  43.685 0.0000000000
78712  -27.265  -28.440  37.825 0.0000000000
79857  -24.330  -27.837  43.985 0.0000000000
79933  -26.895  -27.488  39.298 0.0000000000
79981  -26.496  -27.258  37.714 0.0000000000
80035  -28.895  -28.084  35.513 0.0000000000
80059  -31.797  -27.369  34.485 0.0000000000
81181  -26.357  -27.170  38.258 0.0000000000
81198  -26.353  -27.115  38.015 0.0000000000
81202  -32.205  -27.557  37.723 0.0000000000
82516  -36.789  -26.264  29.789 0.0000000000
83621  -26.624  -23.978  36.158 0.0000000000
83623  -28.642  -26.302  34.746 0.0000000000
83751  -38.328  -24.867  29.009 0.0000000000
86424  -27.336  -22.532  36.114 0.0000000000
90319  -34.614  -19.793  30.151 0.0000000000
90347  -40.363  -19.633  26.716 0.0000000000
90358  -40.413  -19.385  26.556 0.0000000000
90359  -40.738  -19.316  26.510 0.0000000000
91548  -34.877  -19.250  29.925 0.0000000000
91589  -38.963  -18.086  26.828 0.0000000000
91591  -40.133  -19.484  27.020 0.0000000000
91605  -39.080  -17.805  26.534 0.0000000000
91621  -39.823  -17.731  25.877 0.0000000000
92728  -34.682  -18.127  31.435 0.0000000000
93972  -35.871  -15.957  31.998 0.0000000000
94005  -35.784  -16.044  29.135 0.0000000000
94018  -36.771  -16.294  28.216 0.0000000000
94030  -39.168  -16.763  26.251 0.0000000000
95229  -36.091  -15.658  28.694 0.0000000000
95246  -36.970  -16.134  27.954 0.0000000000
96397  -36.730  -14.491  29.870 0.0000000000
96439  -36.383  -15.427  28.498 0.0000000000
101459  -41.955  -10.018  23.245 0.0000000000
101471  -42.983  -10.175  22.606 0.0000000000
102691  -42.406  -9.476  22.663 0.0000000000
104978  -43.456  -8.055  22.084 0.0000000000
106084  -45.339  -7.373  21.005 0.0000000000
