#!ascii label  , from subject HYGLY28_VISIT_2 vox2ras=TkReg
1736
80066  -38.468  -27.798  34.385 0.0000000000
98866  -51.606  -12.779  29.100 0.0000000000
91521  -43.032  -18.672  31.168 0.0000000000
57326  -12.622  -45.960  60.046 0.0000000000
78674  -33.224  -28.105  38.971 0.0000000000
73258  -25.149  -33.037  52.370 0.0000000000
67220  -35.416  -37.423  50.762 0.0000000000
68575  -38.073  -36.605  44.876 0.0000000000
74581  -37.801  -31.656  45.525 0.0000000000
67211  -18.437  -37.661  50.482 0.0000000000
70799  -21.825  -34.430  55.411 0.0000000000
73318  -20.642  -33.159  47.541 0.0000000000
69732  -28.374  -37.078  45.938 0.0000000000
68556  -33.457  -37.762  46.100 0.0000000000
78665  -41.429  -29.454  40.524 0.0000000000
79971  -45.677  -27.845  38.418 0.0000000000
93994  -48.650  -17.287  29.944 0.0000000000
82504  -41.516  -25.145  31.400 0.0000000000
102680  -47.187  -10.310  23.373 0.0000000000
56198  -9.127  -47.382  61.505 0.0000000000
79863  -38.140  -29.424  43.419 0.0000000000
80013  -34.043  -27.948  36.689 0.0000000000
73373  -23.374  -32.787  45.987 0.0000000000
68426  -30.508  -36.901  52.607 0.0000000000
86397  -47.529  -22.902  37.248 0.0000000000
104998  -56.274  -8.023  19.768 0.0000000000
69779  -34.940  -35.756  43.040 0.0000000000
70957  -36.721  -34.562  42.721 0.0000000000
69678  -19.679  -35.921  49.464 0.0000000000
69758  -30.333  -37.000  44.148 0.0000000000
69760  -32.400  -36.831  43.667 0.0000000000
67315  -36.429  -37.534  45.544 0.0000000000
79992  -39.393  -28.806  37.289 0.0000000000
78667  -43.341  -28.484  40.077 0.0000000000
80021  -42.021  -27.938  36.165 0.0000000000
95222  -50.445  -15.073  29.396 0.0000000000
93954  -52.207  -16.188  33.654 0.0000000000
101396  -52.904  -10.721  28.727 0.0000000000
57362  -10.225  -45.981  57.096 0.0000000000
56201  -10.818  -46.529  60.710 0.0000000000
77193  -35.855  -29.813  41.817 0.0000000000
78580  -37.154  -29.420  43.756 0.0000000000
81133  -34.997  -27.388  41.472 0.0000000000
81168  -35.287  -27.621  39.659 0.0000000000
82366  -33.068  -26.971  37.822 0.0000000000
73257  -23.416  -32.732  52.940 0.0000000000
73204  -23.358  -32.998  56.656 0.0000000000
73219  -25.477  -32.458  55.707 0.0000000000
71985  -28.254  -33.831  55.267 0.0000000000
75880  -21.507  -32.029  44.216 0.0000000000
73400  -22.970  -33.095  44.167 0.0000000000
68482  -31.990  -37.608  49.538 0.0000000000
68480  -30.256  -37.528  49.616 0.0000000000
68445  -33.225  -37.288  51.647 0.0000000000
68411  -33.781  -36.612  53.829 0.0000000000
62071  -15.945  -41.929  55.374 0.0000000000
63259  -17.834  -40.625  57.702 0.0000000000
63218  -18.902  -40.600  61.560 0.0000000000
86502  -43.059  -22.404  30.738 0.0000000000
83678  -44.261  -24.367  34.736 0.0000000000
87816  -45.665  -21.377  34.271 0.0000000000
106111  -58.017  -6.602  18.442 0.0000000000
58407  -12.822  -44.338  64.336 0.0000000000
68510  -40.234  -36.544  48.002 0.0000000000
72076  -38.728  -33.836  47.760 0.0000000000
70920  -38.358  -34.244  45.746 0.0000000000
73419  -36.789  -32.460  42.447 0.0000000000
65860  -19.139  -38.257  54.358 0.0000000000
67124  -21.074  -37.162  56.631 0.0000000000
68403  -20.203  -36.599  53.288 0.0000000000
72026  -21.247  -33.570  51.315 0.0000000000
75782  -22.014  -32.498  49.394 0.0000000000
70952  -25.090  -34.980  43.479 0.0000000000
69756  -28.297  -36.212  44.290 0.0000000000
68554  -31.547  -37.441  46.391 0.0000000000
67262  -34.316  -37.688  48.492 0.0000000000
65979  -37.030  -38.452  47.435 0.0000000000
65981  -39.551  -38.622  47.436 0.0000000000
64621  -17.211  -39.190  51.761 0.0000000000
78585  -42.214  -29.109  44.426 0.0000000000
79825  -45.096  -27.973  46.198 0.0000000000
78609  -44.017  -28.599  43.465 0.0000000000
79905  -46.863  -28.200  41.665 0.0000000000
91540  -46.578  -18.620  30.594 0.0000000000
91493  -46.711  -18.301  33.625 0.0000000000
92703  -49.198  -17.171  33.562 0.0000000000
53809  -5.058  -48.930  64.981 0.0000000000
81292  -39.644  -26.441  32.425 0.0000000000
86529  -39.622  -22.459  28.698 0.0000000000
91574  -42.517  -19.584  28.438 0.0000000000
92798  -45.424  -18.422  26.689 0.0000000000
94050  -46.597  -15.787  25.731 0.0000000000
97673  -48.797  -13.858  25.608 0.0000000000
100134  -49.592  -11.803  24.945 0.0000000000
100148  -45.050  -11.640  24.299 0.0000000000
57284  -10.439  -45.576  63.894 0.0000000000
56169  -8.604  -46.950  64.316 0.0000000000
56159  -7.074  -47.870  65.233 0.0000000000
77101  -40.379  -29.363  48.996 0.0000000000
74549  -38.610  -31.581  48.417 0.0000000000
77129  -39.064  -29.675  47.069 0.0000000000
78566  -40.420  -29.447  45.291 0.0000000000
78626  -39.825  -30.371  42.567 0.0000000000
79963  -37.366  -28.748  38.272 0.0000000000
80042  -35.931  -28.214  35.429 0.0000000000
69524  -22.222  -35.031  59.086 0.0000000000
75821  -21.666  -32.508  47.201 0.0000000000
73319  -24.190  -33.428  48.680 0.0000000000
70932  -25.985  -34.930  45.779 0.0000000000
69680  -27.578  -35.327  49.232 0.0000000000
70841  -28.396  -34.339  52.415 0.0000000000
69596  -30.743  -35.842  55.466 0.0000000000
57382  -12.500  -45.520  56.189 0.0000000000
58499  -14.381  -44.166  56.180 0.0000000000
58466  -15.128  -44.371  59.493 0.0000000000
81241  -42.965  -26.798  34.803 0.0000000000
82397  -47.054  -25.701  37.165 0.0000000000
83566  -49.912  -25.079  39.722 0.0000000000
88997  -48.696  -20.389  37.464 0.0000000000
102655  -51.706  -9.588  25.297 0.0000000000
104955  -53.501  -8.295  24.993 0.0000000000
104957  -55.569  -7.307  24.029 0.0000000000
103863  -55.344  -8.831  21.472 0.0000000000
107153  -57.274  -6.589  22.207 0.0000000000
69796  -32.831  -35.384  42.186 0.0000000000
70967  -33.606  -35.069  42.062 0.0000000000
70985  -32.731  -34.971  41.490 0.0000000000
69794  -30.881  -35.847  42.475 0.0000000000
69795  -31.850  -35.740  42.348 0.0000000000
69762  -34.392  -36.069  43.849 0.0000000000
78748  -38.609  -28.428  35.776 0.0000000000
79993  -40.472  -28.325  37.228 0.0000000000
80046  -40.272  -27.880  35.373 0.0000000000
96432  -50.845  -14.263  29.262 0.0000000000
95180  -52.930  -14.973  31.360 0.0000000000
96412  -53.448  -13.865  30.592 0.0000000000
98855  -53.815  -12.450  30.708 0.0000000000
100090  -52.290  -11.844  29.138 0.0000000000
57348  -11.257  -46.263  57.957 0.0000000000
56221  -10.968  -46.582  59.012 0.0000000000
57325  -11.724  -46.371  59.605 0.0000000000
77211  -34.955  -29.126  40.548 0.0000000000
78622  -35.408  -28.487  41.643 0.0000000000
79917  -33.817  -27.682  40.007 0.0000000000
82328  -33.566  -26.892  39.437 0.0000000000
81184  -32.763  -27.281  38.043 0.0000000000
64489  -20.117  -39.716  59.929 0.0000000000
74466  -24.235  -32.358  52.218 0.0000000000
74433  -24.535  -32.490  53.902 0.0000000000
73246  -25.921  -32.885  53.714 0.0000000000
73234  -27.078  -33.023  54.944 0.0000000000
72005  -26.615  -33.301  53.419 0.0000000000
68464  -33.922  -37.249  50.407 0.0000000000
68463  -32.704  -37.354  50.509 0.0000000000
68446  -34.214  -37.068  51.765 0.0000000000
68430  -34.477  -36.953  52.930 0.0000000000
64537  -18.828  -39.817  56.642 0.0000000000
63252  -18.900  -39.937  58.298 0.0000000000
63242  -19.020  -39.964  59.391 0.0000000000
78506  -42.808  -28.819  48.335 0.0000000000
89072  -42.829  -20.512  30.970 0.0000000000
87845  -44.105  -21.630  31.826 0.0000000000
89062  -44.504  -20.579  32.406 0.0000000000
68559  -39.427  -36.547  46.536 0.0000000000
69717  -39.532  -35.546  47.406 0.0000000000
70934  -38.565  -35.016  45.323 0.0000000000
72176  -36.676  -33.439  42.267 0.0000000000
73432  -36.224  -32.411  41.035 0.0000000000
74690  -35.583  -31.234  40.252 0.0000000000
67171  -18.875  -37.963  52.478 0.0000000000
67173  -19.754  -37.184  53.465 0.0000000000
68420  -19.662  -36.934  52.288 0.0000000000
70869  -20.396  -34.525  48.972 0.0000000000
70847  -20.748  -34.834  50.813 0.0000000000
72037  -20.759  -33.892  49.759 0.0000000000
73286  -21.317  -32.863  50.264 0.0000000000
74523  -21.023  -32.496  48.856 0.0000000000
70965  -26.004  -34.940  42.225 0.0000000000
68581  -31.262  -37.186  44.672 0.0000000000
68568  -30.747  -37.180  45.413 0.0000000000
68555  -32.515  -37.657  46.265 0.0000000000
68534  -32.315  -37.851  47.261 0.0000000000
67281  -34.649  -37.781  47.628 0.0000000000
65962  -36.056  -38.363  48.523 0.0000000000
67282  -35.380  -37.978  47.300 0.0000000000
68574  -36.807  -37.008  44.920 0.0000000000
67304  -37.667  -38.159  46.001 0.0000000000
67305  -38.832  -37.644  46.323 0.0000000000
67286  -40.354  -37.577  47.991 0.0000000000
65902  -17.729  -38.562  51.375 0.0000000000
78628  -41.603  -29.638  42.371 0.0000000000
78608  -42.963  -28.978  43.415 0.0000000000
78629  -42.543  -29.026  42.377 0.0000000000
79922  -44.084  -28.084  39.661 0.0000000000
79903  -44.854  -27.924  41.059 0.0000000000
79924  -45.777  -28.112  40.313 0.0000000000
79906  -47.604  -28.103  41.832 0.0000000000
79946  -47.615  -27.544  39.645 0.0000000000
92755  -47.340  -18.317  29.804 0.0000000000
92731  -47.537  -17.817  31.591 0.0000000000
93981  -48.923  -17.203  31.211 0.0000000000
95128  -54.186  -16.064  35.040 0.0000000000
91595  -44.743  -19.590  27.287 0.0000000000
92796  -42.851  -18.315  25.887 0.0000000000
95278  -44.628  -15.850  25.110 0.0000000000
96502  -45.766  -14.565  24.783 0.0000000000
96487  -47.778  -14.600  25.692 0.0000000000
97689  -46.471  -13.722  24.770 0.0000000000
100150  -46.715  -12.178  24.673 0.0000000000
55075  -8.672  -47.446  58.651 0.0000000000
55042  -8.502  -47.772  61.494 0.0000000000
59550  -11.908  -44.621  64.900 0.0000000000
58417  -11.276  -45.236  63.809 0.0000000000
58393  -10.992  -44.416  65.525 0.0000000000
57273  -9.126  -46.490  65.120 0.0000000000
56155  -8.625  -46.895  66.094 0.0000000000
56168  -7.730  -47.436  64.413 0.0000000000
56154  -7.831  -47.411  65.971 0.0000000000
55006  -6.680  -48.101  65.654 0.0000000000
73341  -38.345  -32.578  47.073 0.0000000000
73326  -38.424  -32.803  47.971 0.0000000000
74563  -38.203  -31.889  46.494 0.0000000000
79840  -37.515  -29.381  43.717 0.0000000000
78541  -38.081  -29.887  45.906 0.0000000000
79824  -39.151  -29.625  44.965 0.0000000000
78543  -39.342  -29.417  46.222 0.0000000000
78565  -39.618  -29.696  44.954 0.0000000000
78583  -40.348  -30.022  44.328 0.0000000000
77176  -38.933  -29.794  42.968 0.0000000000
79960  -34.552  -28.117  38.283 0.0000000000
79938  -36.547  -28.525  39.075 0.0000000000
79962  -36.380  -28.392  38.155 0.0000000000
79990  -37.085  -28.595  37.238 0.0000000000
80015  -35.521  -28.369  36.375 0.0000000000
68363  -21.001  -36.154  55.520 0.0000000000
68315  -21.872  -35.982  57.979 0.0000000000
69554  -21.817  -35.210  57.314 0.0000000000
74617  -22.027  -32.339  44.732 0.0000000000
75859  -21.855  -32.419  45.282 0.0000000000
74574  -22.614  -32.604  46.528 0.0000000000
74555  -22.712  -32.778  47.421 0.0000000000
73333  -24.168  -33.453  47.688 0.0000000000
69743  -27.146  -35.939  45.434 0.0000000000
70944  -25.389  -34.875  44.764 0.0000000000
68550  -27.793  -36.591  47.110 0.0000000000
67203  -30.092  -37.337  51.117 0.0000000000
68479  -28.819  -36.477  49.536 0.0000000000
68459  -28.794  -36.173  50.522 0.0000000000
70860  -27.675  -35.048  50.298 0.0000000000
69645  -29.212  -35.508  52.445 0.0000000000
69615  -29.728  -35.265  54.481 0.0000000000
68388  -31.161  -36.463  54.543 0.0000000000
64665  -38.715  -39.578  49.712 0.0000000000
60850  -15.199  -43.144  55.767 0.0000000000
59626  -15.379  -43.411  57.430 0.0000000000
58473  -14.622  -44.359  58.215 0.0000000000
63205  -18.633  -40.637  62.676 0.0000000000
82486  -40.174  -26.019  31.945 0.0000000000
81255  -42.150  -26.996  33.778 0.0000000000
82470  -42.479  -25.725  33.381 0.0000000000
84952  -45.806  -23.645  36.070 0.0000000000
83634  -45.468  -24.568  36.078 0.0000000000
83611  -47.154  -24.709  37.140 0.0000000000
83581  -48.996  -25.158  38.999 0.0000000000
84920  -49.277  -24.010  38.644 0.0000000000
92671  -47.828  -17.823  35.111 0.0000000000
90246  -47.399  -19.575  35.515 0.0000000000
91421  -49.543  -19.123  36.893 0.0000000000
101455  -48.245  -10.830  24.608 0.0000000000
101438  -50.162  -10.815  25.007 0.0000000000
102668  -49.568  -10.378  24.272 0.0000000000
102698  -51.375  -10.125  23.139 0.0000000000
102686  -52.801  -9.308  23.422 0.0000000000
104956  -54.346  -7.741  24.557 0.0000000000
103854  -54.180  -9.273  22.631 0.0000000000
103886  -55.171  -9.000  18.925 0.0000000000
102735  -54.211  -9.546  19.561 0.0000000000
103870  -55.563  -8.765  20.503 0.0000000000
104974  -56.336  -7.590  22.154 0.0000000000
106079  -56.856  -6.785  20.859 0.0000000000
107174  -57.707  -6.077  20.523 0.0000000000
106112  -59.000  -6.411  18.411 0.0000000000
68587  -37.235  -36.330  44.369 0.0000000000
69765  -37.712  -35.394  44.206 0.0000000000
69780  -36.098  -35.483  43.178 0.0000000000
70968  -34.721  -34.665  42.047 0.0000000000
68473  -19.159  -36.625  49.666 0.0000000000
69792  -28.928  -35.950  42.396 0.0000000000
69759  -31.356  -37.028  43.778 0.0000000000
68571  -33.692  -37.141  45.359 0.0000000000
68558  -35.025  -37.499  45.872 0.0000000000
68584  -33.971  -36.504  44.671 0.0000000000
68585  -35.012  -36.561  44.539 0.0000000000
78679  -40.663  -29.366  39.783 0.0000000000
78666  -42.410  -28.961  40.342 0.0000000000
78702  -41.938  -28.912  38.531 0.0000000000
78703  -42.664  -28.466  38.381 0.0000000000
79969  -43.910  -27.869  37.947 0.0000000000
93995  -49.213  -16.380  29.421 0.0000000000
93975  -50.466  -16.421  31.572 0.0000000000
95178  -51.093  -15.872  31.446 0.0000000000
95149  -53.902  -15.277  33.477 0.0000000000
102626  -53.527  -9.263  28.207 0.0000000000
56233  -9.453  -47.120  58.457 0.0000000000
56208  -9.659  -47.154  60.408 0.0000000000
75885  -36.913  -30.657  43.380 0.0000000000
75864  -37.640  -30.777  45.076 0.0000000000
78601  -35.983  -28.832  42.846 0.0000000000
79880  -36.060  -27.977  42.871 0.0000000000
81116  -36.551  -27.985  42.149 0.0000000000
79881  -37.148  -28.545  41.951 0.0000000000
81153  -35.281  -27.203  40.577 0.0000000000
81185  -34.052  -26.968  38.740 0.0000000000
81223  -33.364  -26.971  36.873 0.0000000000
72003  -22.539  -33.409  53.547 0.0000000000
70787  -22.343  -33.840  56.006 0.0000000000
73229  -23.125  -32.987  54.549 0.0000000000
73218  -24.617  -32.486  55.659 0.0000000000
71976  -27.702  -33.379  56.191 0.0000000000
74635  -21.795  -32.097  43.909 0.0000000000
73387  -23.551  -33.119  44.666 0.0000000000
68532  -30.297  -37.346  47.611 0.0000000000
68531  -29.266  -37.142  47.763 0.0000000000
68481  -30.855  -37.612  49.800 0.0000000000
68462  -31.614  -37.421  50.655 0.0000000000
68427  -31.453  -37.213  52.720 0.0000000000
68409  -31.802  -36.787  53.651 0.0000000000
68429  -33.564  -37.109  52.816 0.0000000000
63327  -16.466  -40.569  52.838 0.0000000000
63293  -16.744  -40.825  54.583 0.0000000000
62032  -16.877  -41.670  58.688 0.0000000000
62013  -17.544  -41.516  60.796 0.0000000000
62023  -17.840  -41.006  59.757 0.0000000000
85054  -42.516  -23.616  30.594 0.0000000000
83695  -43.095  -24.858  32.881 0.0000000000
85024  -43.654  -23.586  32.527 0.0000000000
86446  -44.874  -22.920  34.404 0.0000000000
87777  -46.653  -21.746  36.072 0.0000000000
102695  -45.948  -10.753  22.085 0.0000000000
102697  -47.891  -10.551  22.814 0.0000000000
101473  -47.734  -10.963  21.961 0.0000000000
103887  -55.852  -9.030  18.713 0.0000000000
106097  -57.221  -6.838  18.972 0.0000000000
103902  -56.943  -8.601  17.924 0.0000000000
105024  -58.463  -7.483  17.023 0.0000000000
58444  -13.554  -44.978  61.495 0.0000000000
58443  -12.938  -45.309  61.838 0.0000000000
69683  -39.890  -35.128  49.008 0.0000000000
69696  -39.680  -35.048  48.439 0.0000000000
72096  -38.452  -33.588  46.828 0.0000000000
73360  -38.022  -32.698  45.755 0.0000000000
70946  -37.852  -34.352  44.298 0.0000000000
72152  -37.633  -33.436  44.100 0.0000000000
74624  -37.425  -31.671  44.079 0.0000000000
75919  -36.117  -30.589  42.160 0.0000000000
75952  -35.480  -30.124  40.276 0.0000000000
65827  -19.882  -38.918  56.356 0.0000000000
65816  -20.773  -38.421  57.670 0.0000000000
65843  -20.210  -37.937  55.823 0.0000000000
68362  -20.650  -36.493  55.168 0.0000000000
69611  -21.268  -35.292  54.340 0.0000000000
69651  -20.304  -35.918  51.484 0.0000000000
70836  -20.854  -35.216  52.126 0.0000000000
70825  -21.442  -34.586  53.373 0.0000000000
73255  -22.257  -32.932  52.174 0.0000000000
74485  -22.464  -32.224  50.985 0.0000000000
75766  -23.716  -32.213  50.940 0.0000000000
69770  -25.898  -35.134  43.717 0.0000000000
69744  -28.024  -36.322  45.245 0.0000000000
69757  -29.231  -36.646  44.176 0.0000000000
68567  -29.881  -37.276  45.702 0.0000000000
68553  -30.537  -37.355  46.505 0.0000000000
68533  -31.328  -37.633  47.440 0.0000000000
67237  -33.935  -37.543  49.044 0.0000000000
67239  -35.272  -37.759  49.624 0.0000000000
65923  -36.948  -38.281  50.654 0.0000000000
65939  -35.700  -38.227  49.432 0.0000000000
65963  -37.265  -39.188  48.833 0.0000000000
64684  -38.905  -39.489  48.751 0.0000000000
67284  -36.963  -38.237  46.595 0.0000000000
65980  -38.366  -39.058  47.718 0.0000000000
64685  -39.942  -39.488  48.750 0.0000000000
64686  -40.720  -39.122  48.560 0.0000000000
64604  -17.390  -39.521  52.768 0.0000000000
78568  -42.411  -28.828  45.503 0.0000000000
78569  -43.417  -28.574  45.618 0.0000000000
78587  -44.262  -28.468  44.646 0.0000000000
79865  -46.052  -28.092  43.763 0.0000000000
78651  -44.019  -28.115  41.558 0.0000000000
79884  -45.921  -28.081  42.605 0.0000000000
91538  -44.653  -18.914  30.526 0.0000000000
91509  -45.320  -19.173  32.119 0.0000000000
91510  -46.086  -18.471  32.228 0.0000000000
92701  -47.869  -17.602  33.397 0.0000000000
93923  -49.616  -17.122  35.775 0.0000000000
93953  -51.409  -16.567  33.656 0.0000000000
93925  -51.269  -16.645  35.505 0.0000000000
80108  -36.696  -27.551  32.241 0.0000000000
80091  -38.784  -27.202  33.597 0.0000000000
81290  -38.014  -26.869  31.906 0.0000000000
82518  -38.540  -26.192  30.462 0.0000000000
82519  -39.765  -25.367  30.261 0.0000000000
85052  -41.171  -23.787  29.722 0.0000000000
86515  -41.567  -22.503  29.746 0.0000000000
89081  -41.618  -20.607  30.405 0.0000000000
91519  -41.357  -18.710  30.663 0.0000000000
91556  -42.644  -18.978  29.425 0.0000000000
91576  -44.297  -19.567  28.867 0.0000000000
91597  -46.029  -19.226  28.045 0.0000000000
92786  -47.248  -17.800  27.531 0.0000000000
92813  -44.237  -17.335  25.463 0.0000000000
94032  -45.764  -17.216  26.038 0.0000000000
94021  -47.905  -17.113  27.433 0.0000000000
94023  -49.025  -15.545  27.630 0.0000000000
96464  -49.445  -14.404  27.363 0.0000000000
97653  -50.252  -13.350  27.619 0.0000000000
100117  -51.132  -12.502  27.107 0.0000000000
98927  -49.355  -12.452  25.081 0.0000000000
101435  -47.076  -11.067  24.892 0.0000000000
101452  -45.709  -10.887  24.015 0.0000000000
102678  -45.315  -10.685  23.128 0.0000000000
57309  -12.027  -45.810  62.305 0.0000000000
57308  -10.814  -46.325  62.035 0.0000000000
56191  -9.789  -47.115  62.277 0.0000000000
58392  -10.855  -45.349  65.198 0.0000000000
57283  -9.373  -46.081  64.018 0.0000000000
56190  -8.992  -47.457  62.430 0.0000000000
56179  -8.127  -47.452  63.554 0.0000000000
55022  -7.415  -47.827  63.583 0.0000000000
53816  -6.181  -48.718  63.826 0.0000000000
55012  -6.110  -48.655  65.054 0.0000000000
78505  -41.879  -29.146  48.198 0.0000000000
74531  -39.013  -31.267  49.560 0.0000000000
75845  -38.067  -30.685  46.145 0.0000000000
75828  -38.648  -30.757  47.518 0.0000000000
77116  -39.376  -29.458  47.585 0.0000000000
78524  -40.890  -29.083  47.413 0.0000000000
78545  -41.622  -28.951  46.496 0.0000000000
78567  -41.413  -29.136  45.415 0.0000000000
78606  -40.950  -30.035  43.289 0.0000000000
78648  -41.117  -29.783  41.447 0.0000000000
79921  -37.877  -29.288  40.714 0.0000000000
78677  -38.787  -29.438  40.354 0.0000000000
78678  -39.700  -29.387  40.059 0.0000000000
79964  -38.673  -29.077  38.599 0.0000000000
80017  -37.905  -28.427  36.215 0.0000000000
80065  -37.369  -27.970  34.350 0.0000000000
81202  -32.205  -27.557  37.723 0.0000000000
82388  -31.815  -26.628  36.982 0.0000000000
82414  -32.030  -26.653  36.536 0.0000000000
81239  -33.072  -27.202  36.113 0.0000000000
80061  -33.056  -27.918  34.792 0.0000000000
80062  -34.028  -28.450  34.767 0.0000000000
80088  -35.391  -28.047  33.475 0.0000000000
80089  -36.505  -27.854  33.356 0.0000000000
71958  -22.372  -33.806  57.131 0.0000000000
73332  -20.490  -33.103  46.389 0.0000000000
75839  -21.142  -32.535  45.576 0.0000000000
74539  -21.028  -32.684  47.939 0.0000000000
75802  -21.675  -32.563  48.351 0.0000000000
74525  -23.288  -32.856  49.210 0.0000000000
72039  -24.980  -33.389  50.430 0.0000000000
72170  -23.842  -34.006  43.332 0.0000000000
70943  -24.525  -34.007  45.063 0.0000000000
70930  -24.703  -34.023  46.243 0.0000000000
68530  -28.373  -36.712  47.904 0.0000000000
69716  -26.721  -35.557  47.672 0.0000000000
70918  -25.183  -34.157  46.992 0.0000000000
70885  -26.082  -34.344  48.935 0.0000000000
70858  -26.649  -34.106  50.602 0.0000000000
72018  -27.219  -33.634  52.523 0.0000000000
72008  -28.503  -34.247  53.680 0.0000000000
70806  -29.213  -34.467  55.303 0.0000000000
57363  -11.180  -46.104  57.231 0.0000000000
57350  -12.752  -45.595  58.061 0.0000000000
59648  -14.166  -43.869  54.786 0.0000000000
58519  -13.546  -44.486  55.008 0.0000000000
57383  -13.230  -45.066  56.337 0.0000000000
58472  -13.703  -44.975  57.903 0.0000000000
57328  -14.232  -45.261  59.907 0.0000000000
59587  -15.124  -43.896  62.265 0.0000000000
63204  -17.918  -41.095  62.821 0.0000000000
80068  -40.752  -27.514  34.493 0.0000000000
80048  -42.450  -27.470  35.221 0.0000000000
79997  -44.782  -27.598  37.023 0.0000000000
82441  -43.816  -25.614  35.012 0.0000000000
81227  -45.365  -26.427  36.575 0.0000000000
81188  -47.044  -26.883  38.184 0.0000000000
81171  -48.455  -26.974  39.515 0.0000000000
90259  -45.925  -19.803  34.378 0.0000000000
89011  -46.933  -20.612  35.795 0.0000000000
87753  -48.304  -21.323  37.618 0.0000000000
100125  -51.842  -11.222  26.272 0.0000000000
101421  -53.161  -10.238  26.995 0.0000000000
102646  -53.152  -9.456  26.510 0.0000000000
102683  -50.142  -10.192  23.772 0.0000000000
103836  -52.067  -8.967  24.856 0.0000000000
104940  -53.837  -7.754  26.350 0.0000000000
104948  -54.206  -7.313  25.617 0.0000000000
106058  -55.179  -6.855  24.865 0.0000000000
102712  -53.735  -9.689  21.550 0.0000000000
103855  -54.981  -8.772  22.459 0.0000000000
104958  -56.266  -7.201  23.709 0.0000000000
108255  -58.517  -5.920  19.829 0.0000000000
69814  -32.057  -35.319  41.581 0.0000000000
69815  -32.526  -35.245  41.745 0.0000000000
69813  -31.211  -35.528  41.748 0.0000000000
80045  -39.135  -28.167  35.393 0.0000000000
97627  -51.181  -13.439  29.219 0.0000000000
96410  -52.247  -14.160  30.153 0.0000000000
97629  -52.506  -13.380  29.813 0.0000000000
97619  -53.641  -13.344  30.850 0.0000000000
98867  -52.429  -12.877  29.546 0.0000000000
98854  -52.913  -12.267  29.942 0.0000000000
100089  -51.693  -12.249  28.804 0.0000000000
57337  -12.295  -45.900  58.939 0.0000000000
78675  -33.646  -28.380  39.258 0.0000000000
78661  -34.348  -28.408  40.237 0.0000000000
79936  -33.442  -27.747  39.512 0.0000000000
79935  -33.168  -27.865  39.047 0.0000000000
64503  -20.565  -39.108  59.445 0.0000000000
64515  -20.375  -38.986  58.457 0.0000000000
74489  -24.596  -32.720  52.011 0.0000000000
74467  -24.875  -32.518  52.750 0.0000000000
73245  -25.456  -32.771  53.157 0.0000000000
72004  -25.990  -33.268  53.112 0.0000000000
67219  -34.783  -37.361  50.233 0.0000000000
68465  -34.700  -37.172  51.009 0.0000000000
67204  -35.845  -37.296  51.593 0.0000000000
64501  -19.280  -39.626  58.611 0.0000000000
90300  -42.638  -19.175  31.585 0.0000000000
90301  -43.373  -19.893  31.418 0.0000000000
90288  -43.546  -19.366  31.891 0.0000000000
68576  -38.827  -36.448  45.722 0.0000000000
69748  -38.673  -35.606  45.466 0.0000000000
72209  -35.044  -33.082  40.179 0.0000000000
72193  -35.911  -33.321  41.338 0.0000000000
67185  -18.812  -37.804  51.720 0.0000000000
67212  -18.826  -37.354  50.803 0.0000000000
72054  -20.616  -33.784  48.468 0.0000000000
73303  -20.820  -32.999  48.869 0.0000000000
73285  -20.963  -33.087  49.771 0.0000000000
68570  -32.795  -37.424  45.348 0.0000000000
68569  -31.817  -37.376  45.439 0.0000000000
68535  -33.239  -37.901  47.084 0.0000000000
67300  -34.094  -37.795  46.898 0.0000000000
67301  -34.884  -37.752  46.672 0.0000000000
67317  -38.342  -37.317  45.597 0.0000000000
67318  -38.947  -37.021  45.945 0.0000000000
68560  -39.565  -37.221  46.672 0.0000000000
65918  -17.941  -38.156  50.693 0.0000000000
65891  -18.344  -38.293  52.129 0.0000000000
78649  -41.916  -28.973  41.428 0.0000000000
79943  -44.874  -27.975  39.066 0.0000000000
79923  -44.872  -27.982  40.019 0.0000000000
79944  -45.753  -28.003  39.307 0.0000000000
79925  -46.810  -28.189  40.525 0.0000000000
79945  -46.645  -27.905  39.540 0.0000000000
92771  -48.050  -17.641  29.258 0.0000000000
92743  -48.172  -17.776  30.837 0.0000000000
93928  -54.612  -16.467  35.512 0.0000000000
91610  -43.263  -19.050  26.506 0.0000000000
96503  -46.345  -14.352  24.840 0.0000000000
97688  -45.515  -13.588  24.539 0.0000000000
98924  -45.329  -12.572  24.388 0.0000000000
55052  -9.034  -47.449  60.199 0.0000000000
55051  -8.586  -47.610  60.575 0.0000000000
55050  -7.938  -48.098  60.642 0.0000000000
59549  -11.192  -44.217  65.250 0.0000000000
59537  -11.125  -43.936  65.792 0.0000000000
56149  -7.987  -47.159  66.913 0.0000000000
79862  -37.255  -28.701  42.965 0.0000000000
79841  -38.151  -29.401  44.020 0.0000000000
79842  -38.533  -29.606  44.360 0.0000000000
78581  -38.847  -29.641  43.839 0.0000000000
78582  -39.505  -29.952  44.088 0.0000000000
78603  -38.648  -29.615  43.312 0.0000000000
78718  -34.759  -28.384  37.707 0.0000000000
79961  -35.301  -28.355  38.081 0.0000000000
79988  -35.055  -28.428  37.205 0.0000000000
79989  -36.013  -28.453  37.229 0.0000000000
80014  -34.549  -28.271  36.537 0.0000000000
69590  -21.350  -35.433  55.337 0.0000000000
69570  -21.541  -35.307  56.367 0.0000000000
74597  -22.922  -32.624  45.757 0.0000000000
74596  -22.377  -32.512  45.566 0.0000000000
74575  -23.160  -32.811  46.623 0.0000000000
73354  -23.681  -33.119  46.592 0.0000000000
69731  -27.727  -36.597  46.161 0.0000000000
68442  -30.175  -37.127  51.595 0.0000000000
67202  -29.780  -37.139  51.111 0.0000000000
68441  -29.401  -36.397  51.467 0.0000000000
68425  -29.745  -36.357  52.515 0.0000000000
69633  -30.145  -35.846  53.870 0.0000000000
68408  -30.745  -36.576  53.647 0.0000000000
64666  -39.654  -39.858  49.617 0.0000000000
60808  -16.608  -42.238  59.573 0.0000000000
82503  -40.646  -25.482  31.152 0.0000000000
82487  -41.494  -25.807  32.348 0.0000000000
82488  -42.409  -25.065  32.556 0.0000000000
86396  -46.931  -23.394  36.775 0.0000000000
84935  -46.857  -24.165  36.876 0.0000000000
84936  -47.459  -23.922  37.250 0.0000000000
83613  -48.502  -24.318  38.112 0.0000000000
84937  -48.244  -23.560  37.839 0.0000000000
92657  -49.076  -17.726  36.092 0.0000000000
92656  -48.136  -18.150  35.892 0.0000000000
102666  -47.449  -10.420  24.123 0.0000000000
102667  -48.540  -10.591  24.305 0.0000000000
102681  -48.156  -10.439  23.618 0.0000000000
102700  -52.614  -9.691  22.741 0.0000000000
103853  -53.364  -9.294  23.171 0.0000000000
102701  -53.388  -9.617  22.358 0.0000000000
103878  -55.788  -8.700  19.612 0.0000000000
103877  -54.934  -9.004  19.605 0.0000000000
104990  -56.113  -8.102  20.442 0.0000000000
104982  -56.490  -7.504  21.154 0.0000000000
104991  -56.591  -7.414  20.260 0.0000000000
107173  -57.186  -6.363  20.660 0.0000000000
106088  -57.151  -6.615  20.003 0.0000000000
69763  -35.522  -35.991  43.855 0.0000000000
69764  -36.687  -35.980  43.757 0.0000000000
70986  -33.957  -34.503  41.187 0.0000000000
69793  -29.923  -36.128  42.399 0.0000000000
69776  -31.600  -36.323  43.066 0.0000000000
69775  -30.601  -36.407  43.207 0.0000000000
68582  -32.123  -37.338  44.513 0.0000000000
68583  -33.133  -37.073  44.474 0.0000000000
68586  -36.134  -36.539  44.415 0.0000000000
79965  -40.084  -28.820  38.187 0.0000000000
78701  -40.900  -29.026  38.856 0.0000000000
79966  -41.164  -28.510  37.984 0.0000000000
79994  -41.518  -28.005  37.141 0.0000000000
79967  -42.117  -28.231  37.866 0.0000000000
79968  -42.972  -27.907  37.889 0.0000000000
79995  -42.572  -27.954  37.045 0.0000000000
95221  -49.571  -15.464  29.052 0.0000000000
93983  -50.465  -16.062  30.807 0.0000000000
95201  -51.008  -15.437  30.472 0.0000000000
95165  -53.930  -15.078  32.302 0.0000000000
95150  -54.649  -14.790  33.818 0.0000000000
101397  -53.264  -10.248  29.342 0.0000000000
102613  -53.817  -9.319  29.328 0.0000000000
102612  -53.317  -9.902  28.776 0.0000000000
56210  -10.989  -46.648  59.980 0.0000000000
56220  -10.288  -46.805  59.269 0.0000000000
56219  -9.726  -47.142  59.490 0.0000000000
56209  -10.302  -46.807  60.185 0.0000000000
77194  -36.104  -30.039  42.502 0.0000000000
77174  -36.405  -29.754  43.027 0.0000000000
77173  -35.969  -29.410  42.512 0.0000000000
79899  -34.709  -27.793  40.960 0.0000000000
79878  -35.239  -27.930  41.748 0.0000000000
81114  -35.444  -27.553  41.880 0.0000000000
81115  -36.041  -27.653  42.408 0.0000000000
81134  -35.357  -27.177  41.459 0.0000000000
81135  -36.061  -27.340  41.467 0.0000000000
81152  -34.544  -27.270  40.347 0.0000000000
82345  -33.375  -27.113  38.715 0.0000000000
82346  -33.841  -26.741  39.229 0.0000000000
82367  -33.449  -27.171  38.240 0.0000000000
81203  -33.521  -27.359  37.804 0.0000000000
82390  -33.080  -26.911  37.491 0.0000000000
73242  -23.070  -32.973  53.597 0.0000000000
71992  -22.548  -33.351  54.456 0.0000000000
73232  -25.263  -32.573  54.313 0.0000000000
73231  -24.420  -32.496  54.439 0.0000000000
73235  -27.766  -33.295  54.986 0.0000000000
71984  -27.743  -33.348  55.645 0.0000000000
71977  -28.187  -33.949  56.312 0.0000000000
74636  -22.260  -32.358  43.580 0.0000000000
74618  -22.510  -32.550  44.707 0.0000000000
68507  -31.111  -37.689  48.599 0.0000000000
68444  -32.130  -37.371  51.656 0.0000000000
68428  -32.529  -37.207  52.740 0.0000000000
64583  -17.017  -40.288  53.781 0.0000000000
63310  -16.498  -40.644  53.835 0.0000000000
63294  -17.175  -40.454  54.670 0.0000000000
62033  -17.461  -41.038  58.741 0.0000000000
63241  -18.441  -40.542  59.807 0.0000000000
63230  -19.572  -40.016  60.255 0.0000000000
63229  -19.005  -40.480  60.467 0.0000000000
86516  -42.258  -22.738  30.185 0.0000000000
85038  -43.305  -23.490  31.544 0.0000000000
86503  -43.780  -22.428  31.529 0.0000000000
87833  -44.867  -21.534  33.042 0.0000000000
86469  -44.811  -22.428  33.487 0.0000000000
86447  -45.350  -22.205  34.375 0.0000000000
87776  -46.008  -22.479  35.665 0.0000000000
87797  -45.930  -21.734  35.121 0.0000000000
102696  -46.968  -10.712  22.559 0.0000000000
102747  -55.135  -9.395  18.328 0.0000000000
102760  -55.575  -9.527  17.675 0.0000000000
103888  -56.568  -8.428  18.680 0.0000000000
103901  -56.342  -9.125  18.161 0.0000000000
58433  -13.868  -44.619  62.595 0.0000000000
59540  -13.236  -43.704  65.459 0.0000000000
69698  -40.341  -36.262  48.491 0.0000000000
69684  -40.417  -36.020  48.844 0.0000000000
69697  -40.114  -36.032  48.084 0.0000000000
70921  -38.652  -34.477  46.004 0.0000000000
70905  -38.916  -34.579  47.092 0.0000000000
72118  -38.389  -33.942  46.318 0.0000000000
72095  -38.341  -33.415  46.453 0.0000000000
72134  -37.890  -33.552  45.068 0.0000000000
69781  -37.154  -35.201  43.422 0.0000000000
69782  -37.607  -34.848  43.839 0.0000000000
70958  -37.504  -34.348  43.507 0.0000000000
73420  -37.055  -32.950  42.517 0.0000000000
72165  -37.322  -33.520  43.006 0.0000000000
73409  -37.182  -32.761  42.953 0.0000000000
73395  -37.402  -32.322  43.810 0.0000000000
73408  -36.928  -32.137  43.360 0.0000000000
74641  -36.744  -31.476  42.966 0.0000000000
74657  -36.552  -31.423  41.920 0.0000000000
75936  -35.969  -30.456  40.954 0.0000000000
65842  -19.541  -38.553  55.578 0.0000000000
68402  -19.792  -36.922  52.914 0.0000000000
67158  -19.962  -37.208  54.111 0.0000000000
68384  -20.389  -36.537  54.235 0.0000000000
69610  -20.819  -35.857  54.298 0.0000000000
69626  -20.749  -35.821  53.305 0.0000000000
69663  -19.624  -36.206  50.647 0.0000000000
69664  -20.224  -35.500  50.244 0.0000000000
70848  -20.993  -34.376  51.486 0.0000000000
70824  -21.012  -35.027  52.976 0.0000000000
70837  -21.236  -34.392  52.287 0.0000000000
72014  -21.753  -33.615  52.407 0.0000000000
74505  -21.901  -32.490  50.260 0.0000000000
75763  -22.431  -32.355  50.250 0.0000000000
75765  -23.244  -32.077  50.640 0.0000000000
75764  -22.818  -32.193  50.382 0.0000000000
69771  -26.568  -35.286  43.365 0.0000000000
69755  -27.339  -35.800  44.384 0.0000000000
69774  -29.587  -36.358  43.279 0.0000000000
69773  -28.628  -35.974  43.333 0.0000000000
69746  -29.796  -37.168  44.896 0.0000000000
67280  -33.876  -37.719  47.807 0.0000000000
68509  -33.114  -37.666  48.066 0.0000000000
67261  -33.700  -37.597  48.540 0.0000000000
67238  -34.480  -37.570  49.407 0.0000000000
65961  -35.426  -38.193  49.006 0.0000000000
67264  -35.766  -38.081  47.774 0.0000000000
64683  -38.161  -39.423  49.109 0.0000000000
65964  -38.150  -39.330  48.564 0.0000000000
67302  -35.746  -37.730  46.247 0.0000000000
67303  -36.669  -38.037  46.045 0.0000000000
65994  -38.898  -38.414  46.875 0.0000000000
65993  -38.016  -38.483  46.703 0.0000000000
64697  -39.377  -39.213  48.069 0.0000000000
64698  -40.093  -39.036  48.051 0.0000000000
64699  -40.392  -38.736  48.228 0.0000000000
68538  -40.286  -37.082  47.952 0.0000000000
67265  -40.543  -37.674  48.613 0.0000000000
68511  -40.405  -36.810  48.437 0.0000000000
64620  -16.719  -39.829  52.215 0.0000000000
65859  -18.636  -38.989  54.829 0.0000000000
78586  -43.214  -28.745  44.500 0.0000000000
79844  -45.281  -27.914  44.903 0.0000000000
79864  -45.035  -28.112  43.609 0.0000000000
78650  -43.098  -28.524  41.269 0.0000000000
79902  -43.975  -27.972  40.620 0.0000000000
79904  -45.824  -28.146  41.421 0.0000000000
79885  -46.967  -28.227  42.820 0.0000000000
79886  -47.550  -28.215  42.359 0.0000000000
81156  -48.213  -27.817  41.350 0.0000000000
91539  -45.626  -18.928  30.548 0.0000000000
91524  -45.836  -18.809  31.403 0.0000000000
91525  -46.470  -18.421  31.484 0.0000000000
92719  -48.681  -17.425  32.836 0.0000000000
92718  -47.714  -17.663  32.501 0.0000000000
92702  -48.705  -17.332  33.893 0.0000000000
92685  -48.408  -17.254  34.875 0.0000000000
93950  -49.006  -16.992  34.701 0.0000000000
93966  -51.648  -16.445  32.809 0.0000000000
93965  -50.607  -16.612  32.674 0.0000000000
93926  -51.901  -16.180  35.315 0.0000000000
53814  -5.100  -49.184  64.435 0.0000000000
52568  -5.031  -49.776  63.692 0.0000000000
52562  -4.966  -49.551  64.611 0.0000000000
82534  -38.940  -25.328  29.508 0.0000000000
83753  -40.131  -24.283  29.208 0.0000000000
86530  -40.498  -22.685  29.061 0.0000000000
85067  -41.368  -23.146  29.463 0.0000000000
87888  -40.993  -22.184  29.402 0.0000000000
89080  -40.805  -20.458  30.003 0.0000000000
90309  -40.730  -19.186  30.503 0.0000000000
90310  -41.322  -19.772  30.588 0.0000000000
91555  -41.699  -18.845  29.235 0.0000000000
91557  -43.559  -19.127  29.593 0.0000000000
91575  -43.554  -19.658  28.582 0.0000000000
91612  -45.070  -19.110  26.988 0.0000000000
90351  -45.099  -19.871  27.834 0.0000000000
92784  -45.824  -18.754  27.236 0.0000000000
92769  -46.766  -18.675  28.325 0.0000000000
92785  -46.425  -18.633  27.645 0.0000000000
94049  -45.919  -16.195  25.634 0.0000000000
94033  -46.761  -16.640  26.148 0.0000000000
92800  -47.304  -17.201  26.804 0.0000000000
94034  -47.737  -16.314  26.634 0.0000000000
94022  -48.486  -16.179  27.447 0.0000000000
96488  -48.391  -14.398  26.005 0.0000000000
96474  -48.239  -14.778  26.194 0.0000000000
96476  -49.255  -14.320  26.834 0.0000000000
97652  -49.855  -13.798  27.468 0.0000000000
97674  -49.420  -13.636  25.912 0.0000000000
98902  -50.087  -13.271  26.195 0.0000000000
98909  -48.749  -12.769  25.014 0.0000000000
100149  -46.347  -11.599  24.531 0.0000000000
100132  -47.270  -11.740  24.758 0.0000000000
101453  -46.754  -10.737  24.450 0.0000000000
53840  -7.288  -48.661  60.715 0.0000000000
58432  -12.752  -45.144  62.542 0.0000000000
57310  -12.655  -45.504  62.015 0.0000000000
58431  -12.121  -45.407  62.857 0.0000000000
57285  -10.953  -45.271  63.860 0.0000000000
57299  -11.182  -45.709  63.250 0.0000000000
57307  -10.262  -46.704  62.350 0.0000000000
57298  -10.146  -46.437  63.092 0.0000000000
58403  -9.655  -46.012  64.762 0.0000000000
56180  -9.015  -47.132  63.458 0.0000000000
56189  -8.466  -47.640  62.897 0.0000000000
56167  -7.252  -47.787  64.769 0.0000000000
55014  -7.227  -47.929  64.232 0.0000000000
55021  -6.839  -48.277  63.688 0.0000000000
55013  -6.687  -48.259  64.642 0.0000000000
53811  -5.986  -48.792  64.473 0.0000000000
54998  -6.631  -48.370  66.619 0.0000000000
78484  -41.441  -29.291  48.871 0.0000000000
78504  -40.951  -29.238  48.433 0.0000000000
70873  -39.497  -34.486  48.949 0.0000000000
72063  -38.915  -33.666  48.607 0.0000000000
74564  -38.426  -31.764  47.435 0.0000000000
73311  -38.891  -32.571  49.010 0.0000000000
77141  -37.533  -30.155  44.449 0.0000000000
77142  -37.893  -30.124  45.259 0.0000000000
78542  -38.515  -29.766  45.832 0.0000000000
77128  -38.615  -30.016  46.678 0.0000000000
77115  -38.831  -29.891  47.694 0.0000000000
77099  -39.236  -29.713  48.440 0.0000000000
78544  -40.603  -29.160  46.398 0.0000000000
78523  -40.055  -29.188  47.388 0.0000000000
77197  -40.237  -30.365  42.950 0.0000000000
77178  -40.670  -30.187  42.875 0.0000000000
78627  -40.732  -30.167  42.390 0.0000000000
78647  -40.150  -30.251  41.524 0.0000000000
81154  -36.161  -27.622  40.497 0.0000000000
79900  -37.282  -28.549  41.109 0.0000000000
81155  -36.747  -28.227  40.683 0.0000000000
79939  -37.265  -29.177  39.295 0.0000000000
79940  -38.126  -29.353  39.785 0.0000000000
78699  -39.032  -29.100  39.633 0.0000000000
80016  -36.613  -28.246  36.325 0.0000000000
79991  -38.211  -28.777  37.311 0.0000000000
78747  -38.305  -28.419  35.862 0.0000000000
80043  -37.058  -28.047  35.369 0.0000000000
81201  -31.831  -27.014  37.338 0.0000000000
82387  -31.065  -26.667  36.681 0.0000000000
82437  -31.335  -26.646  35.797 0.0000000000
81222  -32.609  -26.793  36.342 0.0000000000
81238  -32.304  -27.112  35.570 0.0000000000
80086  -33.216  -28.338  33.834 0.0000000000
67109  -21.063  -37.780  56.945 0.0000000000
67098  -21.155  -37.715  57.797 0.0000000000
69540  -22.133  -35.225  58.178 0.0000000000
71972  -22.556  -33.575  56.479 0.0000000000
71959  -22.731  -33.499  57.580 0.0000000000
75840  -21.570  -32.544  46.040 0.0000000000
75820  -21.235  -32.522  46.904 0.0000000000
75801  -21.330  -32.609  47.863 0.0000000000
74543  -23.614  -33.274  48.478 0.0000000000
74541  -22.801  -32.963  48.095 0.0000000000
74526  -23.748  -33.096  49.464 0.0000000000
73305  -24.457  -33.429  49.629 0.0000000000
70951  -24.554  -34.161  43.823 0.0000000000
70931  -25.274  -34.485  45.884 0.0000000000
68506  -29.997  -37.404  48.898 0.0000000000
68505  -29.025  -36.866  48.799 0.0000000000
69695  -27.803  -35.809  49.056 0.0000000000
68503  -27.691  -36.049  48.539 0.0000000000
69694  -27.518  -35.603  48.727 0.0000000000
70903  -26.001  -35.106  47.649 0.0000000000
70886  -26.748  -35.087  48.375 0.0000000000
70902  -25.407  -34.319  48.159 0.0000000000
70871  -27.238  -34.920  49.505 0.0000000000
70852  -28.056  -34.609  51.434 0.0000000000
70859  -27.079  -34.289  50.823 0.0000000000
70851  -27.457  -34.141  51.479 0.0000000000
72042  -26.762  -33.843  51.252 0.0000000000
72030  -27.577  -33.959  51.900 0.0000000000
72007  -28.108  -33.959  53.344 0.0000000000
70830  -28.585  -34.384  53.044 0.0000000000
69595  -29.949  -35.262  55.374 0.0000000000
68410  -32.815  -36.710  53.692 0.0000000000
68389  -32.082  -36.541  54.527 0.0000000000
68390  -33.021  -36.497  54.641 0.0000000000
65941  -37.287  -38.862  50.133 0.0000000000
57364  -12.201  -45.856  57.163 0.0000000000
62081  -15.731  -41.808  54.499 0.0000000000
60866  -15.094  -42.194  53.603 0.0000000000
60858  -15.316  -42.361  54.309 0.0000000000
59634  -15.091  -43.530  56.397 0.0000000000
59649  -14.905  -43.465  55.255 0.0000000000
59666  -13.624  -43.929  54.060 0.0000000000
58520  -14.159  -44.144  55.438 0.0000000000
58498  -13.694  -44.610  55.914 0.0000000000
58474  -14.902  -44.351  58.873 0.0000000000
58465  -14.499  -44.842  59.334 0.0000000000
58464  -14.058  -45.057  58.809 0.0000000000
58456  -14.457  -44.951  60.461 0.0000000000
58457  -15.443  -44.231  60.466 0.0000000000
63217  -18.067  -40.930  61.762 0.0000000000
79804  -44.853  -28.150  47.075 0.0000000000
81272  -39.138  -26.621  33.015 0.0000000000
80092  -39.541  -26.926  33.636 0.0000000000
81253  -40.314  -26.908  33.866 0.0000000000
80070  -42.449  -27.079  34.434 0.0000000000
80069  -41.737  -27.377  34.483 0.0000000000
80049  -43.284  -27.152  35.359 0.0000000000
80022  -43.194  -27.734  36.091 0.0000000000
81225  -43.935  -27.020  35.785 0.0000000000
83677  -43.886  -24.425  34.140 0.0000000000
82471  -43.372  -25.061  33.535 0.0000000000
83657  -44.030  -24.980  34.890 0.0000000000
82422  -46.337  -25.657  36.878 0.0000000000
82421  -45.672  -25.843  36.552 0.0000000000
82396  -46.243  -26.185  36.986 0.0000000000
81206  -45.554  -26.802  36.876 0.0000000000
82375  -47.379  -26.320  37.875 0.0000000000
81189  -47.708  -26.951  38.702 0.0000000000
83582  -49.511  -24.894  39.270 0.0000000000
82356  -49.338  -25.574  39.597 0.0000000000
82338  -49.834  -25.553  40.043 0.0000000000
91492  -45.859  -18.880  33.223 0.0000000000
91491  -45.366  -19.566  32.749 0.0000000000
91470  -45.898  -19.363  33.898 0.0000000000
90229  -47.941  -19.555  36.042 0.0000000000
90228  -47.297  -19.950  35.787 0.0000000000
89012  -47.701  -20.419  36.145 0.0000000000
87778  -47.422  -21.122  36.303 0.0000000000
88996  -48.004  -20.885  36.826 0.0000000000
98911  -50.687  -12.454  25.967 0.0000000000
100118  -51.549  -11.857  27.457 0.0000000000
100135  -50.767  -11.535  25.581 0.0000000000
101439  -51.112  -10.468  25.249 0.0000000000
100136  -51.488  -10.660  25.640 0.0000000000
101428  -52.129  -10.113  25.792 0.0000000000
101422  -53.243  -9.674  26.911 0.0000000000
102644  -52.124  -9.525  25.614 0.0000000000
101464  -48.851  -10.517  23.023 0.0000000000
101465  -49.809  -10.360  23.142 0.0000000000
102685  -52.130  -9.340  23.743 0.0000000000
102671  -52.006  -9.134  24.403 0.0000000000
103837  -52.920  -8.870  24.825 0.0000000000
103827  -53.153  -8.668  25.467 0.0000000000
104947  -53.591  -7.942  25.550 0.0000000000
104964  -54.516  -8.246  23.733 0.0000000000
106057  -54.584  -7.081  25.190 0.0000000000
106049  -55.651  -6.577  25.551 0.0000000000
103869  -54.773  -9.164  20.528 0.0000000000
102723  -53.984  -9.601  20.544 0.0000000000
102722  -53.076  -9.827  20.580 0.0000000000
103862  -54.564  -9.295  21.535 0.0000000000
106072  -56.853  -6.949  21.789 0.0000000000
106065  -56.750  -7.084  23.003 0.0000000000
107145  -57.206  -6.582  23.286 0.0000000000
106110  -57.370  -7.008  18.451 0.0000000000
106098  -57.752  -6.389  19.504 0.0000000000
107194  -58.268  -6.160  19.583 0.0000000000
69778  -33.727  -35.739  42.891 0.0000000000
70955  -34.360  -35.252  42.532 0.0000000000
70954  -33.807  -35.373  42.470 0.0000000000
69811  -29.351  -35.705  41.582 0.0000000000
69812  -30.329  -35.710  41.682 0.0000000000
69777  -32.628  -36.093  42.971 0.0000000000
69761  -33.361  -36.341  43.787 0.0000000000
80018  -38.827  -28.629  36.307 0.0000000000
80019  -39.826  -28.230  36.341 0.0000000000
80020  -40.914  -28.018  36.271 0.0000000000
95223  -51.182  -14.813  29.843 0.0000000000
95202  -51.948  -14.861  30.475 0.0000000000
96386  -53.348  -14.432  30.851 0.0000000000
98841  -54.358  -12.494  31.279 0.0000000000
98856  -54.470  -12.154  31.116 0.0000000000
100081  -54.352  -11.290  31.022 0.0000000000
100080  -53.393  -11.509  30.186 0.0000000000
100079  -52.880  -11.657  29.697 0.0000000000
101385  -52.944  -11.017  29.601 0.0000000000
56248  -10.724  -46.243  57.650 0.0000000000
56247  -10.154  -46.250  57.709 0.0000000000
57336  -11.535  -46.292  58.625 0.0000000000
57317  -11.636  -46.331  60.943 0.0000000000
77212  -35.484  -29.494  40.948 0.0000000000
78644  -35.537  -28.979  41.535 0.0000000000
78643  -35.069  -28.570  41.129 0.0000000000
79918  -34.339  -27.700  40.432 0.0000000000
79916  -33.440  -27.337  39.551 0.0000000000
81165  -33.328  -27.193  39.078 0.0000000000
82365  -32.399  -26.887  37.470 0.0000000000
64480  -20.127  -39.721  60.832 0.0000000000
74465  -23.652  -32.377  52.235 0.0000000000
73243  -23.726  -32.605  53.530 0.0000000000
74448  -24.454  -32.473  53.424 0.0000000000
74449  -25.009  -32.521  53.460 0.0000000000
73233  -26.259  -32.835  54.586 0.0000000000
71995  -26.990  -33.279  54.120 0.0000000000
71996  -27.575  -33.538  54.203 0.0000000000
68483  -33.203  -37.472  49.246 0.0000000000
68447  -35.158  -36.877  51.880 0.0000000000
63260  -18.572  -40.238  57.579 0.0000000000
63251  -18.223  -40.414  58.760 0.0000000000
63243  -19.586  -39.789  59.673 0.0000000000
87859  -43.049  -21.423  30.618 0.0000000000
87860  -43.562  -21.346  31.171 0.0000000000
89073  -43.495  -20.539  31.284 0.0000000000
87846  -44.500  -21.336  32.456 0.0000000000
89052  -44.973  -20.623  32.945 0.0000000000
69718  -39.832  -36.161  47.554 0.0000000000
69733  -39.139  -35.497  46.311 0.0000000000
70933  -38.258  -34.519  45.168 0.0000000000
70969  -35.873  -34.140  42.203 0.0000000000
72164  -36.909  -33.932  42.543 0.0000000000
72175  -36.002  -33.608  41.982 0.0000000000
72194  -36.584  -32.953  41.868 0.0000000000
73433  -36.538  -32.446  41.619 0.0000000000
74672  -36.426  -31.945  41.409 0.0000000000
73454  -35.705  -32.220  40.508 0.0000000000
65877  -19.130  -38.045  53.687 0.0000000000
67172  -19.314  -37.586  53.037 0.0000000000
69679  -20.126  -35.233  49.237 0.0000000000
70857  -20.617  -34.855  49.783 0.0000000000
72025  -20.924  -33.979  50.782 0.0000000000
73304  -21.100  -32.706  49.415 0.0000000000
74524  -21.405  -32.563  49.298 0.0000000000
67263  -35.155  -37.932  48.468 0.0000000000
65978  -36.213  -38.201  47.655 0.0000000000
67316  -37.339  -37.545  45.388 0.0000000000
67306  -39.581  -37.814  46.885 0.0000000000
65982  -40.226  -38.393  47.852 0.0000000000
67285  -40.071  -37.883  47.396 0.0000000000
68537  -40.028  -36.879  47.469 0.0000000000
78607  -42.006  -29.522  43.384 0.0000000000
78630  -43.607  -28.634  42.381 0.0000000000
79926  -47.866  -27.841  40.732 0.0000000000
79947  -48.135  -27.491  40.003 0.0000000000
91541  -47.033  -18.383  30.165 0.0000000000
92741  -46.844  -18.352  31.070 0.0000000000
92742  -47.298  -18.171  30.664 0.0000000000
92732  -48.376  -17.590  31.850 0.0000000000
93963  -49.091  -17.272  32.652 0.0000000000
95140  -53.605  -15.651  34.440 0.0000000000
95139  -52.743  -15.862  34.477 0.0000000000
95127  -53.317  -15.961  35.334 0.0000000000
106031  -55.485  -7.003  26.711 0.0000000000
87887  -40.372  -21.411  29.341 0.0000000000
91593  -42.351  -19.661  27.210 0.0000000000
91594  -43.644  -19.708  27.499 0.0000000000
91611  -44.418  -19.143  26.695 0.0000000000
92797  -44.104  -18.320  25.893 0.0000000000
95279  -45.363  -15.713  25.199 0.0000000000
95280  -46.189  -15.255  25.144 0.0000000000
95282  -47.472  -15.236  25.864 0.0000000000
95281  -47.043  -15.211  25.520 0.0000000000
96486  -46.860  -14.414  25.055 0.0000000000
97672  -47.628  -13.531  25.097 0.0000000000
98926  -47.027  -12.826  24.765 0.0000000000
98925  -46.237  -12.729  24.580 0.0000000000
55041  -7.877  -48.214  61.576 0.0000000000
58406  -12.358  -44.756  64.406 0.0000000000
58405  -11.171  -44.952  64.534 0.0000000000
58378  -10.088  -46.338  65.883 0.0000000000
56161  -8.259  -47.144  65.214 0.0000000000
56160  -7.543  -47.541  65.235 0.0000000000
55007  -7.247  -47.719  65.731 0.0000000000
54999  -7.228  -47.715  66.428 0.0000000000
54991  -7.347  -47.928  67.405 0.0000000000
78562  -37.764  -29.760  44.438 0.0000000000
79822  -37.990  -29.630  44.445 0.0000000000
79802  -38.533  -29.730  45.573 0.0000000000
79803  -38.719  -29.633  45.617 0.0000000000
78605  -40.078  -30.338  43.415 0.0000000000
81187  -35.016  -28.037  38.886 0.0000000000
79919  -36.615  -28.406  39.963 0.0000000000
79937  -35.751  -28.218  38.979 0.0000000000
68343  -21.175  -36.411  56.277 0.0000000000
67110  -21.231  -37.055  57.223 0.0000000000
68327  -21.541  -36.183  57.251 0.0000000000
73205  -23.981  -32.426  56.761 0.0000000000
73191  -23.602  -32.777  57.584 0.0000000000
75858  -21.311  -32.319  44.748 0.0000000000
75841  -22.074  -32.524  46.360 0.0000000000
75822  -22.188  -32.564  47.410 0.0000000000
74557  -23.472  -33.210  47.554 0.0000000000
73334  -24.503  -33.550  48.196 0.0000000000
69754  -26.326  -35.375  44.595 0.0000000000
69753  -25.678  -35.130  44.138 0.0000000000
69742  -26.409  -35.496  45.700 0.0000000000
69730  -26.911  -36.128  46.649 0.0000000000
67217  -30.120  -37.458  50.621 0.0000000000
67259  -29.168  -36.802  49.355 0.0000000000
67216  -29.512  -36.928  50.565 0.0000000000
68458  -28.507  -35.902  50.351 0.0000000000
70872  -27.605  -35.166  49.768 0.0000000000
69670  -28.614  -35.687  50.861 0.0000000000
69658  -28.714  -35.372  51.416 0.0000000000
70842  -28.783  -34.800  52.422 0.0000000000
70831  -28.942  -34.737  53.381 0.0000000000
69632  -29.568  -35.518  53.475 0.0000000000
69616  -30.414  -35.855  54.559 0.0000000000
62058  -16.146  -41.974  55.975 0.0000000000
60851  -15.432  -42.642  55.318 0.0000000000
60843  -15.664  -42.711  56.484 0.0000000000
59635  -15.297  -43.363  56.910 0.0000000000
58486  -14.386  -44.218  57.157 0.0000000000
59625  -15.061  -43.865  57.299 0.0000000000
59616  -15.338  -43.746  58.435 0.0000000000
59606  -15.679  -43.577  59.493 0.0000000000
81293  -40.545  -26.468  32.559 0.0000000000
81274  -40.843  -26.951  33.092 0.0000000000
81294  -41.187  -26.492  32.737 0.0000000000
81275  -41.766  -26.526  33.133 0.0000000000
81256  -42.687  -26.338  34.128 0.0000000000
84969  -45.391  -23.800  35.536 0.0000000000
83658  -44.796  -24.432  35.307 0.0000000000
83635  -46.375  -24.917  36.799 0.0000000000
82398  -47.699  -25.700  37.639 0.0000000000
82376  -48.231  -25.825  38.081 0.0000000000
83594  -48.300  -25.222  38.100 0.0000000000
83595  -48.779  -25.000  38.460 0.0000000000
91472  -47.337  -18.303  34.360 0.0000000000
91471  -46.623  -19.163  34.341 0.0000000000
91435  -48.049  -18.846  35.937 0.0000000000
91436  -48.772  -18.856  36.497 0.0000000000
90216  -49.095  -19.470  37.169 0.0000000000
101437  -49.007  -11.005  24.576 0.0000000000
102653  -49.869  -10.466  24.628 0.0000000000
103844  -53.037  -9.005  23.988 0.0000000000
103838  -53.547  -8.472  24.431 0.0000000000
103845  -53.957  -8.656  23.699 0.0000000000
104965  -55.088  -8.018  23.352 0.0000000000
102746  -54.503  -9.529  18.610 0.0000000000
104981  -55.985  -8.215  21.359 0.0000000000
107162  -57.221  -6.376  21.263 0.0000000000
106125  -58.241  -6.976  17.551 0.0000000000
68588  -37.825  -35.988  44.579 0.0000000000
70956  -35.468  -35.022  42.580 0.0000000000
70987  -35.083  -33.969  41.651 0.0000000000
68452  -18.754  -37.260  50.467 0.0000000000
69692  -19.736  -35.666  48.359 0.0000000000
70883  -20.269  -34.507  47.928 0.0000000000
72068  -20.621  -33.879  47.548 0.0000000000
68557  -34.299  -37.589  45.993 0.0000000000
68572  -34.592  -37.038  45.294 0.0000000000
68573  -35.650  -37.218  45.200 0.0000000000
78680  -41.736  -29.343  39.512 0.0000000000
78681  -42.907  -29.019  39.167 0.0000000000
78682  -43.542  -28.375  39.278 0.0000000000
79941  -43.283  -28.158  38.636 0.0000000000
79942  -44.072  -28.080  38.799 0.0000000000
79970  -44.829  -27.879  38.134 0.0000000000
93982  -49.669  -16.625  30.658 0.0000000000
95163  -51.834  -15.976  32.166 0.0000000000
95179  -51.968  -15.522  31.352 0.0000000000
95164  -52.840  -15.538  32.449 0.0000000000
95148  -52.925  -15.719  33.587 0.0000000000
95141  -54.547  -15.330  34.533 0.0000000000
101387  -54.293  -10.095  30.906 0.0000000000
103787  -54.324  -8.748  28.895 0.0000000000
103798  -54.092  -8.760  28.310 0.0000000000
56234  -10.223  -46.607  58.386 0.0000000000
56232  -8.801  -47.254  58.118 0.0000000000
55076  -9.301  -47.372  59.024 0.0000000000
55063  -9.171  -47.417  59.556 0.0000000000
56207  -9.220  -47.316  60.823 0.0000000000
75863  -37.389  -30.818  44.163 0.0000000000
77157  -36.880  -30.021  43.542 0.0000000000
78602  -36.521  -29.050  43.266 0.0000000000
78623  -35.722  -28.722  42.098 0.0000000000
79860  -36.132  -28.381  42.987 0.0000000000
79861  -36.561  -28.495  42.991 0.0000000000
81100  -36.439  -28.170  42.625 0.0000000000
79882  -37.793  -29.190  42.468 0.0000000000
81136  -36.625  -27.950  41.348 0.0000000000
82329  -33.920  -26.737  39.825 0.0000000000
81167  -34.388  -26.988  39.629 0.0000000000
81186  -34.578  -27.462  38.914 0.0000000000
79986  -33.825  -27.646  37.632 0.0000000000
81224  -33.786  -27.529  36.777 0.0000000000
71991  -22.017  -33.809  54.427 0.0000000000
70800  -22.197  -33.961  55.682 0.0000000000
71980  -22.177  -33.753  55.098 0.0000000000
71981  -22.556  -33.463  55.419 0.0000000000
73216  -23.214  -33.069  55.580 0.0000000000
73244  -24.091  -32.500  54.008 0.0000000000
73217  -23.880  -32.654  55.657 0.0000000000
73206  -24.724  -32.462  56.831 0.0000000000
73221  -27.298  -32.943  55.859 0.0000000000
73386  -23.198  -32.830  45.134 0.0000000000
68551  -28.488  -36.958  46.902 0.0000000000
67218  -30.543  -37.535  50.315 0.0000000000
68461  -30.718  -37.465  50.830 0.0000000000
68443  -31.112  -37.303  51.686 0.0000000000
68412  -34.648  -36.489  53.934 0.0000000000
63309  -16.055  -40.991  53.373 0.0000000000
62095  -15.996  -41.236  53.958 0.0000000000
62082  -16.284  -41.321  54.567 0.0000000000
62072  -16.610  -41.385  55.440 0.0000000000
62022  -17.183  -41.659  59.815 0.0000000000
63228  -18.295  -40.876  60.688 0.0000000000
83723  -42.023  -24.730  30.985 0.0000000000
83708  -42.155  -24.862  31.801 0.0000000000
83709  -43.040  -24.332  32.136 0.0000000000
83710  -43.351  -24.284  32.689 0.0000000000
85005  -44.063  -23.514  33.680 0.0000000000
86488  -44.271  -22.464  32.405 0.0000000000
86468  -44.148  -22.973  33.044 0.0000000000
84984  -44.464  -23.718  34.495 0.0000000000
86431  -45.375  -22.875  35.109 0.0000000000
86416  -46.361  -22.973  36.207 0.0000000000
87751  -46.949  -22.533  36.713 0.0000000000
102679  -46.312  -10.695  23.192 0.0000000000
101474  -48.620  -10.642  22.185 0.0000000000
103879  -56.252  -8.372  19.237 0.0000000000
104999  -56.715  -7.597  19.333 0.0000000000
105008  -57.040  -7.618  18.453 0.0000000000
105009  -57.413  -7.226  18.091 0.0000000000
102762  -57.292  -9.200  17.233 0.0000000000
103903  -57.575  -8.442  17.481 0.0000000000
58455  -13.784  -45.212  60.831 0.0000000000
57318  -12.872  -45.685  61.288 0.0000000000
59551  -12.786  -44.153  64.849 0.0000000000
70887  -39.175  -34.526  48.086 0.0000000000
73340  -38.291  -32.961  46.456 0.0000000000
69747  -38.260  -35.538  44.878 0.0000000000
73379  -37.631  -32.535  44.854 0.0000000000
74602  -37.481  -31.566  44.572 0.0000000000
74601  -37.430  -31.370  44.153 0.0000000000
75902  -36.518  -30.626  42.657 0.0000000000
74656  -36.413  -31.190  41.512 0.0000000000
77221  -35.218  -29.558  40.398 0.0000000000
78676  -34.196  -28.965  39.642 0.0000000000
64527  -20.235  -39.081  57.506 0.0000000000
65828  -20.390  -38.465  56.556 0.0000000000
67123  -20.747  -37.308  56.025 0.0000000000
67140  -19.661  -37.816  54.620 0.0000000000
67141  -20.158  -37.402  55.097 0.0000000000
68342  -20.883  -36.590  55.768 0.0000000000
69589  -21.024  -35.854  54.944 0.0000000000
68453  -19.056  -36.914  50.629 0.0000000000
68437  -19.929  -36.499  51.799 0.0000000000
69639  -20.559  -36.065  52.510 0.0000000000
69627  -21.094  -35.332  53.661 0.0000000000
70813  -21.616  -34.549  54.414 0.0000000000
72002  -21.913  -33.842  53.510 0.0000000000
72015  -22.382  -33.409  52.776 0.0000000000
73256  -22.916  -32.726  52.502 0.0000000000
73270  -21.866  -32.778  51.333 0.0000000000
73271  -22.493  -32.484  51.727 0.0000000000
74486  -22.992  -32.165  51.637 0.0000000000
75748  -23.493  -32.120  51.468 0.0000000000
75749  -23.899  -32.221  51.548 0.0000000000
74488  -24.173  -32.508  51.335 0.0000000000
70964  -25.132  -34.625  42.306 0.0000000000
70953  -25.747  -34.972  43.017 0.0000000000
69745  -28.896  -37.059  45.183 0.0000000000
68552  -29.397  -37.253  46.515 0.0000000000
68508  -32.211  -37.858  48.380 0.0000000000
68484  -33.900  -37.427  49.524 0.0000000000
67221  -36.338  -37.704  50.864 0.0000000000
67240  -35.819  -37.892  50.096 0.0000000000
65940  -36.343  -38.546  49.853 0.0000000000
64664  -37.920  -39.269  49.814 0.0000000000
67283  -36.196  -38.137  46.987 0.0000000000
65992  -37.394  -38.335  46.641 0.0000000000
65965  -40.557  -38.321  48.418 0.0000000000
65966  -40.921  -38.550  48.705 0.0000000000
64603  -16.997  -40.162  53.213 0.0000000000
64584  -17.609  -39.822  53.894 0.0000000000
64550  -19.043  -39.334  55.981 0.0000000000
78546  -42.624  -28.648  46.596 0.0000000000
78570  -44.377  -28.346  45.810 0.0000000000
79883  -44.730  -28.087  42.317 0.0000000000
91522  -43.940  -18.625  31.296 0.0000000000
91508  -44.211  -19.103  31.801 0.0000000000
91523  -44.890  -18.988  31.312 0.0000000000
92699  -46.307  -17.985  32.862 0.0000000000
92717  -46.865  -17.821  32.269 0.0000000000
92700  -47.088  -17.833  33.090 0.0000000000
91494  -47.350  -17.937  33.757 0.0000000000
92684  -47.848  -17.622  34.257 0.0000000000
92672  -48.534  -17.422  35.610 0.0000000000
93906  -50.565  -17.472  36.227 0.0000000000
93974  -49.711  -16.875  31.861 0.0000000000
93952  -50.465  -16.772  33.792 0.0000000000
93942  -52.011  -16.197  34.493 0.0000000000
93941  -51.279  -16.577  34.596 0.0000000000
93940  -50.447  -16.838  34.802 0.0000000000
93924  -50.471  -17.052  35.636 0.0000000000
52569  -5.413  -49.460  63.365 0.0000000000
80090  -37.687  -27.556  33.281 0.0000000000
80109  -37.562  -27.179  32.388 0.0000000000
81271  -38.305  -26.926  32.749 0.0000000000
81291  -38.929  -26.642  32.066 0.0000000000
81310  -38.500  -26.816  31.275 0.0000000000
82484  -39.161  -26.422  31.821 0.0000000000
82502  -39.563  -25.912  31.210 0.0000000000
82520  -40.653  -24.986  30.323 0.0000000000
82535  -39.699  -24.872  29.482 0.0000000000
83736  -40.362  -24.729  29.733 0.0000000000
83722  -41.289  -24.834  30.693 0.0000000000
85053  -41.650  -23.529  29.831 0.0000000000
87870  -40.773  -21.130  29.777 0.0000000000
87871  -41.209  -21.420  29.848 0.0000000000
87872  -42.265  -21.523  30.312 0.0000000000
89071  -41.980  -19.900  30.935 0.0000000000
90299  -41.468  -19.059  31.121 0.0000000000
91520  -42.111  -18.507  31.010 0.0000000000
91534  -41.066  -18.643  29.975 0.0000000000
91535  -41.886  -18.209  30.137 0.0000000000
91536  -42.800  -18.633  30.346 0.0000000000
91537  -43.708  -18.765  30.470 0.0000000000
91558  -44.483  -19.185  29.653 0.0000000000
91559  -45.455  -19.054  29.626 0.0000000000
90337  -44.690  -19.813  28.299 0.0000000000
91577  -45.288  -19.420  28.572 0.0000000000
91560  -46.303  -18.823  29.713 0.0000000000
91579  -46.793  -18.713  29.189 0.0000000000
92770  -47.362  -18.278  28.734 0.0000000000
94031  -44.956  -17.660  25.758 0.0000000000
92799  -46.472  -17.628  26.825 0.0000000000
94008  -47.775  -17.626  28.026 0.0000000000
94009  -48.305  -17.058  28.569 0.0000000000
94010  -49.091  -16.016  28.327 0.0000000000
94035  -48.243  -15.648  26.778 0.0000000000
95256  -49.166  -15.020  27.403 0.0000000000
95240  -49.880  -14.839  28.724 0.0000000000
96450  -49.861  -14.241  28.155 0.0000000000
97641  -50.460  -13.579  28.518 0.0000000000
98879  -50.949  -12.878  28.846 0.0000000000
98880  -51.306  -12.436  28.544 0.0000000000
98903  -50.591  -13.093  26.649 0.0000000000
100152  -49.423  -12.161  24.963 0.0000000000
98908  -47.825  -12.510  24.853 0.0000000000
100133  -48.484  -11.818  24.772 0.0000000000
101436  -47.925  -11.089  24.825 0.0000000000
102665  -46.493  -10.357  23.888 0.0000000000
102664  -46.021  -10.871  23.644 0.0000000000
57300  -11.796  -45.499  62.992 0.0000000000
57316  -10.887  -46.418  61.220 0.0000000000
56200  -10.355  -46.739  61.134 0.0000000000
56199  -9.744  -47.126  61.358 0.0000000000
58404  -10.164  -45.543  64.633 0.0000000000
58391  -9.997  -46.012  65.314 0.0000000000
57297  -9.527  -46.674  63.430 0.0000000000
56181  -9.551  -47.044  63.016 0.0000000000
55033  -8.379  -47.916  62.230 0.0000000000
55011  -5.631  -48.850  65.032 0.0000000000
55005  -6.157  -48.682  65.599 0.0000000000
78485  -41.904  -29.145  48.968 0.0000000000
70862  -39.854  -34.547  49.267 0.0000000000
75827  -38.419  -31.114  46.887 0.0000000000
77127  -38.139  -30.109  46.027 0.0000000000
75846  -38.520  -30.607  46.797 0.0000000000
75809  -38.870  -30.505  48.530 0.0000000000
77078  -39.566  -29.627  48.865 0.0000000000
77100  -39.894  -29.205  48.456 0.0000000000
78503  -40.397  -28.995  47.981 0.0000000000
78525  -41.895  -29.146  47.524 0.0000000000
78584  -41.251  -29.569  44.376 0.0000000000
78645  -38.475  -29.487  42.081 0.0000000000
78646  -39.150  -30.074  41.784 0.0000000000
79920  -37.259  -28.861  40.285 0.0000000000
78663  -39.434  -29.878  40.841 0.0000000000
78664  -40.436  -29.764  40.630 0.0000000000
78700  -39.849  -28.989  39.225 0.0000000000
78733  -38.475  -28.526  36.038 0.0000000000
80044  -38.142  -28.157  35.348 0.0000000000
78695  -33.028  -28.232  38.509 0.0000000000
81183  -32.492  -27.052  37.624 0.0000000000
82389  -32.516  -26.686  37.231 0.0000000000
82415  -32.749  -26.647  36.910 0.0000000000
81240  -33.460  -27.387  36.484 0.0000000000
80038  -32.412  -27.335  35.269 0.0000000000
80039  -32.763  -27.518  35.439 0.0000000000
80040  -33.636  -28.029  36.004 0.0000000000
80041  -34.827  -28.343  35.600 0.0000000000
80087  -34.307  -28.385  33.635 0.0000000000
80063  -35.152  -28.209  34.550 0.0000000000
80064  -36.243  -27.960  34.428 0.0000000000
65804  -21.113  -38.212  58.810 0.0000000000
67099  -21.555  -37.010  58.329 0.0000000000
70786  -22.042  -34.305  56.466 0.0000000000
70768  -22.219  -34.313  57.502 0.0000000000
72086  -20.547  -33.634  46.731 0.0000000000
74540  -21.218  -32.573  48.533 0.0000000000
75803  -22.367  -32.683  48.472 0.0000000000
75783  -22.564  -32.504  49.590 0.0000000000
74506  -23.474  -32.499  50.122 0.0000000000
74507  -23.939  -32.777  50.404 0.0000000000
73273  -24.992  -33.258  51.601 0.0000000000
72156  -23.126  -33.291  43.513 0.0000000000
72157  -23.762  -33.463  44.028 0.0000000000
73401  -23.460  -33.214  44.290 0.0000000000
72144  -24.020  -33.323  44.981 0.0000000000
72127  -24.226  -33.465  45.860 0.0000000000
68529  -27.535  -36.204  47.949 0.0000000000
69729  -26.243  -35.411  46.710 0.0000000000
70919  -25.760  -34.825  46.566 0.0000000000
72109  -24.577  -33.663  46.936 0.0000000000
72110  -24.870  -33.826  47.224 0.0000000000
72088  -24.827  -33.744  47.776 0.0000000000
72069  -25.321  -33.882  48.815 0.0000000000
70870  -26.550  -34.217  50.104 0.0000000000
72057  -26.006  -33.714  49.885 0.0000000000
72041  -26.368  -33.804  50.825 0.0000000000
72028  -26.423  -33.647  51.706 0.0000000000
72017  -26.552  -33.489  52.468 0.0000000000
72006  -27.422  -33.585  53.337 0.0000000000
71997  -28.098  -33.936  54.319 0.0000000000
70818  -29.181  -34.699  54.280 0.0000000000
71986  -28.898  -34.222  54.762 0.0000000000
68368  -31.476  -36.373  55.203 0.0000000000
57349  -11.903  -46.051  58.025 0.0000000000
57338  -13.325  -45.535  59.082 0.0000000000
59650  -15.259  -42.863  54.835 0.0000000000
58497  -13.016  -44.953  55.645 0.0000000000
58485  -13.720  -44.696  56.795 0.0000000000
57365  -13.074  -45.361  57.090 0.0000000000
57327  -13.617  -45.459  60.285 0.0000000000
58445  -14.857  -44.336  61.641 0.0000000000
80067  -39.605  -27.461  34.412 0.0000000000
80047  -41.362  -27.738  35.331 0.0000000000
81254  -41.250  -27.170  33.751 0.0000000000
79996  -43.616  -27.883  37.053 0.0000000000
82455  -43.348  -25.642  34.299 0.0000000000
81242  -43.624  -26.309  35.164 0.0000000000
83633  -44.878  -25.002  35.813 0.0000000000
82442  -44.435  -25.621  35.512 0.0000000000
81243  -44.235  -26.415  35.672 0.0000000000
81205  -45.089  -27.050  36.698 0.0000000000
79998  -45.634  -27.522  37.612 0.0000000000
79999  -46.174  -27.532  37.991 0.0000000000
79973  -47.126  -27.421  39.124 0.0000000000
81170  -47.961  -27.192  39.256 0.0000000000
79927  -48.349  -27.379  40.223 0.0000000000
81190  -48.490  -26.311  38.712 0.0000000000
82337  -49.152  -26.223  39.914 0.0000000000
90289  -44.647  -19.853  32.285 0.0000000000
90276  -45.230  -20.014  32.779 0.0000000000
89041  -45.636  -20.572  34.004 0.0000000000
90260  -46.364  -19.663  34.687 0.0000000000
90244  -46.182  -19.880  34.866 0.0000000000
87798  -46.583  -21.062  35.314 0.0000000000
87752  -47.498  -21.783  37.013 0.0000000000
86398  -48.164  -22.319  37.818 0.0000000000
86381  -48.832  -22.803  38.562 0.0000000000
86360  -49.207  -23.409  38.820 0.0000000000
100105  -51.660  -11.942  28.395 0.0000000000
100106  -52.263  -11.338  28.134 0.0000000000
100119  -52.543  -11.147  27.151 0.0000000000
101410  -53.002  -10.669  27.817 0.0000000000
102625  -53.167  -9.967  28.108 0.0000000000
103807  -53.890  -8.393  27.287 0.0000000000
102682  -49.172  -10.426  23.751 0.0000000000
102669  -50.546  -10.172  24.307 0.0000000000
102684  -51.170  -9.949  23.640 0.0000000000
102670  -51.533  -9.537  24.542 0.0000000000
103835  -51.777  -9.226  25.021 0.0000000000
103826  -52.407  -9.053  25.359 0.0000000000
103818  -53.251  -8.690  26.270 0.0000000000
104930  -54.297  -7.782  26.769 0.0000000000
104941  -54.553  -7.358  26.316 0.0000000000
106039  -55.235  -6.978  26.296 0.0000000000
106048  -54.880  -6.960  25.660 0.0000000000
102711  -52.824  -9.876  21.623 0.0000000000
104973  -55.685  -8.214  22.355 0.0000000000
104966  -55.996  -7.581  23.142 0.0000000000
107182  -58.054  -6.038  19.979 0.0000000000
107195  -58.664  -6.124  19.423 0.0000000000
53810  -5.459  -48.903  64.702 0.0000000000
53822  -5.768  -49.174  63.287 0.0000000000
56192  -10.233  -46.861  61.869 0.0000000000
56235  -10.846  -46.448  58.191 0.0000000000
57319  -13.458  -45.342  60.991 0.0000000000
57339  -14.005  -45.332  59.491 0.0000000000
58420  -14.190  -44.218  63.418 0.0000000000
58536  -13.023  -44.459  54.394 0.0000000000
59523  -10.881  -44.111  66.109 0.0000000000
59615  -15.151  -43.886  57.835 0.0000000000
59668  -15.129  -42.982  54.462 0.0000000000
60842  -15.300  -42.965  56.012 0.0000000000
62073  -16.893  -41.399  56.074 0.0000000000
63311  -16.984  -40.405  54.152 0.0000000000
64549  -18.409  -39.701  55.731 0.0000000000
67157  -19.514  -37.692  53.887 0.0000000000
67186  -19.266  -37.428  52.045 0.0000000000
67197  -18.716  -37.633  51.118 0.0000000000
67198  -19.076  -37.333  51.292 0.0000000000
67234  -29.285  -36.798  49.835 0.0000000000
67235  -29.793  -37.375  49.829 0.0000000000
67236  -30.327  -37.573  50.024 0.0000000000
67260  -29.435  -37.101  49.329 0.0000000000
68407  -30.079  -36.297  53.268 0.0000000000
68421  -20.132  -36.512  52.384 0.0000000000
68436  -19.494  -36.778  51.456 0.0000000000
68460  -30.325  -37.388  51.049 0.0000000000
68472  -18.693  -37.189  49.921 0.0000000000
68478  -28.408  -35.978  49.903 0.0000000000
68504  -28.093  -36.202  48.895 0.0000000000
68536  -39.695  -36.271  47.224 0.0000000000
69575  -30.197  -35.316  56.126 0.0000000000
69650  -19.839  -36.320  51.367 0.0000000000
69657  -28.396  -35.158  51.153 0.0000000000
69669  -28.354  -35.493  50.609 0.0000000000
69681  -27.840  -35.501  49.538 0.0000000000
69682  -39.670  -34.870  48.875 0.0000000000
69715  -26.336  -35.441  47.286 0.0000000000
69797  -33.515  -35.414  42.390 0.0000000000
70769  -22.405  -34.044  58.002 0.0000000000
70805  -28.590  -34.202  55.759 0.0000000000
70853  -28.561  -34.725  51.900 0.0000000000
70861  -39.561  -34.198  49.186 0.0000000000
70874  -39.715  -34.733  49.110 0.0000000000
70884  -25.584  -34.192  48.659 0.0000000000
70904  -26.503  -35.312  47.938 0.0000000000
70917  -24.827  -33.937  46.722 0.0000000000
70945  -26.106  -35.108  45.210 0.0000000000
70966  -33.028  -35.102  41.945 0.0000000000
70970  -36.571  -34.042  42.422 0.0000000000
70988  -35.696  -33.737  41.836 0.0000000000
71971  -22.247  -33.979  56.903 0.0000000000
71998  -28.688  -34.235  54.280 0.0000000000
72016  -25.830  -33.366  52.450 0.0000000000
72019  -27.877  -33.909  52.458 0.0000000000
72027  -25.708  -33.476  51.630 0.0000000000
72029  -27.055  -33.795  51.710 0.0000000000
72038  -20.989  -33.408  50.409 0.0000000000
72040  -25.488  -33.473  50.719 0.0000000000
72055  -24.783  -33.421  50.109 0.0000000000
72056  -25.265  -33.527  49.732 0.0000000000
72070  -25.683  -33.859  49.336 0.0000000000
72087  -24.548  -33.619  47.448 0.0000000000
72117  -38.239  -33.720  46.013 0.0000000000
72177  -37.155  -33.185  42.649 0.0000000000
72210  -35.864  -32.851  40.633 0.0000000000
73222  -27.747  -33.335  55.394 0.0000000000
73230  -23.727  -32.660  54.640 0.0000000000
73272  -24.515  -32.992  51.385 0.0000000000
73287  -24.440  -33.168  50.643 0.0000000000
73288  -24.858  -33.311  50.979 0.0000000000
73306  -24.986  -33.562  49.190 0.0000000000
73320  -24.742  -33.579  48.690 0.0000000000
73353  -23.374  -32.887  46.365 0.0000000000
73374  -23.703  -33.027  45.509 0.0000000000
73394  -37.141  -31.987  43.704 0.0000000000
74434  -24.762  -32.512  53.886 0.0000000000
74447  -24.069  -32.418  52.831 0.0000000000
74464  -23.232  -32.314  52.031 0.0000000000
74487  -23.387  -32.201  51.788 0.0000000000
74542  -23.150  -33.130  48.279 0.0000000000
74556  -23.084  -33.043  47.457 0.0000000000
74576  -23.322  -33.038  47.026 0.0000000000
74623  -37.184  -31.538  43.725 0.0000000000
74671  -36.261  -31.457  41.086 0.0000000000
75732  -23.657  -32.185  51.779 0.0000000000
75733  -23.838  -32.198  51.805 0.0000000000
75746  -22.697  -32.142  50.683 0.0000000000
75747  -22.910  -31.857  50.977 0.0000000000
75784  -23.037  -32.379  49.833 0.0000000000
75804  -22.840  -32.789  48.938 0.0000000000
75918  -36.149  -30.842  41.601 0.0000000000
77175  -38.804  -29.698  43.141 0.0000000000
77177  -40.486  -30.239  43.053 0.0000000000
77195  -38.575  -29.602  43.076 0.0000000000
77196  -38.730  -29.675  42.904 0.0000000000
77198  -40.423  -30.310  42.766 0.0000000000
78563  -38.181  -29.889  45.262 0.0000000000
78564  -38.299  -29.861  45.596 0.0000000000
78604  -39.200  -29.901  43.249 0.0000000000
78624  -38.447  -29.541  42.833 0.0000000000
78625  -38.953  -29.842  42.622 0.0000000000
78660  -33.873  -28.137  39.901 0.0000000000
78662  -38.513  -29.678  41.204 0.0000000000
78697  -34.597  -28.285  38.109 0.0000000000
78698  -34.800  -28.377  38.024 0.0000000000
78717  -34.501  -28.301  37.885 0.0000000000
78732  -38.238  -28.485  36.092 0.0000000000
79821  -37.782  -29.602  44.186 0.0000000000
79823  -38.419  -29.767  45.124 0.0000000000
79843  -39.091  -29.670  44.498 0.0000000000
79879  -35.766  -28.056  42.468 0.0000000000
79901  -37.790  -29.145  41.595 0.0000000000
79959  -34.029  -27.692  38.204 0.0000000000
79972  -46.610  -27.471  38.579 0.0000000000
79987  -34.199  -28.042  37.399 0.0000000000
80023  -44.117  -27.454  36.413 0.0000000000
81099  -36.285  -27.999  42.713 0.0000000000
81113  -35.210  -27.527  41.761 0.0000000000
81150  -33.456  -27.071  39.562 0.0000000000
81151  -33.639  -26.999  39.960 0.0000000000
81166  -34.133  -26.759  39.228 0.0000000000
81169  -36.070  -28.029  39.677 0.0000000000
81204  -33.766  -27.433  37.262 0.0000000000
81207  -46.507  -26.849  37.602 0.0000000000
81226  -44.839  -26.598  36.308 0.0000000000
81257  -43.129  -26.254  34.632 0.0000000000
81273  -39.973  -26.807  33.076 0.0000000000
81276  -42.269  -26.395  33.610 0.0000000000
81309  -37.756  -26.970  31.160 0.0000000000
81325  -38.140  -26.765  30.804 0.0000000000
82330  -34.185  -26.826  39.919 0.0000000000
82347  -34.087  -26.705  39.644 0.0000000000
82355  -48.940  -25.730  39.113 0.0000000000
82377  -48.645  -25.729  38.554 0.0000000000
82420  -45.021  -25.508  36.109 0.0000000000
82438  -31.987  -26.798  35.964 0.0000000000
82454  -42.812  -25.881  33.961 0.0000000000
82469  -41.949  -26.044  32.932 0.0000000000
82485  -39.341  -26.197  31.866 0.0000000000
82501  -39.069  -26.413  31.460 0.0000000000
83596  -49.230  -24.316  38.723 0.0000000000
83612  -47.929  -24.871  37.754 0.0000000000
83659  -45.233  -24.262  35.632 0.0000000000
83696  -43.549  -24.286  33.251 0.0000000000
83724  -42.670  -24.322  31.227 0.0000000000
83737  -40.999  -24.185  30.017 0.0000000000
83738  -41.874  -24.296  30.353 0.0000000000
83739  -42.332  -24.297  30.728 0.0000000000
83754  -40.644  -24.246  29.514 0.0000000000
84905  -49.241  -23.708  38.735 0.0000000000
84919  -48.963  -23.876  38.545 0.0000000000
84953  -46.323  -23.939  36.445 0.0000000000
84968  -44.962  -23.603  35.071 0.0000000000
84983  -44.047  -23.844  34.167 0.0000000000
85006  -44.548  -23.148  34.023 0.0000000000
85023  -43.351  -23.823  32.057 0.0000000000
85039  -43.788  -23.019  31.974 0.0000000000
85066  -40.856  -23.612  29.362 0.0000000000
86415  -45.800  -23.149  35.714 0.0000000000
86430  -44.886  -23.261  34.797 0.0000000000
86470  -45.335  -21.850  33.895 0.0000000000
86489  -44.695  -21.966  32.797 0.0000000000
86531  -41.111  -22.843  29.313 0.0000000000
87834  -45.308  -21.296  33.546 0.0000000000
89013  -48.221  -20.207  36.601 0.0000000000
89028  -46.138  -20.566  34.818 0.0000000000
89029  -46.588  -20.487  35.286 0.0000000000
89053  -45.378  -20.588  33.475 0.0000000000
89061  -43.935  -20.545  31.891 0.0000000000
89082  -42.194  -20.600  30.607 0.0000000000
90230  -48.557  -19.696  36.736 0.0000000000
90245  -46.753  -19.774  35.164 0.0000000000
90277  -45.492  -19.892  33.457 0.0000000000
90287  -43.062  -18.922  32.032 0.0000000000
90298  -41.109  -18.890  30.866 0.0000000000
90335  -43.875  -19.773  28.279 0.0000000000
90336  -44.143  -19.793  28.306 0.0000000000
90349  -43.917  -19.831  28.039 0.0000000000
90350  -44.393  -19.847  27.832 0.0000000000
91420  -49.095  -19.049  36.953 0.0000000000
91452  -47.004  -19.321  34.862 0.0000000000
91453  -47.527  -18.962  35.187 0.0000000000
91507  -43.331  -18.841  31.774 0.0000000000
91511  -46.467  -18.069  31.965 0.0000000000
91561  -46.923  -18.539  29.681 0.0000000000
91578  -46.343  -18.910  28.712 0.0000000000
91596  -45.577  -19.227  27.451 0.0000000000
92658  -50.063  -17.873  36.010 0.0000000000
92716  -46.386  -18.035  32.343 0.0000000000
92720  -49.031  -17.275  33.305 0.0000000000
92730  -46.857  -17.998  31.468 0.0000000000
92756  -47.842  -17.935  29.852 0.0000000000
93904  -49.150  -17.312  36.062 0.0000000000
93905  -49.498  -17.366  35.959 0.0000000000
93922  -48.985  -17.011  36.060 0.0000000000
93938  -48.941  -16.929  35.410 0.0000000000
93939  -49.648  -16.979  35.112 0.0000000000
93951  -49.556  -16.998  34.119 0.0000000000
93964  -49.485  -17.056  32.981 0.0000000000
93967  -52.302  -16.003  32.925 0.0000000000
93973  -49.058  -17.256  32.208 0.0000000000
95112  -52.341  -16.063  35.687 0.0000000000
95162  -51.091  -16.198  32.154 0.0000000000
95200  -50.015  -15.803  29.998 0.0000000000
95203  -52.691  -14.570  30.577 0.0000000000
95239  -49.452  -15.095  28.081 0.0000000000
95255  -48.795  -15.277  26.991 0.0000000000
95266  -47.218  -15.743  26.050 0.0000000000
95267  -47.852  -15.345  26.259 0.0000000000
95268  -48.387  -15.102  26.539 0.0000000000
95297  -45.020  -15.204  24.851 0.0000000000
95298  -45.578  -15.203  24.949 0.0000000000
96387  -53.896  -13.924  31.237 0.0000000000
96411  -52.928  -14.080  30.285 0.0000000000
96433  -51.536  -14.175  29.795 0.0000000000
96451  -50.311  -14.426  28.790 0.0000000000
96463  -49.134  -14.723  26.978 0.0000000000
96475  -48.870  -14.462  26.419 0.0000000000
96485  -46.292  -14.665  24.899 0.0000000000
97605  -54.191  -13.052  31.449 0.0000000000
97617  -52.518  -13.703  30.027 0.0000000000
97618  -52.976  -13.263  30.257 0.0000000000
97628  -52.006  -13.529  29.627 0.0000000000
97640  -49.953  -13.646  27.998 0.0000000000
97661  -49.203  -13.942  26.099 0.0000000000
97662  -49.686  -13.744  26.544 0.0000000000
97663  -50.122  -13.529  27.075 0.0000000000
97671  -46.982  -13.784  24.971 0.0000000000
97690  -47.011  -13.459  24.932 0.0000000000
98865  -51.183  -13.004  29.123 0.0000000000
98893  -50.866  -12.676  27.884 0.0000000000
98894  -51.271  -12.179  28.102 0.0000000000
98910  -49.817  -12.840  25.611 0.0000000000
98928  -49.572  -12.300  25.123 0.0000000000
100124  -51.156  -12.130  26.463 0.0000000000
100126  -52.563  -10.561  26.451 0.0000000000
100131  -46.889  -11.381  24.762 0.0000000000
100151  -49.133  -12.185  24.860 0.0000000000
101429  -53.032  -10.014  26.185 0.0000000000
101430  -53.211  -9.816  26.654 0.0000000000
101440  -51.580  -10.146  25.491 0.0000000000
101454  -47.636  -10.723  24.611 0.0000000000
102635  -53.172  -10.049  27.585 0.0000000000
102636  -53.282  -9.419  27.259 0.0000000000
102645  -52.728  -9.425  25.744 0.0000000000
102652  -49.251  -10.628  24.450 0.0000000000
102654  -50.894  -10.251  24.766 0.0000000000
102656  -52.177  -9.291  25.529 0.0000000000
103817  -52.985  -9.042  25.653 0.0000000000
103825  -51.933  -9.100  25.212 0.0000000000
103843  -52.425  -9.046  24.399 0.0000000000
103846  -54.594  -8.623  23.212 0.0000000000
105022  -57.286  -7.842  17.862 0.0000000000
105023  -57.820  -7.507  17.586 0.0000000000
106089  -57.675  -6.213  19.998 0.0000000000
108254  -58.224  -5.935  19.845 0.0000000000
