#!ascii label  , from subject  vox2ras=TkReg coords=orig
414
93351  -16.942  -17.141  -17.918 0.5555555820
93366  -16.614  -17.156  -18.408 0.6666666865
94652  -16.430  -16.454  -19.495 0.7777777910
93405  -17.571  -17.498  -20.157 0.7777777910
95865  -18.411  -15.603  -19.933 0.8888888955
93432  -20.037  -17.516  -21.477 0.8888888955
93353  -17.980  -17.317  -16.381 0.5555555820
94593  -17.008  -16.602  -17.639 0.5555555820
95828  -15.924  -15.832  -18.067 0.6666666865
95848  -16.422  -15.686  -19.001 0.8888888955
93420  -18.529  -17.448  -20.192 0.8888888955
94671  -18.879  -16.507  -20.263 0.8888888955
95880  -19.679  -15.456  -21.197 1.0000000000
94685  -20.311  -16.434  -21.618 0.8888888955
94695  -21.183  -16.354  -22.470 1.0000000000
95808  -17.368  -15.210  -17.528 0.7777777910
98232  -17.736  -13.861  -18.728 1.0000000000
98253  -18.149  -13.892  -19.635 1.0000000000
97066  -18.100  -14.666  -19.966 1.0000000000
97084  -18.819  -14.178  -21.333 1.0000000000
98273  -18.303  -13.769  -20.459 1.0000000000
98274  -18.384  -13.684  -21.226 1.0000000000
98291  -19.539  -13.874  -22.118 1.0000000000
97101  -21.197  -14.902  -23.247 1.0000000000
98290  -18.827  -13.483  -22.009 1.0000000000
98320  -20.631  -13.544  -23.642 1.0000000000
97130  -22.268  -13.745  -24.275 0.7777777910
99499  -18.604  -13.011  -20.142 0.8888888955
99521  -18.336  -12.844  -21.002 1.0000000000
99544  -18.449  -12.516  -21.712 1.0000000000
99561  -19.167  -12.522  -22.760 1.0000000000
98319  -20.131  -12.974  -23.357 1.0000000000
99574  -20.848  -12.961  -24.083 1.0000000000
98321  -21.416  -13.343  -24.157 1.0000000000
98333  -22.029  -12.800  -24.429 1.0000000000
98334  -22.801  -12.986  -24.377 0.7777777910
98335  -23.600  -13.282  -24.056 0.7777777910
102040  -18.479  -10.704  -22.075 0.7777777910
100755  -18.455  -11.703  -21.376 0.8888888955
100775  -18.804  -12.086  -22.672 1.0000000000
99560  -18.730  -12.552  -22.369 1.0000000000
100790  -18.662  -11.324  -22.802 0.8888888955
100791  -18.981  -11.632  -23.129 1.0000000000
100792  -19.614  -11.899  -23.711 1.0000000000
99586  -20.560  -11.954  -24.260 1.0000000000
99601  -21.965  -12.112  -24.594 0.8888888955
100820  -21.562  -11.439  -24.674 1.0000000000
100821  -22.511  -11.468  -24.860 0.8888888955
100808  -24.154  -11.641  -24.892 0.7777777910
100793  -25.412  -12.233  -23.611 0.6666666865
100809  -25.079  -11.851  -23.883 0.6666666865
103295  -18.535  -9.600  -22.697 0.6666666865
103310  -18.795  -9.566  -23.708 0.7777777910
102058  -19.033  -10.650  -23.612 0.8888888955
100804  -20.051  -11.473  -24.168 1.0000000000
102066  -19.591  -10.605  -24.099 1.0000000000
102067  -20.314  -10.556  -24.660 1.0000000000
102068  -21.107  -10.804  -24.758 1.0000000000
102084  -21.726  -10.560  -25.344 0.8888888955
100822  -23.358  -11.113  -25.241 0.7777777910
100794  -25.833  -12.177  -23.516 0.5555555820
102087  -24.515  -10.480  -25.148 0.7777777910
102070  -25.428  -10.654  -24.207 0.6666666865
104424  -18.585  -8.366  -23.354 0.6666666865
103320  -19.535  -9.626  -24.524 0.8888888955
103319  -18.994  -9.031  -24.382 1.0000000000
103321  -20.425  -9.569  -25.138 1.0000000000
102083  -20.988  -10.182  -25.045 0.8888888955
103335  -21.307  -9.507  -25.501 0.8888888955
103337  -22.717  -10.026  -26.352 0.8888888955
102085  -22.728  -10.516  -25.770 0.7777777910
104453  -21.638  -8.895  -25.934 0.8888888955
103336  -22.148  -9.614  -26.208 0.7777777910
103352  -22.988  -9.510  -26.657 0.7777777910
102088  -25.207  -9.817  -24.724 0.7777777910
104437  -18.822  -8.376  -24.108 0.8888888955
104438  -19.416  -8.428  -24.892 1.0000000000
104452  -20.650  -8.402  -25.718 1.0000000000
103351  -22.422  -9.106  -26.708 0.7777777910
104468  -23.414  -8.674  -26.656 0.7777777910
103354  -24.173  -8.994  -25.786 0.6666666865
104440  -26.032  -8.829  -24.801 0.5555555820
103322  -26.088  -9.569  -24.318 0.5555555820
105532  -18.874  -7.663  -24.522 1.0000000000
104451  -19.723  -7.880  -25.470 1.0000000000
105549  -19.889  -7.233  -25.905 0.8888888955
105559  -20.716  -7.394  -26.469 0.8888888955
104480  -22.694  -8.205  -27.411 0.7777777910
105573  -23.165  -7.537  -27.482 0.7777777910
104482  -23.579  -7.962  -26.481 0.7777777910
104455  -25.404  -8.410  -25.165 0.5555555820
105571  -22.004  -7.644  -27.794 0.7777777910
105561  -24.178  -7.353  -26.135 0.5555555820
105533  -26.596  -7.787  -24.505 0.5555555820
105574  -23.464  -7.315  -26.781 0.6666666865
106625  -18.037  -6.186  -24.102 0.7777777910
105547  -18.566  -7.035  -24.658 1.0000000000
105531  -18.352  -7.249  -24.013 0.8888888955
105548  -19.178  -7.315  -25.162 0.8888888955
106645  -19.740  -6.579  -26.069 0.8888888955
105560  -21.340  -7.520  -27.162 0.8888888955
105562  -24.841  -6.961  -25.903 0.5555555820
107678  -17.947  -5.489  -23.787 0.6666666865
107691  -18.136  -5.464  -24.295 0.7777777910
107708  -18.933  -5.676  -25.364 0.8888888955
107692  -18.521  -5.592  -24.807 0.7777777910
107709  -19.369  -5.631  -25.886 0.7777777910
106660  -19.659  -6.140  -26.120 0.8888888955
108749  -19.485  -5.141  -26.161 0.7777777910
106661  -20.262  -6.401  -26.499 0.8888888955
107729  -20.455  -5.401  -26.936 0.7777777910
106671  -20.828  -6.113  -27.263 0.7777777910
106672  -21.604  -6.525  -27.845 0.6666666865
108785  -20.534  -4.627  -28.478 0.6666666865
107752  -21.333  -5.819  -29.094 0.6666666865
106683  -21.802  -6.331  -28.868 0.6666666865
106673  -22.534  -6.985  -28.592 0.5555555820
107774  -21.967  -4.959  -29.371 0.6666666865
106696  -22.526  -5.878  -29.426 0.5555555820
107745  -23.869  -5.614  -27.329 0.5555555820
106664  -24.742  -6.388  -26.215 0.4444444478
106685  -23.049  -6.183  -29.190 0.5555555820
108733  -18.279  -4.535  -25.007 0.7777777910
108748  -18.987  -4.813  -25.792 0.7777777910
108767  -18.577  -3.592  -26.282 0.6666666865
108769  -19.902  -4.541  -26.515 0.6666666865
108768  -19.070  -3.896  -26.323 0.6666666865
109863  -20.288  -3.972  -27.112 0.6666666865
109877  -20.263  -3.693  -27.904 0.6666666865
109891  -20.524  -3.747  -28.967 0.6666666865
108809  -22.282  -3.969  -29.443 0.6666666865
107754  -23.344  -5.143  -29.156 0.5555555820
109879  -24.299  -3.863  -27.159 0.5555555820
108799  -23.383  -3.725  -29.567 0.6666666865
109846  -17.886  -3.415  -25.573 0.6666666865
109860  -18.244  -3.266  -26.240 0.6666666865
109862  -19.868  -3.350  -26.920 0.6666666865
109876  -20.042  -3.168  -27.660 0.6666666865
110984  -20.287  -3.034  -28.500 0.6666666865
112100  -23.156  -2.560  -29.554 0.6666666865
110985  -23.566  -3.458  -28.991 0.6666666865
112062  -18.490  -1.837  -26.445 0.6666666865
110953  -17.964  -2.524  -26.066 0.6666666865
112063  -18.966  -2.118  -26.611 0.6666666865
109861  -18.859  -3.235  -26.567 0.6666666865
110955  -19.312  -2.541  -26.811 0.6666666865
110999  -21.673  -2.869  -30.031 0.6666666865
95850  -17.745  -16.104  -19.595 0.8888888955
97028  -17.051  -14.664  -18.525 1.0000000000
97067  -18.650  -14.518  -20.585 1.0000000000
95881  -20.169  -15.450  -21.819 1.0000000000
106675  -23.380  -6.606  -27.399 0.6666666865
106663  -23.957  -6.425  -26.676 0.4444444478
110943  -17.670  -2.418  -25.257 0.6666666865
112061  -17.649  -1.344  -26.025 0.6666666865
92176  -17.264  -18.407  -17.728 0.5555555820
93367  -17.021  -17.751  -18.122 0.6666666865
92206  -17.082  -18.365  -19.144 0.5555555820
92207  -17.649  -18.311  -19.617 0.5555555820
92229  -19.794  -18.555  -21.185 0.7777777910
92215  -18.293  -18.098  -19.960 0.6666666865
93433  -20.951  -17.496  -22.083 0.7777777910
93451  -21.317  -17.962  -22.499 0.7777777910
94710  -21.668  -16.344  -23.049 0.8888888955
95785  -18.103  -15.913  -16.897 0.5555555820
95895  -21.179  -15.537  -22.869 1.0000000000
95908  -22.407  -15.544  -23.743 0.8888888955
97114  -22.691  -14.731  -24.134 0.6666666865
97132  -23.508  -13.964  -23.932 0.7777777910
98322  -24.001  -13.899  -23.590 0.6666666865
98323  -24.961  -13.684  -23.411 0.6666666865
99576  -25.378  -12.730  -23.480 0.5555555820
100810  -26.083  -11.400  -23.561 0.5555555820
102071  -26.544  -10.445  -23.618 0.5555555820
107730  -24.561  -5.539  -26.692 0.4444444478
110966  -19.873  -2.585  -27.796 0.6666666865
112082  -20.008  -1.632  -28.336 0.6666666865
112083  -20.589  -1.581  -28.758 0.6666666865
112085  -21.859  -1.512  -29.061 0.6666666865
112099  -22.375  -2.185  -29.765 0.6666666865
110968  -23.611  -2.424  -27.896 0.6666666865
94594  -17.648  -16.645  -16.900 0.5555555820
93352  -17.371  -17.586  -17.268 0.5555555820
92192  -17.152  -18.419  -18.466 0.6666666865
94614  -15.970  -16.278  -17.955 0.6666666865
93384  -16.222  -17.115  -18.908 0.7777777910
93404  -16.713  -17.457  -19.548 0.7777777910
94651  -15.924  -16.348  -18.890 0.7777777910
95849  -17.113  -15.773  -19.455 0.8888888955
94653  -17.092  -16.625  -20.017 0.8888888955
94670  -17.988  -16.632  -20.073 0.8888888955
95864  -17.790  -15.393  -19.632 1.0000000000
94684  -19.559  -16.460  -20.944 1.0000000000
93421  -19.334  -17.493  -20.715 0.8888888955
95784  -17.221  -16.034  -17.436 0.6666666865
95830  -16.891  -14.792  -17.940 0.8888888955
97048  -16.965  -15.256  -19.011 0.8888888955
95866  -19.106  -15.484  -20.548 1.0000000000
94694  -20.672  -16.072  -22.034 1.0000000000
97068  -19.216  -14.693  -20.957 1.0000000000
93434  -21.236  -16.976  -22.316 1.0000000000
95894  -20.645  -15.482  -22.350 1.0000000000
97009  -17.340  -14.428  -17.844 0.8888888955
97049  -17.499  -14.762  -19.334 1.0000000000
98218  -17.369  -14.083  -18.216 1.0000000000
97085  -19.527  -14.493  -21.698 1.0000000000
99522  -18.427  -13.126  -21.513 1.0000000000
97099  -19.949  -14.219  -22.238 1.0000000000
95907  -21.730  -15.535  -23.386 0.8888888955
97112  -20.827  -14.360  -23.406 1.0000000000
98307  -19.860  -13.418  -22.697 1.0000000000
98306  -19.102  -12.994  -22.468 1.0000000000
98308  -20.428  -14.005  -23.160 1.0000000000
97113  -21.647  -14.483  -23.800 1.0000000000
100723  -18.477  -12.207  -20.684 1.0000000000
100706  -18.759  -12.232  -20.183 0.5555555820
99543  -18.398  -12.307  -21.268 1.0000000000
100754  -18.389  -12.232  -21.032 0.8888888955
99572  -19.650  -12.497  -23.273 1.0000000000
99573  -20.305  -12.479  -23.895 1.0000000000
99587  -21.178  -12.332  -24.337 1.0000000000
99602  -22.373  -12.127  -24.574 0.8888888955
99589  -23.457  -12.361  -24.402 0.7777777910
99590  -24.240  -12.494  -23.968 0.6666666865
102057  -18.603  -10.725  -22.917 0.8888888955
100774  -18.565  -11.645  -22.380 1.0000000000
100803  -19.448  -11.245  -23.733 1.0000000000
100805  -20.786  -11.437  -24.484 1.0000000000
100807  -23.197  -11.728  -24.751 0.7777777910
102069  -24.814  -11.178  -24.597 0.6666666865
103311  -19.208  -10.107  -23.976 0.8888888955
102097  -23.115  -10.139  -26.260 0.7777777910
104439  -20.040  -8.981  -24.988 1.0000000000
103353  -23.732  -9.211  -26.279 0.7777777910
103338  -24.002  -9.699  -25.729 0.7777777910
103339  -24.653  -9.252  -25.165 0.6666666865
104466  -21.854  -8.497  -26.891 0.7777777910
104454  -24.488  -8.392  -25.499 0.6666666865
104441  -26.781  -8.599  -24.312 0.5555555820
105530  -18.261  -6.631  -23.708 0.6666666865
104465  -21.067  -8.026  -26.640 0.8888888955
104479  -22.300  -8.067  -27.571 0.8888888955
105550  -24.326  -7.902  -25.762 0.6666666865
106662  -20.982  -6.784  -27.016 0.8888888955
105515  -18.343  -6.587  -23.548 0.5555555820
106626  -18.299  -6.344  -24.445 0.7777777910
106643  -18.727  -6.421  -25.028 0.8888888955
106609  -18.222  -6.210  -23.608 0.7777777910
108734  -18.704  -5.136  -25.181 0.7777777910
107728  -19.825  -5.550  -26.368 0.7777777910
107742  -21.419  -5.791  -28.554 0.6666666865
107741  -21.043  -5.388  -27.890 0.6666666865
108798  -20.759  -4.610  -29.330 0.6666666865
107763  -21.291  -5.361  -29.369 0.6666666865
107753  -23.118  -6.318  -28.965 0.5555555820
107743  -23.135  -6.648  -28.609 0.5555555820
108787  -24.379  -4.803  -27.176 0.4444444478
108786  -23.679  -4.496  -27.813 0.5555555820
108747  -18.446  -3.920  -25.881 0.7777777910
109901  -21.849  -3.589  -29.701 0.6666666865
111000  -23.000  -3.268  -29.645 0.6666666865
110983  -20.318  -2.366  -28.688 0.6666666865
112097  -20.861  -2.039  -29.051 0.6666666865
92161  -17.504  -18.361  -17.185 0.5555555820
94711  -22.217  -16.320  -23.398 0.7777777910
97115  -23.522  -14.641  -23.693 0.6666666865
112086  -22.932  -1.775  -28.791 0.6666666865
89718  -20.194  -20.910  -19.029 0.4444444478
90981  -18.045  -19.704  -17.664 0.4444444478
89716  -18.543  -20.309  -17.963 0.4444444478
90980  -17.471  -19.147  -18.112 0.4444444478
90997  -18.301  -19.707  -18.611 0.4444444478
91007  -18.705  -19.667  -19.451 0.4444444478
91017  -19.149  -19.621  -20.214 0.4444444478
92208  -18.567  -18.834  -19.741 0.4444444478
91036  -19.691  -19.474  -20.877 0.4444444478
92270  -22.990  -17.939  -23.068 0.6666666865
93474  -22.466  -17.182  -23.358 0.6666666865
94712  -22.907  -16.445  -23.592 0.6666666865
94714  -24.841  -16.665  -23.076 0.5555555820
95910  -24.116  -15.626  -23.079 0.5555555820
95909  -23.224  -15.614  -23.684 0.5555555820
98324  -26.081  -13.718  -23.368 0.5555555820
112073  -19.231  -1.524  -27.217 0.5555555820
112072  -18.302  -0.964  -26.797 0.5555555820
113267  -20.499  -0.873  -28.451 0.5555555820
113268  -21.359  -0.782  -28.607 0.5555555820
113269  -22.177  -0.828  -28.463 0.5555555820
89717  -19.362  -20.527  -18.472 0.4444444478
93475  -23.390  -17.265  -23.344 0.6666666865
93476  -24.317  -17.398  -23.230 0.4444444478
113257  -18.660  -0.332  -27.541 0.5555555820
114477  -19.339  0.517  -27.849 0.5555555820
91005  -17.575  -18.661  -19.198 0.4444444478
112074  -23.355  -1.278  -27.768 0.5555555820
88500  -19.726  -21.008  -17.707 0.4444444478
112071  -17.854  -0.693  -26.571 0.5555555820
113256  -18.005  -0.176  -26.947 0.5555555820
114490  -20.102  -0.063  -28.138 0.5555555820
114491  -20.923  -0.157  -28.072 0.5555555820
114493  -22.528  -0.100  -28.211 0.5555555820
114475  -17.803  0.387  -26.654 0.5555555820
90962  -17.560  -19.000  -17.284 0.4444444478
92216  -19.061  -18.518  -20.417 0.5555555820
93452  -21.646  -17.402  -22.849 0.6666666865
97116  -24.597  -14.668  -23.193 0.5555555820
90996  -17.577  -18.912  -18.800 0.4444444478
88522  -20.827  -21.459  -18.996 0.4444444478
88501  -20.441  -21.345  -18.205 0.4444444478
89703  -19.063  -20.701  -17.668 0.4444444478
90998  -18.963  -20.087  -19.046 0.4444444478
89732  -19.513  -20.383  -19.579 0.4444444478
91076  -23.547  -18.476  -22.923 0.4444444478
92271  -23.859  -17.979  -23.224 0.4444444478
94713  -23.757  -16.528  -23.272 0.5555555820
113266  -19.584  -0.624  -28.005 0.5555555820
114434  -16.774  0.728  -24.394 0.4444444478
113255  -17.646  -0.296  -26.307 0.4444444478
114478  -20.450  0.535  -27.722 0.4444444478
115674  -21.196  1.147  -27.253 0.4444444478
114479  -21.458  0.579  -27.885 0.4444444478
114480  -22.330  0.648  -28.177 0.4444444478
114481  -23.229  0.264  -28.033 0.4444444478
115677  -23.790  1.354  -27.588 0.4444444478
114463  -17.601  0.399  -25.917 0.4444444478
113246  -17.323  -0.382  -25.426 0.4444444478
114435  -17.356  1.082  -24.877 0.4444444478
114494  -22.865  -0.128  -28.174 0.4444444478
94615  -16.525  -16.646  -18.031 0.6666666865
93385  -16.695  -17.770  -18.792 0.6666666865
94635  -16.169  -16.599  -18.430 0.6666666865
93403  -16.233  -16.868  -19.254 0.7777777910
94592  -16.382  -16.239  -17.788 0.6666666865
95783  -16.564  -16.094  -17.677 0.6666666865
94634  -15.890  -16.210  -18.348 0.6666666865
95806  -16.062  -15.994  -17.727 0.6666666865
94650  -15.818  -16.013  -18.490 0.7777777910
95847  -16.010  -15.779  -18.575 0.7777777910
95807  -16.584  -15.758  -17.779 0.6666666865
95829  -16.590  -15.373  -18.260 0.8888888955
97027  -16.776  -15.289  -18.698 0.8888888955
94686  -20.948  -16.655  -22.029 1.0000000000
97100  -20.487  -14.624  -22.799 1.0000000000
97131  -23.083  -13.938  -24.249 0.7777777910
98347  -22.429  -12.505  -24.500 0.8888888955
98346  -22.194  -12.405  -24.534 0.8888888955
99588  -22.800  -12.127  -24.553 0.8888888955
98336  -24.286  -13.259  -23.759 0.7777777910
100806  -22.843  -11.751  -24.673 0.7777777910
100823  -23.947  -10.980  -25.414 0.7777777910
99591  -24.832  -12.494  -23.749 0.6666666865
102086  -23.594  -10.418  -25.736 0.7777777910
99577  -26.378  -12.853  -23.314 0.4444444478
102098  -23.490  -9.827  -26.192 0.7777777910
104467  -22.763  -8.737  -26.979 0.7777777910
103340  -25.437  -9.153  -24.788 0.6666666865
104469  -23.992  -8.366  -26.111 0.6666666865
104481  -23.240  -8.119  -27.015 0.7777777910
104456  -26.230  -8.222  -24.888 0.5555555820
106644  -19.336  -6.440  -25.641 0.8888888955
105572  -22.672  -7.608  -27.861 0.6666666865
106674  -23.223  -7.031  -28.168 0.6666666865
105551  -24.956  -7.570  -25.622 0.5555555820
108770  -20.462  -4.580  -27.457 0.6666666865
107751  -20.778  -5.452  -28.915 0.6666666865
106695  -21.743  -5.855  -29.393 0.6666666865
107764  -21.407  -5.715  -29.305 0.6666666865
106684  -22.471  -6.311  -29.166 0.5555555820
106706  -22.146  -5.459  -29.443 0.5555555820
106705  -21.668  -5.397  -29.428 0.6666666865
107773  -21.598  -4.948  -29.427 0.6666666865
107775  -22.375  -4.792  -29.389 0.6666666865
108818  -21.914  -4.549  -29.408 0.6666666865
108819  -22.465  -4.502  -29.343 0.6666666865
106697  -22.995  -5.598  -29.318 0.5555555820
106707  -22.625  -5.482  -29.422 0.5555555820
107744  -23.202  -5.808  -28.211 0.5555555820
110967  -20.086  -3.116  -27.998 0.6666666865
109900  -21.053  -3.676  -29.713 0.6666666865
110998  -20.694  -2.722  -29.380 0.6666666865
108808  -21.479  -4.381  -29.488 0.6666666865
161194  -23.213  -3.805  -29.395 0.6666666865
107765  -23.103  -5.243  -29.311 0.5555555820
107755  -23.016  -4.713  -29.339 0.5555555820
161196  -23.454  -4.733  -28.550 0.5555555820
109878  -23.861  -3.406  -27.800 0.6666666865
161193  -23.659  -3.833  -29.892 0.6666666865
161198  -24.071  -3.859  -30.233 0.6666666865
110986  -24.204  -3.539  -29.737 0.6666666865
110954  -18.572  -2.619  -26.494 0.6666666865
161201  -24.006  -2.993  -29.850 0.6666666865
112098  -21.399  -2.098  -29.474 0.6666666865
97086  -20.160  -14.844  -22.159 1.0000000000
91006  -18.093  -18.985  -19.199 0.4444444478
92249  -21.118  -18.352  -22.310 0.4444444478
93473  -21.950  -16.847  -23.265 0.8888888955
99575  -24.715  -12.931  -23.672 0.6666666865
112096  -20.479  -1.973  -28.808 0.6666666865
112084  -21.071  -1.442  -28.993 0.6666666865
106694  -21.519  -5.592  -29.402 0.6666666865
161197  -23.393  -3.517  -29.716 0.6666666865
161195  -23.591  -3.625  -29.974 0.6666666865
161200  -23.860  -3.327  -30.327 0.6666666865
110997  -20.622  -2.285  -28.998 0.6666666865
113270  -22.825  -0.622  -28.078 0.5555555820
93453  -22.330  -17.743  -23.131 0.5555555820
114492  -21.786  -0.096  -28.220 0.5555555820
113258  -23.275  -0.521  -27.817 0.4444444478
114450  -17.254  0.462  -25.079 0.4444444478
115627  -16.712  1.144  -23.967 0.4444444478
114451  -17.786  1.036  -25.511 0.4444444478
95782  -16.299  -16.027  -17.680 0.6666666865
106708  -22.862  -5.255  -29.384 0.5555555820
161199  -24.332  -3.357  -30.215 0.6666666865
