#!ascii label  , from subject HYGLY28_VISIT_2 vox2ras=TkReg
705
17223  -40.501  -77.970  -15.901 0.0000000000
23555  -34.942  -72.773  -22.160 0.0000000000
26031  -37.054  -70.798  -10.985 0.0000000000
16063  -35.484  -78.343  -17.897 0.0000000000
24709  -33.318  -71.106  -15.950 0.0000000000
19562  -42.330  -76.393  -7.306 0.0000000000
24571  -37.348  -71.736  -4.348 0.0000000000
25799  -41.330  -70.961  4.696 0.0000000000
27373  -33.861  -69.298  -10.317 0.0000000000
23373  -33.847  -72.306  -12.717 0.0000000000
28876  -32.745  -68.557  -13.148 0.0000000000
20845  -39.706  -74.212  -5.909 0.0000000000
20764  -40.585  -74.094  -0.201 0.0000000000
25797  -39.151  -70.480  4.589 0.0000000000
25838  -36.816  -70.448  0.904 0.0000000000
8887  -36.374  -84.253  -16.969 0.0000000000
19774  -33.351  -75.631  -20.324 0.0000000000
13840  -35.284  -80.472  -20.084 0.0000000000
18507  -35.862  -76.600  -22.036 0.0000000000
22215  -38.571  -73.498  -13.141 0.0000000000
17252  -38.680  -78.283  -17.231 0.0000000000
21004  -33.018  -74.808  -16.544 0.0000000000
23475  -34.184  -72.215  -18.645 0.0000000000
22185  -39.172  -73.887  -9.838 0.0000000000
23358  -36.906  -72.208  -7.889 0.0000000000
27332  -34.632  -69.398  -7.222 0.0000000000
25812  -43.054  -72.367  4.147 0.0000000000
23260  -38.066  -72.287  -0.681 0.0000000000
27242  -34.924  -70.055  -3.232 0.0000000000
31726  -32.894  -67.013  -6.277 0.0000000000
11273  -36.911  -81.796  -18.809 0.0000000000
24793  -42.634  -71.926  -18.521 0.0000000000
24841  -40.803  -71.538  -20.364 0.0000000000
26222  -43.445  -70.739  -22.379 0.0000000000
28822  -33.551  -68.129  -10.246 0.0000000000
27381  -32.669  -69.074  -11.581 0.0000000000
13792  -39.822  -80.109  -16.950 0.0000000000
21087  -33.672  -74.638  -21.454 0.0000000000
18489  -34.319  -76.667  -20.933 0.0000000000
21103  -35.188  -74.505  -22.707 0.0000000000
21120  -36.839  -74.555  -23.767 0.0000000000
23575  -36.616  -72.266  -23.252 0.0000000000
23377  -37.991  -72.014  -12.422 0.0000000000
23389  -36.157  -73.056  -13.366 0.0000000000
24695  -32.378  -71.281  -14.531 0.0000000000
22226  -33.412  -73.724  -14.750 0.0000000000
23432  -32.386  -72.747  -16.618 0.0000000000
23473  -32.635  -73.238  -18.332 0.0000000000
24751  -33.167  -72.129  -17.403 0.0000000000
20926  -40.084  -74.611  -10.608 0.0000000000
19580  -40.013  -75.423  -8.446 0.0000000000
23321  -38.872  -73.105  -5.059 0.0000000000
22145  -38.136  -73.228  -6.694 0.0000000000
24613  -37.057  -72.068  -6.210 0.0000000000
25993  -35.642  -70.944  -7.379 0.0000000000
25963  -36.025  -71.241  -5.548 0.0000000000
25810  -41.473  -71.690  3.578 0.0000000000
24504  -40.451  -71.856  0.927 0.0000000000
25825  -39.842  -71.188  1.583 0.0000000000
27180  -34.717  -69.291  -0.689 0.0000000000
27201  -35.704  -70.609  -1.559 0.0000000000
27220  -34.649  -69.264  -2.749 0.0000000000
28714  -34.027  -68.655  -4.398 0.0000000000
16065  -37.294  -78.434  -17.699 0.0000000000
12541  -38.336  -80.739  -19.164 0.0000000000
14956  -36.934  -79.726  -19.151 0.0000000000
11313  -35.495  -82.667  -20.483 0.0000000000
26150  -43.724  -70.687  -18.000 0.0000000000
24819  -41.503  -72.055  -19.608 0.0000000000
24869  -45.030  -71.819  -21.634 0.0000000000
26018  -35.606  -70.181  -10.545 0.0000000000
24667  -35.629  -71.587  -12.386 0.0000000000
24653  -33.999  -71.101  -11.746 0.0000000000
24664  -32.590  -71.189  -12.870 0.0000000000
27437  -32.724  -69.920  -14.344 0.0000000000
20862  -40.958  -75.020  -6.142 0.0000000000
22109  -39.803  -73.967  -3.080 0.0000000000
23299  -38.695  -73.029  -3.248 0.0000000000
25779  -41.206  -70.652  5.762 0.0000000000
25816  -39.482  -70.992  2.810 0.0000000000
27144  -37.875  -70.099  2.623 0.0000000000
27148  -35.778  -69.372  1.354 0.0000000000
28624  -34.636  -68.611  -0.320 0.0000000000
17259  -33.763  -77.307  -18.780 0.0000000000
16082  -35.390  -79.174  -18.984 0.0000000000
16085  -34.545  -78.506  -20.125 0.0000000000
15000  -35.163  -79.283  -21.277 0.0000000000
13894  -36.197  -80.687  -22.590 0.0000000000
18531  -37.804  -76.494  -22.958 0.0000000000
21138  -38.423  -74.472  -24.626 0.0000000000
24950  -39.339  -71.685  -25.257 0.0000000000
19682  -39.318  -75.779  -14.225 0.0000000000
17254  -39.991  -78.314  -16.988 0.0000000000
18397  -36.916  -76.071  -15.831 0.0000000000
18418  -35.380  -76.299  -16.171 0.0000000000
22211  -34.778  -73.435  -13.799 0.0000000000
20987  -34.465  -74.859  -15.393 0.0000000000
18416  -33.821  -76.396  -16.885 0.0000000000
19748  -33.122  -75.537  -18.235 0.0000000000
22327  -32.815  -73.904  -19.739 0.0000000000
24835  -34.676  -72.162  -20.632 0.0000000000
20943  -40.400  -74.104  -12.413 0.0000000000
22197  -38.965  -72.701  -11.627 0.0000000000
23365  -37.884  -71.919  -10.470 0.0000000000
20881  -39.244  -74.624  -7.581 0.0000000000
22183  -37.836  -73.054  -8.917 0.0000000000
24642  -36.850  -71.472  -9.437 0.0000000000
26011  -35.875  -70.445  -9.562 0.0000000000
27350  -34.644  -69.229  -8.221 0.0000000000
30269  -33.742  -67.982  -8.234 0.0000000000
23256  -41.809  -72.869  1.113 0.0000000000
22068  -39.536  -73.278  -0.345 0.0000000000
24539  -37.760  -72.290  -2.429 0.0000000000
25857  -37.370  -71.362  0.162 0.0000000000
25875  -36.926  -71.687  -1.772 0.0000000000
25914  -36.156  -71.030  -3.556 0.0000000000
27284  -34.711  -69.992  -5.390 0.0000000000
28781  -33.673  -68.180  -6.867 0.0000000000
13808  -38.745  -80.850  -18.123 0.0000000000
10004  -36.038  -83.066  -17.326 0.0000000000
12523  -36.812  -81.571  -19.736 0.0000000000
11290  -33.634  -82.458  -19.267 0.0000000000
24753  -35.225  -72.130  -17.599 0.0000000000
24813  -35.433  -72.203  -19.181 0.0000000000
24837  -36.445  -71.811  -20.262 0.0000000000
24839  -38.483  -71.616  -20.361 0.0000000000
24862  -37.669  -71.457  -21.408 0.0000000000
24883  -39.072  -70.800  -22.603 0.0000000000
26243  -39.683  -70.391  -23.726 0.0000000000
30309  -33.583  -67.644  -9.853 0.0000000000
28821  -33.101  -68.181  -11.019 0.0000000000
13770  -39.839  -81.032  -16.123 0.0000000000
16070  -40.436  -78.464  -16.831 0.0000000000
22362  -34.528  -73.510  -22.262 0.0000000000
21102  -34.265  -74.573  -22.152 0.0000000000
22363  -35.217  -73.296  -22.781 0.0000000000
22383  -35.884  -72.902  -23.124 0.0000000000
23574  -36.137  -72.473  -22.783 0.0000000000
24656  -37.371  -71.165  -11.678 0.0000000000
23376  -37.241  -72.199  -12.666 0.0000000000
24668  -36.731  -71.590  -12.349 0.0000000000
24708  -32.647  -71.389  -15.660 0.0000000000
23417  -32.421  -72.473  -15.726 0.0000000000
24750  -32.668  -72.419  -17.031 0.0000000000
24722  -33.523  -71.389  -16.533 0.0000000000
18246  -41.656  -76.238  -7.894 0.0000000000
19581  -40.932  -75.858  -8.364 0.0000000000
19561  -41.331  -75.798  -7.296 0.0000000000
24592  -37.857  -72.277  -4.897 0.0000000000
23319  -37.775  -72.479  -5.697 0.0000000000
24591  -37.277  -71.907  -5.264 0.0000000000
24612  -36.308  -71.489  -6.245 0.0000000000
24570  -36.667  -71.505  -4.885 0.0000000000
25780  -42.185  -70.905  5.618 0.0000000000
25737  -43.777  -70.153  7.273 0.0000000000
25760  -42.981  -70.693  6.508 0.0000000000
25781  -43.190  -71.297  5.615 0.0000000000
25800  -42.327  -71.453  4.709 0.0000000000
25817  -40.647  -71.460  2.539 0.0000000000
28647  -34.387  -68.289  -1.479 0.0000000000
27199  -34.695  -69.279  -1.465 0.0000000000
28688  -33.665  -67.936  -3.917 0.0000000000
30173  -33.423  -67.166  -3.636 0.0000000000
16064  -36.314  -78.449  -17.761 0.0000000000
16075  -37.024  -79.029  -18.337 0.0000000000
16074  -35.963  -79.100  -18.433 0.0000000000
23523  -43.046  -72.379  -19.982 0.0000000000
24845  -44.532  -71.826  -21.008 0.0000000000
26191  -44.760  -71.095  -20.992 0.0000000000
27374  -34.741  -69.936  -10.358 0.0000000000
26028  -34.486  -70.437  -11.408 0.0000000000
27383  -33.990  -69.888  -11.094 0.0000000000
27394  -32.529  -69.286  -12.554 0.0000000000
26026  -32.739  -70.091  -11.852 0.0000000000
26039  -32.410  -70.176  -12.767 0.0000000000
26050  -32.443  -70.371  -13.620 0.0000000000
27416  -32.751  -69.338  -13.645 0.0000000000
22108  -39.346  -73.438  -3.719 0.0000000000
22099  -39.613  -73.758  -2.102 0.0000000000
25798  -40.151  -70.512  5.009 0.0000000000
25808  -39.146  -71.147  4.030 0.0000000000
24464  -38.861  -70.895  4.298 0.0000000000
28604  -35.039  -69.114  0.436 0.0000000000
8913  -35.119  -84.915  -17.383 0.0000000000
17265  -33.620  -77.035  -19.165 0.0000000000
17266  -34.125  -77.559  -19.514 0.0000000000
18473  -34.085  -76.932  -20.182 0.0000000000
18506  -35.029  -76.624  -21.564 0.0000000000
17282  -34.895  -77.300  -21.103 0.0000000000
17283  -35.538  -77.508  -21.733 0.0000000000
17300  -35.832  -78.060  -22.070 0.0000000000
16112  -36.115  -78.681  -22.381 0.0000000000
22402  -37.122  -73.510  -24.274 0.0000000000
21137  -37.568  -74.280  -24.397 0.0000000000
22403  -37.969  -73.546  -24.752 0.0000000000
24949  -38.743  -72.077  -25.087 0.0000000000
23595  -38.419  -72.647  -24.934 0.0000000000
19666  -39.150  -75.051  -13.911 0.0000000000
18374  -38.938  -76.332  -14.738 0.0000000000
18419  -36.483  -76.586  -16.233 0.0000000000
19701  -35.543  -75.439  -15.517 0.0000000000
23374  -34.973  -72.233  -12.871 0.0000000000
23387  -34.303  -72.897  -13.275 0.0000000000
20964  -33.431  -74.137  -15.249 0.0000000000
20986  -33.501  -74.641  -15.782 0.0000000000
19715  -34.542  -75.819  -16.071 0.0000000000
19714  -33.630  -75.628  -16.590 0.0000000000
18441  -33.582  -76.272  -17.550 0.0000000000
23474  -33.219  -72.631  -18.667 0.0000000000
22308  -32.737  -73.838  -19.247 0.0000000000
23495  -33.392  -72.845  -19.870 0.0000000000
23518  -33.481  -73.069  -20.424 0.0000000000
23496  -33.998  -72.314  -19.477 0.0000000000
20925  -39.566  -74.365  -10.087 0.0000000000
20933  -39.859  -74.009  -10.856 0.0000000000
22191  -39.311  -73.633  -10.404 0.0000000000
23366  -38.432  -72.219  -11.041 0.0000000000
23364  -38.423  -72.482  -10.265 0.0000000000
20846  -40.519  -74.562  -5.675 0.0000000000
20882  -39.843  -74.878  -7.143 0.0000000000
20860  -39.506  -74.365  -6.727 0.0000000000
23350  -37.275  -72.475  -7.490 0.0000000000
22175  -37.740  -73.107  -8.019 0.0000000000
23359  -37.348  -72.437  -8.534 0.0000000000
24637  -37.281  -71.902  -9.188 0.0000000000
24636  -36.731  -71.792  -8.529 0.0000000000
26005  -36.371  -71.050  -8.976 0.0000000000
25994  -36.186  -71.267  -8.149 0.0000000000
27313  -35.309  -70.036  -6.824 0.0000000000
27333  -35.207  -69.993  -7.828 0.0000000000
28796  -34.235  -68.446  -8.605 0.0000000000
28782  -34.125  -68.494  -7.599 0.0000000000
24476  -42.571  -72.470  2.541 0.0000000000
24514  -39.205  -72.162  0.293 0.0000000000
23254  -39.889  -72.768  0.256 0.0000000000
23262  -39.212  -72.521  -0.013 0.0000000000
23272  -38.595  -72.945  -1.400 0.0000000000
23285  -37.803  -72.339  -1.830 0.0000000000
25824  -38.370  -70.568  1.912 0.0000000000
25839  -37.827  -70.899  0.503 0.0000000000
25856  -36.664  -71.144  -0.080 0.0000000000
27222  -35.759  -70.531  -2.066 0.0000000000
25874  -36.117  -71.194  -1.467 0.0000000000
25894  -36.249  -71.028  -2.639 0.0000000000
25895  -36.767  -71.515  -2.447 0.0000000000
25913  -35.402  -70.595  -3.796 0.0000000000
25936  -35.189  -70.489  -4.576 0.0000000000
25912  -34.736  -70.153  -4.088 0.0000000000
30220  -33.115  -67.447  -5.635 0.0000000000
28765  -33.660  -68.192  -6.034 0.0000000000
30250  -33.312  -67.554  -6.557 0.0000000000
30268  -33.441  -67.623  -7.524 0.0000000000
17253  -39.523  -78.359  -17.140 0.0000000000
14960  -39.734  -79.781  -18.402 0.0000000000
14959  -39.481  -79.632  -18.206 0.0000000000
11274  -37.380  -81.573  -18.810 0.0000000000
11258  -37.368  -81.839  -17.978 0.0000000000
11256  -35.506  -82.567  -17.798 0.0000000000
11254  -34.104  -83.262  -17.726 0.0000000000
11270  -33.868  -82.832  -18.179 0.0000000000
14973  -35.218  -79.846  -19.395 0.0000000000
13822  -35.991  -80.816  -19.431 0.0000000000
12539  -36.363  -81.494  -19.970 0.0000000000
11343  -33.608  -82.688  -21.020 0.0000000000
11312  -34.221  -82.400  -20.284 0.0000000000
24723  -34.703  -71.517  -16.779 0.0000000000
24724  -35.732  -71.636  -16.804 0.0000000000
24788  -36.819  -72.097  -18.347 0.0000000000
24814  -36.225  -72.009  -19.257 0.0000000000
24815  -37.160  -71.874  -19.280 0.0000000000
24818  -40.416  -71.718  -19.361 0.0000000000
24840  -39.611  -71.507  -20.398 0.0000000000
24863  -38.765  -71.253  -21.480 0.0000000000
24882  -37.957  -71.219  -22.505 0.0000000000
24864  -39.955  -70.973  -21.584 0.0000000000
26206  -42.864  -71.182  -21.837 0.0000000000
26220  -41.130  -70.305  -22.657 0.0000000000
26221  -42.299  -70.245  -22.645 0.0000000000
27372  -32.894  -69.046  -10.895 0.0000000000
28820  -32.778  -68.693  -11.255 0.0000000000
30349  -32.726  -67.773  -12.602 0.0000000000
25796  -38.757  -70.321  4.477 0.0000000000
28574  -37.678  -68.970  4.034 0.0000000000
12492  -38.602  -81.865  -17.062 0.0000000000
19790  -33.644  -75.338  -21.058 0.0000000000
19775  -33.805  -75.995  -20.949 0.0000000000
19791  -34.296  -75.698  -21.638 0.0000000000
19811  -34.951  -75.334  -22.225 0.0000000000
19812  -35.896  -75.749  -22.447 0.0000000000
21104  -36.106  -74.908  -23.092 0.0000000000
22384  -36.432  -73.307  -23.728 0.0000000000
23576  -37.217  -72.217  -23.810 0.0000000000
22202  -37.874  -72.781  -12.909 0.0000000000
22214  -37.561  -73.561  -13.458 0.0000000000
22213  -36.584  -73.597  -13.611 0.0000000000
20950  -36.081  -74.202  -14.033 0.0000000000
23385  -32.549  -71.763  -13.611 0.0000000000
23403  -33.008  -73.107  -14.319 0.0000000000
23402  -32.600  -72.271  -14.622 0.0000000000
22225  -32.692  -73.148  -15.107 0.0000000000
22251  -32.274  -73.537  -16.882 0.0000000000
21003  -32.535  -74.441  -17.149 0.0000000000
23451  -33.003  -72.417  -17.951 0.0000000000
24785  -33.738  -72.110  -18.068 0.0000000000
19602  -40.353  -75.497  -9.406 0.0000000000
19601  -39.669  -74.980  -9.320 0.0000000000
22126  -39.382  -73.503  -5.501 0.0000000000
22146  -38.961  -73.574  -6.386 0.0000000000
23336  -38.421  -72.824  -6.111 0.0000000000
23335  -37.663  -72.728  -6.597 0.0000000000
24626  -36.609  -71.804  -7.306 0.0000000000
24625  -35.935  -71.333  -6.696 0.0000000000
25984  -35.653  -70.829  -6.267 0.0000000000
27285  -35.243  -70.113  -5.996 0.0000000000
25811  -42.513  -72.168  4.104 0.0000000000
24466  -42.142  -72.216  3.323 0.0000000000
24475  -41.423  -71.939  2.666 0.0000000000
24486  -40.109  -71.453  1.194 0.0000000000
24513  -38.775  -72.094  0.128 0.0000000000
27164  -36.097  -70.177  0.471 0.0000000000
25855  -35.879  -70.661  -0.628 0.0000000000
27200  -35.355  -70.123  -1.496 0.0000000000
27221  -35.195  -69.942  -2.320 0.0000000000
27241  -34.634  -69.309  -3.768 0.0000000000
28713  -33.574  -68.034  -4.514 0.0000000000
31725  -32.824  -66.650  -5.673 0.0000000000
16066  -38.210  -78.449  -17.631 0.0000000000
14958  -38.614  -79.461  -18.576 0.0000000000
16076  -37.967  -78.944  -18.144 0.0000000000
14974  -37.710  -79.941  -19.425 0.0000000000
12524  -37.312  -81.391  -19.337 0.0000000000
12540  -36.812  -81.988  -20.148 0.0000000000
27534  -43.561  -70.709  -18.844 0.0000000000
23481  -42.701  -71.991  -18.849 0.0000000000
23480  -42.383  -71.978  -18.970 0.0000000000
23500  -42.727  -72.201  -19.333 0.0000000000
24842  -41.855  -72.196  -20.466 0.0000000000
24865  -41.268  -71.243  -21.140 0.0000000000
26208  -44.411  -71.906  -22.092 0.0000000000
26030  -36.470  -70.552  -11.209 0.0000000000
24655  -36.181  -70.919  -11.908 0.0000000000
24654  -35.067  -70.960  -11.896 0.0000000000
24665  -33.437  -71.613  -12.320 0.0000000000
26027  -33.550  -70.399  -11.454 0.0000000000
24652  -33.014  -70.992  -11.891 0.0000000000
23371  -32.658  -71.648  -13.126 0.0000000000
24684  -32.305  -71.049  -13.780 0.0000000000
26060  -32.461  -70.571  -14.347 0.0000000000
26071  -32.608  -70.617  -15.079 0.0000000000
19542  -41.647  -75.597  -6.407 0.0000000000
22127  -39.932  -74.086  -5.141 0.0000000000
20825  -40.607  -74.601  -3.484 0.0000000000
22118  -39.929  -74.069  -4.196 0.0000000000
22117  -39.414  -73.501  -4.686 0.0000000000
23309  -38.809  -73.083  -4.225 0.0000000000
23298  -38.251  -72.678  -3.749 0.0000000000
25759  -42.011  -70.411  6.487 0.0000000000
25809  -40.386  -71.120  3.754 0.0000000000
25823  -37.259  -70.350  1.411 0.0000000000
27143  -37.072  -69.819  2.775 0.0000000000
27150  -37.436  -70.206  2.132 0.0000000000
25822  -36.776  -70.237  1.356 0.0000000000
27163  -35.623  -69.528  0.859 0.0000000000
17248  -34.723  -77.727  -17.724 0.0000000000
16073  -35.016  -78.536  -18.447 0.0000000000
17260  -34.319  -77.858  -18.612 0.0000000000
16081  -34.730  -78.718  -19.295 0.0000000000
14972  -34.624  -79.628  -19.977 0.0000000000
13859  -35.258  -80.493  -20.655 0.0000000000
12584  -36.777  -81.945  -21.863 0.0000000000
19813  -36.953  -75.641  -23.018 0.0000000000
19814  -37.713  -75.853  -23.278 0.0000000000
21122  -38.619  -75.219  -24.323 0.0000000000
22404  -39.159  -73.642  -24.957 0.0000000000
22424  -39.646  -73.147  -25.229 0.0000000000
18375  -39.931  -76.637  -14.475 0.0000000000
17240  -40.054  -77.988  -16.627 0.0000000000
18400  -39.232  -77.246  -15.134 0.0000000000
18422  -38.988  -77.685  -15.938 0.0000000000
18421  -38.280  -77.081  -16.126 0.0000000000
18398  -37.752  -76.216  -15.590 0.0000000000
17237  -37.980  -77.567  -16.654 0.0000000000
17236  -37.032  -77.213  -16.802 0.0000000000
17235  -36.011  -77.190  -16.683 0.0000000000
17234  -34.948  -77.224  -16.762 0.0000000000
23375  -36.172  -72.314  -12.921 0.0000000000
23388  -35.350  -72.910  -13.340 0.0000000000
22210  -33.798  -73.368  -13.938 0.0000000000
22227  -34.428  -73.807  -14.458 0.0000000000
19716  -35.073  -75.702  -15.885 0.0000000000
18417  -34.342  -76.448  -16.520 0.0000000000
17233  -34.010  -77.071  -17.083 0.0000000000
17247  -33.877  -77.193  -18.033 0.0000000000
18457  -33.461  -76.522  -18.672 0.0000000000
19763  -33.043  -75.593  -19.284 0.0000000000
21036  -32.679  -74.527  -18.562 0.0000000000
21056  -32.845  -74.925  -19.284 0.0000000000
21070  -32.948  -74.632  -19.829 0.0000000000
22345  -33.515  -73.955  -20.968 0.0000000000
22346  -33.890  -73.558  -21.472 0.0000000000
23539  -34.556  -72.665  -21.436 0.0000000000
19667  -40.112  -75.408  -13.836 0.0000000000
20953  -39.548  -74.272  -13.231 0.0000000000
20934  -40.417  -74.391  -11.361 0.0000000000
22204  -39.581  -73.338  -12.191 0.0000000000
22216  -39.309  -73.404  -12.818 0.0000000000
22203  -38.742  -72.704  -12.489 0.0000000000
23368  -37.973  -71.559  -11.150 0.0000000000
24647  -37.372  -71.150  -10.684 0.0000000000
19560  -40.443  -75.343  -7.406 0.0000000000
19559  -39.709  -75.167  -7.750 0.0000000000
20899  -38.851  -74.403  -8.347 0.0000000000
22162  -38.337  -73.664  -7.457 0.0000000000
20898  -38.489  -74.009  -8.180 0.0000000000
22176  -38.244  -73.542  -8.517 0.0000000000
23363  -37.852  -72.371  -9.560 0.0000000000
24643  -37.437  -71.600  -9.886 0.0000000000
26020  -37.030  -70.892  -10.748 0.0000000000
26019  -36.658  -70.721  -10.461 0.0000000000
27362  -34.911  -69.883  -9.796 0.0000000000
26004  -35.722  -70.607  -8.471 0.0000000000
27351  -35.149  -69.878  -8.854 0.0000000000
27361  -34.511  -69.139  -9.228 0.0000000000
28808  -33.925  -68.303  -9.490 0.0000000000
30284  -33.756  -67.937  -8.842 0.0000000000
23240  -41.418  -72.361  1.406 0.0000000000
22051  -39.897  -73.160  0.066 0.0000000000
22069  -40.177  -73.768  -0.519 0.0000000000
22083  -38.927  -73.312  -1.371 0.0000000000
24557  -38.214  -72.616  -2.881 0.0000000000
24556  -37.811  -72.278  -3.292 0.0000000000
25840  -39.105  -70.991  0.879 0.0000000000
24512  -37.698  -71.861  -0.230 0.0000000000
24522  -36.878  -71.680  -0.874 0.0000000000
24523  -37.399  -72.088  -1.498 0.0000000000
25896  -37.263  -71.843  -2.298 0.0000000000
25915  -36.907  -71.509  -3.408 0.0000000000
24555  -37.100  -71.549  -3.951 0.0000000000
25937  -35.886  -71.076  -4.524 0.0000000000
25962  -35.414  -70.550  -5.333 0.0000000000
27312  -34.718  -69.546  -6.251 0.0000000000
27264  -34.469  -69.578  -4.641 0.0000000000
28738  -34.158  -69.008  -5.485 0.0000000000
28766  -34.140  -68.820  -6.579 0.0000000000
30283  -33.259  -67.256  -8.595 0.0000000000
14940  -40.055  -79.156  -17.459 0.0000000000
13809  -39.177  -80.586  -17.794 0.0000000000
11259  -38.079  -81.951  -17.382 0.0000000000
13843  -38.814  -80.349  -19.142 0.0000000000
12508  -38.024  -81.406  -18.051 0.0000000000
9972  -36.140  -83.577  -17.091 0.0000000000
10002  -34.505  -83.872  -17.572 0.0000000000
14955  -35.998  -79.964  -19.022 0.0000000000
11272  -36.008  -81.952  -18.995 0.0000000000
11292  -36.250  -82.250  -19.949 0.0000000000
11291  -35.061  -82.239  -19.574 0.0000000000
11271  -34.745  -82.379  -18.542 0.0000000000
30324  -32.793  -67.467  -12.228 0.0000000000
28894  -33.606  -68.846  -14.190 0.0000000000
27461  -33.052  -69.942  -15.069 0.0000000000
26073  -34.001  -70.223  -15.957 0.0000000000
26093  -34.255  -70.777  -16.182 0.0000000000
24752  -34.158  -71.852  -17.411 0.0000000000
23453  -34.975  -72.263  -18.111 0.0000000000
24754  -36.327  -72.072  -17.480 0.0000000000
24787  -35.914  -72.189  -18.364 0.0000000000
23497  -34.767  -72.317  -19.009 0.0000000000
23520  -34.738  -72.238  -19.846 0.0000000000
24836  -35.488  -72.072  -20.218 0.0000000000
24860  -35.723  -71.813  -21.286 0.0000000000
24792  -41.154  -71.804  -18.596 0.0000000000
24817  -39.282  -71.760  -19.271 0.0000000000
24816  -38.200  -71.866  -19.279 0.0000000000
24838  -37.427  -71.670  -20.307 0.0000000000
24861  -36.682  -71.602  -21.291 0.0000000000
24880  -36.178  -71.805  -22.020 0.0000000000
24881  -36.873  -71.599  -22.477 0.0000000000
24903  -37.360  -71.580  -23.471 0.0000000000
24904  -38.302  -71.010  -23.500 0.0000000000
26218  -39.383  -70.524  -23.161 0.0000000000
26272  -38.621  -70.903  -24.091 0.0000000000
26273  -39.218  -70.835  -24.495 0.0000000000
9973  -36.744  -83.275  -16.898 0.0000000000
10003  -35.503  -83.748  -17.274 0.0000000000
11229  -36.979  -82.449  -17.341 0.0000000000
11230  -37.522  -82.585  -16.982 0.0000000000
11255  -34.619  -82.941  -17.661 0.0000000000
11257  -36.463  -82.317  -17.801 0.0000000000
12509  -38.536  -81.248  -17.682 0.0000000000
12510  -38.899  -81.332  -17.134 0.0000000000
12525  -37.930  -81.226  -18.926 0.0000000000
12526  -38.431  -81.021  -18.389 0.0000000000
12542  -38.482  -80.796  -18.885 0.0000000000
12561  -35.757  -81.123  -20.724 0.0000000000
12583  -36.091  -81.383  -21.634 0.0000000000
13791  -39.329  -81.119  -16.720 0.0000000000
13810  -39.817  -79.903  -18.204 0.0000000000
13823  -36.856  -80.677  -19.480 0.0000000000
13824  -37.544  -80.888  -19.478 0.0000000000
13825  -38.865  -80.597  -18.551 0.0000000000
13826  -39.554  -80.181  -18.768 0.0000000000
13827  -39.910  -79.890  -18.614 0.0000000000
13839  -34.784  -80.108  -20.179 0.0000000000
13841  -37.417  -80.354  -19.501 0.0000000000
13842  -38.049  -80.512  -19.419 0.0000000000
13844  -39.341  -80.100  -19.165 0.0000000000
13858  -34.828  -80.057  -20.554 0.0000000000
13876  -34.894  -79.753  -20.969 0.0000000000
14918  -40.473  -79.487  -16.636 0.0000000000
14919  -40.944  -78.994  -16.637 0.0000000000
14939  -39.713  -78.982  -17.467 0.0000000000
14941  -40.359  -78.675  -17.002 0.0000000000
14957  -37.771  -79.491  -18.864 0.0000000000
14975  -38.390  -79.865  -19.302 0.0000000000
14976  -39.114  -79.826  -19.110 0.0000000000
14977  -39.603  -79.911  -19.085 0.0000000000
16058  -40.746  -78.402  -16.466 0.0000000000
16067  -38.695  -78.519  -17.529 0.0000000000
16068  -39.875  -78.609  -17.221 0.0000000000
16069  -40.136  -78.528  -17.021 0.0000000000
16077  -38.849  -78.831  -17.777 0.0000000000
16078  -39.482  -78.774  -17.454 0.0000000000
16093  -34.927  -78.273  -21.014 0.0000000000
16094  -35.519  -78.547  -21.752 0.0000000000
17206  -39.792  -77.490  -15.002 0.0000000000
17207  -40.343  -77.605  -14.971 0.0000000000
17222  -39.839  -77.811  -15.832 0.0000000000
17224  -40.817  -78.166  -16.003 0.0000000000
17238  -38.899  -77.977  -16.597 0.0000000000
17239  -39.687  -78.084  -16.644 0.0000000000
17241  -40.474  -78.268  -16.563 0.0000000000
17249  -35.662  -77.779  -17.338 0.0000000000
17250  -36.641  -77.884  -17.145 0.0000000000
17251  -37.634  -78.030  -17.114 0.0000000000
17255  -40.209  -78.313  -16.860 0.0000000000
17261  -38.936  -78.544  -17.483 0.0000000000
17262  -39.173  -78.527  -17.408 0.0000000000
17284  -36.009  -77.154  -22.029 0.0000000000
18247  -42.064  -76.451  -8.044 0.0000000000
18269  -41.690  -76.383  -8.630 0.0000000000
18362  -40.805  -76.078  -14.129 0.0000000000
18396  -36.171  -75.937  -15.894 0.0000000000
18420  -37.415  -76.717  -16.265 0.0000000000
18472  -33.504  -76.598  -19.692 0.0000000000
18488  -33.744  -76.425  -20.459 0.0000000000
18508  -36.261  -76.966  -22.101 0.0000000000
18529  -36.169  -76.309  -22.247 0.0000000000
18550  -38.043  -76.111  -23.349 0.0000000000
19541  -40.961  -75.281  -6.698 0.0000000000
19579  -39.386  -74.871  -8.457 0.0000000000
19624  -39.958  -75.046  -10.068 0.0000000000
19699  -34.149  -75.302  -15.847 0.0000000000
19700  -34.791  -75.377  -15.647 0.0000000000
19747  -32.830  -74.876  -18.256 0.0000000000
19762  -32.814  -75.003  -18.800 0.0000000000
19792  -35.189  -76.029  -22.025 0.0000000000
19832  -37.502  -75.386  -23.543 0.0000000000
19833  -38.208  -75.690  -23.702 0.0000000000
20861  -40.296  -74.793  -6.477 0.0000000000
20880  -38.731  -74.206  -7.726 0.0000000000
20914  -38.611  -73.955  -8.808 0.0000000000
20915  -39.066  -74.304  -9.248 0.0000000000
20942  -39.800  -73.656  -12.744 0.0000000000
20965  -34.087  -74.251  -15.084 0.0000000000
20985  -32.612  -74.178  -16.237 0.0000000000
21017  -32.572  -74.419  -18.003 0.0000000000
21055  -32.722  -74.435  -19.137 0.0000000000
21069  -32.766  -74.197  -19.518 0.0000000000
21086  -33.373  -74.639  -20.675 0.0000000000
21119  -35.833  -73.933  -23.331 0.0000000000
21121  -37.839  -74.985  -24.062 0.0000000000
22052  -40.396  -73.338  0.118 0.0000000000
22067  -38.806  -72.963  -0.691 0.0000000000
22082  -38.717  -72.948  -0.976 0.0000000000
22084  -39.862  -73.791  -1.239 0.0000000000
22098  -39.146  -73.375  -2.631 0.0000000000
22144  -37.826  -73.081  -6.775 0.0000000000
22161  -37.752  -73.144  -7.139 0.0000000000
22163  -38.952  -74.096  -7.149 0.0000000000
22184  -38.644  -73.317  -9.583 0.0000000000
22190  -38.844  -72.993  -10.742 0.0000000000
22198  -39.508  -73.471  -11.304 0.0000000000
22199  -40.007  -73.848  -11.329 0.0000000000
22201  -36.949  -72.910  -13.152 0.0000000000
22205  -40.065  -73.731  -11.736 0.0000000000
22212  -35.663  -73.612  -13.749 0.0000000000
22237  -32.349  -73.349  -15.949 0.0000000000
22266  -32.396  -73.709  -17.774 0.0000000000
22286  -32.571  -73.919  -18.585 0.0000000000
22287  -32.806  -73.368  -18.882 0.0000000000
22309  -32.964  -73.319  -19.490 0.0000000000
22328  -33.166  -73.670  -20.296 0.0000000000
22329  -33.613  -73.367  -20.764 0.0000000000
23239  -41.005  -72.062  1.174 0.0000000000
23255  -40.754  -72.431  0.837 0.0000000000
23261  -38.540  -72.560  -0.619 0.0000000000
23270  -38.040  -72.399  -1.159 0.0000000000
23271  -38.479  -72.781  -1.225 0.0000000000
23286  -38.203  -72.524  -1.899 0.0000000000
23287  -38.568  -72.863  -2.142 0.0000000000
23308  -38.336  -72.683  -4.603 0.0000000000
23320  -38.422  -72.685  -5.356 0.0000000000
23337  -38.948  -73.002  -5.707 0.0000000000
23349  -36.942  -72.149  -7.561 0.0000000000
23369  -38.385  -71.806  -11.855 0.0000000000
23372  -32.938  -71.945  -12.945 0.0000000000
23386  -33.144  -72.664  -13.514 0.0000000000
23450  -32.607  -72.798  -17.612 0.0000000000
23452  -34.535  -72.133  -18.043 0.0000000000
23457  -42.407  -71.928  -18.458 0.0000000000
23476  -34.775  -72.270  -18.448 0.0000000000
23479  -41.903  -72.043  -19.183 0.0000000000
23498  -41.939  -72.327  -19.542 0.0000000000
23499  -42.255  -72.316  -19.503 0.0000000000
23519  -33.961  -72.648  -20.555 0.0000000000
23521  -42.013  -72.463  -19.810 0.0000000000
23522  -42.488  -72.519  -19.961 0.0000000000
23540  -35.138  -72.288  -21.683 0.0000000000
23556  -35.635  -72.389  -22.340 0.0000000000
23557  -36.294  -72.130  -22.556 0.0000000000
23593  -36.963  -72.763  -23.908 0.0000000000
23614  -39.184  -72.634  -25.269 0.0000000000
24452  -38.917  -70.501  4.531 0.0000000000
24453  -38.990  -70.715  4.471 0.0000000000
24463  -38.782  -70.626  4.364 0.0000000000
24465  -41.593  -72.069  3.266 0.0000000000
24474  -40.973  -71.583  2.227 0.0000000000
24487  -40.735  -71.721  1.555 0.0000000000
24488  -41.852  -72.228  1.965 0.0000000000
24489  -42.306  -72.498  2.078 0.0000000000
24501  -38.042  -71.358  0.200 0.0000000000
24502  -38.547  -71.451  0.328 0.0000000000
24503  -39.705  -71.791  0.689 0.0000000000
24511  -37.001  -71.653  -0.343 0.0000000000
24524  -37.423  -72.094  -2.074 0.0000000000
24538  -37.608  -72.240  -1.995 0.0000000000
24540  -38.210  -72.560  -2.354 0.0000000000
24554  -36.698  -71.423  -4.106 0.0000000000
24572  -37.819  -72.271  -4.106 0.0000000000
24590  -36.672  -71.638  -5.614 0.0000000000
24611  -35.909  -71.240  -6.307 0.0000000000
24627  -37.188  -72.236  -6.900 0.0000000000
24646  -36.966  -71.201  -10.071 0.0000000000
24651  -32.647  -70.649  -12.305 0.0000000000
24657  -37.908  -71.574  -12.155 0.0000000000
24666  -34.500  -71.640  -12.306 0.0000000000
24669  -37.556  -71.665  -12.306 0.0000000000
24670  -37.854  -71.732  -12.337 0.0000000000
24721  -32.688  -72.028  -16.505 0.0000000000
24784  -33.275  -72.310  -18.029 0.0000000000
24786  -35.227  -72.279  -18.439 0.0000000000
24794  -42.988  -71.908  -18.415 0.0000000000
24859  -34.984  -71.944  -21.094 0.0000000000
24867  -43.349  -71.965  -21.342 0.0000000000
24868  -44.329  -72.029  -21.577 0.0000000000
24885  -44.871  -72.036  -22.087 0.0000000000
24886  -45.221  -72.011  -22.005 0.0000000000
24902  -36.872  -71.749  -23.110 0.0000000000
24927  -37.554  -71.941  -24.081 0.0000000000
24929  -39.066  -71.304  -24.782 0.0000000000
25807  -38.548  -70.462  4.101 0.0000000000
25815  -38.513  -70.487  3.170 0.0000000000
25818  -41.139  -71.746  2.947 0.0000000000
25826  -40.432  -71.365  1.875 0.0000000000
25841  -39.643  -71.278  1.000 0.0000000000
25873  -35.612  -70.524  -1.120 0.0000000000
25876  -37.234  -71.917  -1.940 0.0000000000
25893  -35.636  -70.520  -2.924 0.0000000000
25916  -37.398  -71.812  -2.940 0.0000000000
25935  -34.713  -70.198  -4.738 0.0000000000
25938  -37.288  -71.662  -3.838 0.0000000000
25939  -37.487  -71.839  -3.661 0.0000000000
25961  -34.970  -70.353  -5.021 0.0000000000
25985  -35.945  -71.204  -6.065 0.0000000000
26012  -36.549  -70.978  -9.725 0.0000000000
26017  -34.719  -70.004  -10.860 0.0000000000
26029  -35.473  -70.410  -11.358 0.0000000000
26072  -33.399  -70.539  -15.745 0.0000000000
26092  -33.661  -71.016  -16.016 0.0000000000
26207  -43.830  -71.656  -22.001 0.0000000000
26219  -39.972  -70.425  -22.665 0.0000000000
26223  -44.460  -71.282  -22.266 0.0000000000
26224  -45.072  -71.521  -22.065 0.0000000000
26242  -39.004  -70.705  -23.618 0.0000000000
26296  -39.343  -71.140  -24.987 0.0000000000
27121  -39.503  -70.040  5.212 0.0000000000
27122  -39.907  -70.159  5.361 0.0000000000
27149  -36.331  -69.749  1.686 0.0000000000
27151  -37.882  -70.317  2.241 0.0000000000
27181  -35.248  -69.775  -0.368 0.0000000000
27182  -35.995  -70.405  -0.172 0.0000000000
27371  -32.671  -68.970  -11.175 0.0000000000
27382  -33.237  -69.669  -11.140 0.0000000000
27417  -33.308  -68.989  -14.036 0.0000000000
27438  -33.439  -69.249  -14.546 0.0000000000
27460  -32.668  -70.247  -14.713 0.0000000000
28625  -34.881  -69.203  -0.071 0.0000000000
28668  -33.745  -67.841  -2.990 0.0000000000
28689  -34.145  -68.580  -3.358 0.0000000000
28737  -33.530  -68.165  -5.110 0.0000000000
28831  -32.750  -68.079  -11.778 0.0000000000
28852  -32.611  -68.465  -12.434 0.0000000000
30219  -32.875  -67.017  -5.157 0.0000000000
30296  -33.604  -67.625  -9.283 0.0000000000
31778  -32.970  -66.929  -7.793 0.0000000000
