#!ascii label  , from subject HYGLY28_VISIT_2 vox2ras=TkReg
1285
83140  -18.253  -25.669  -16.077 0.4285714328
83142  -20.137  -25.609  -16.449 0.2857142985
83141  -19.118  -25.627  -16.378 0.4285714328
81934  -20.412  -26.270  -17.024 0.4285714328
81973  -21.213  -27.146  -18.538 0.4285714328
84432  -20.450  -24.537  -16.157 0.2857142985
83143  -20.833  -25.301  -16.649 0.4285714328
83180  -21.696  -25.665  -18.487 0.4285714328
85781  -21.610  -23.673  -16.781 0.4285714328
84444  -21.922  -24.683  -17.701 0.4285714328
87160  -21.700  -22.755  -16.968 0.4285714328
87161  -22.298  -22.663  -17.438 0.4285714328
88502  -21.533  -21.564  -18.340 0.5714285970
87162  -23.051  -22.588  -17.741 0.4285714328
87163  -23.751  -22.535  -18.004 0.2857142985
88503  -22.525  -21.269  -18.464 0.7142857313
88480  -23.213  -21.779  -17.906 0.7142857313
89720  -23.846  -20.500  -18.849 0.7142857313
88506  -25.277  -21.440  -18.937 0.4285714328
88504  -23.526  -21.118  -18.292 0.7142857313
89738  -25.831  -20.782  -19.632 0.5714285970
89735  -22.971  -20.470  -19.697 0.5714285970
89737  -24.950  -20.750  -19.940 0.5714285970
91021  -24.881  -20.305  -20.358 0.5714285970
91010  -25.891  -20.262  -20.000 0.5714285970
89736  -24.052  -20.530  -19.793 0.5714285970
89739  -26.716  -20.696  -19.946 0.4285714328
91023  -26.270  -19.823  -20.413 0.5714285970
91025  -28.141  -19.491  -20.711 0.5714285970
92232  -24.033  -19.175  -21.408 0.7142857313
91024  -27.122  -19.676  -20.614 0.7142857313
91026  -29.144  -19.714  -20.580 0.5714285970
91042  -25.425  -19.341  -21.050 0.5714285970
91039  -22.183  -19.533  -21.684 0.5714285970
92234  -25.538  -18.544  -21.850 0.8571428657
92217  -28.796  -19.157  -20.769 0.7142857313
91027  -29.977  -19.649  -20.584 0.5714285970
92253  -24.588  -18.483  -22.439 0.7142857313
91059  -23.924  -18.636  -22.567 0.5714285970
92238  -29.578  -18.189  -21.243 0.7142857313
91028  -30.737  -19.587  -20.809 0.5714285970
92235  -26.583  -18.426  -21.722 0.7142857313
92237  -28.496  -18.477  -21.135 0.7142857313
92255  -29.930  -17.712  -21.597 0.5714285970
92236  -27.472  -18.297  -21.476 0.7142857313
92240  -31.558  -18.489  -21.339 0.5714285970
93435  -26.006  -17.920  -22.472 0.5714285970
93436  -26.862  -17.667  -22.146 0.7142857313
93438  -28.923  -17.718  -21.833 0.7142857313
93459  -30.554  -16.966  -22.471 0.7142857313
93440  -31.123  -17.506  -21.656 0.7142857313
94698  -27.469  -16.781  -23.222 0.7142857313
93457  -28.388  -17.008  -22.777 0.7142857313
93481  -29.963  -17.013  -22.907 0.7142857313
94720  -30.649  -16.036  -23.378 0.7142857313
94700  -31.022  -16.326  -22.887 0.5714285970
94717  -27.947  -16.449  -23.565 0.7142857313
93478  -25.831  -17.415  -23.392 0.5714285970
95917  -31.243  -15.524  -23.617 0.5714285970
95934  -31.568  -15.130  -24.604 0.5714285970
95913  -27.451  -15.890  -23.822 0.8571428657
94716  -27.049  -16.474  -23.623 0.8571428657
95933  -30.545  -15.228  -24.504 0.7142857313
95932  -29.520  -15.428  -24.468 0.7142857313
95914  -28.072  -15.901  -23.807 0.8571428657
95931  -28.566  -15.508  -24.025 0.7142857313
99592  -28.577  -12.520  -24.107 0.8571428657
97136  -29.582  -14.452  -25.248 0.5714285970
97135  -28.745  -14.399  -24.379 0.8571428657
98326  -27.823  -13.344  -23.638 0.8571428657
97133  -27.572  -14.871  -24.047 0.8571428657
97119  -27.783  -14.198  -23.915 0.8571428657
100812  -28.094  -11.614  -23.759 0.8571428657
102073  -28.730  -10.603  -24.083 0.8571428657
103324  -28.071  -9.743  -23.559 0.8571428657
98327  -28.319  -13.104  -23.895 0.8571428657
102072  -27.667  -10.505  -23.545 0.8571428657
103322  -26.088  -9.569  -24.318 1.0000000000
103323  -27.195  -9.547  -23.832 1.0000000000
100811  -27.093  -11.328  -23.317 0.8571428657
104441  -26.781  -8.599  -24.312 1.0000000000
102071  -26.544  -10.445  -23.618 1.0000000000
105533  -26.596  -7.787  -24.505 1.0000000000
105574  -23.464  -7.315  -26.781 0.7142857313
104455  -25.404  -8.410  -25.165 1.0000000000
105552  -26.090  -7.412  -25.162 1.0000000000
108786  -23.679  -4.496  -27.813 1.0000000000
107754  -23.344  -5.143  -29.156 0.8571428657
112100  -23.156  -2.560  -29.554 0.8571428657
110985  -23.566  -3.458  -28.991 1.0000000000
113260  -24.692  -0.545  -26.886 0.8571428657
112074  -23.355  -1.278  -27.768 0.8571428657
112075  -24.371  -1.669  -27.247 1.0000000000
115680  -26.404  1.365  -26.713 0.8571428657
114484  -26.233  0.616  -26.536 0.8571428657
115664  -26.157  1.756  -26.861 0.7142857313
115677  -23.790  1.354  -27.588 0.5714285970
116831  -25.925  2.372  -27.027 0.7142857313
116832  -26.814  2.640  -26.738 0.5714285970
117893  -22.814  3.262  -26.871 0.5714285970
116840  -23.514  2.206  -27.357 0.5714285970
117883  -23.156  3.820  -26.515 0.4285714328
118913  -25.384  4.460  -26.428 0.4285714328
118914  -26.234  4.584  -26.989 0.4285714328
120977  -24.048  6.263  -25.605 0.2857142985
120978  -24.427  6.582  -25.454 0.2857142985
119962  -23.776  5.462  -25.765 0.2857142985
119949  -24.966  6.558  -25.284 0.2857142985
91022  -25.354  -19.970  -20.459 0.5714285970
92219  -30.212  -18.834  -20.787 0.5714285970
95947  -30.047  -14.988  -25.262 0.5714285970
94734  -29.127  -16.193  -23.796 0.7142857313
95916  -30.301  -15.849  -23.871 0.7142857313
98337  -28.676  -13.336  -24.429 0.8571428657
99593  -29.225  -12.742  -24.707 0.8571428657
100813  -29.160  -11.757  -24.354 0.8571428657
106664  -24.742  -6.388  -26.215 0.8571428657
119931  -26.316  6.144  -24.807 0.1428571492
84431  -19.354  -24.416  -15.920 0.2857142985
85759  -19.938  -23.481  -15.985 0.2857142985
84433  -21.250  -24.606  -16.709 0.4285714328
84463  -22.567  -24.937  -18.466 0.4285714328
87137  -20.173  -22.652  -16.535 0.2857142985
88478  -21.362  -21.882  -17.383 0.4285714328
85760  -20.819  -23.608  -16.286 0.4285714328
84445  -22.823  -24.291  -17.848 0.4285714328
88479  -22.355  -21.885  -17.796 0.5714285970
88481  -23.903  -21.791  -18.114 0.4285714328
88523  -21.610  -21.267  -19.210 0.2857142985
89719  -23.048  -20.752  -18.830 0.7142857313
89721  -24.845  -20.480  -18.970 0.4285714328
89754  -22.330  -20.247  -20.662 0.5714285970
88543  -28.518  -21.533  -20.245 0.4285714328
89755  -23.425  -20.154  -20.679 0.7142857313
89775  -23.793  -19.919  -21.038 0.7142857313
89757  -26.953  -20.199  -20.309 0.7142857313
89759  -28.785  -20.552  -20.439 0.4285714328
91044  -27.273  -19.026  -21.198 0.7142857313
91045  -27.854  -18.837  -21.135 0.7142857313
91057  -22.494  -19.096  -22.446 0.5714285970
92252  -23.957  -18.877  -21.969 0.5714285970
93441  -31.991  -17.806  -21.897 0.5714285970
91077  -24.138  -18.368  -22.923 0.5714285970
92220  -30.930  -18.867  -20.960 0.5714285970
93456  -27.252  -17.138  -22.726 0.7142857313
93437  -27.878  -17.578  -21.893 0.7142857313
93460  -31.599  -16.941  -22.190 0.5714285970
93454  -25.654  -17.738  -23.158 0.8571428657
93492  -29.006  -16.528  -23.589 0.7142857313
98338  -29.420  -13.627  -24.946 0.5714285970
99578  -27.244  -12.756  -23.429 1.0000000000
104442  -27.703  -8.554  -23.599 1.0000000000
102088  -25.207  -9.817  -24.724 1.0000000000
105561  -24.178  -7.353  -26.135 0.8571428657
107743  -23.135  -6.648  -28.609 0.7142857313
106663  -23.957  -6.425  -26.676 1.0000000000
107731  -25.227  -5.474  -26.066 1.0000000000
106685  -23.049  -6.183  -29.190 0.7142857313
107730  -24.561  -5.539  -26.692 1.0000000000
107753  -23.118  -6.318  -28.965 0.7142857313
109879  -24.299  -3.863  -27.159 0.8571428657
113259  -23.813  -0.530  -27.465 0.8571428657
110968  -23.611  -2.424  -27.896 1.0000000000
110969  -24.286  -2.825  -27.245 1.0000000000
115678  -24.705  1.340  -27.254 0.7142857313
118912  -24.385  4.514  -26.237 0.7142857313
117896  -24.559  2.589  -26.993 0.7142857313
117886  -26.059  3.500  -27.187 0.7142857313
117882  -22.452  3.688  -26.241 0.4285714328
119963  -24.807  5.609  -25.620 0.2857142985
119964  -25.660  5.466  -26.230 0.4285714328
89734  -21.736  -20.759  -20.114 0.4285714328
117884  -23.886  3.716  -26.690 0.7142857313
81933  -19.858  -26.637  -17.022 0.4285714328
84406  -18.494  -24.026  -15.659 0.2857142985
84430  -18.440  -24.774  -16.119 0.2857142985
80782  -21.061  -27.598  -18.294 0.4285714328
83161  -20.762  -25.959  -16.981 0.4285714328
85758  -19.244  -23.331  -15.697 0.2857142985
83162  -21.252  -25.599  -17.480 0.4285714328
87138  -21.078  -22.785  -16.577 0.2857142985
85782  -22.235  -23.578  -17.360 0.4285714328
88458  -20.677  -22.119  -16.883 0.4285714328
88524  -22.356  -20.847  -19.215 0.5714285970
91041  -24.400  -19.733  -20.964 0.5714285970
89758  -27.652  -20.630  -20.345 0.4285714328
91043  -26.372  -19.127  -21.134 0.7142857313
91040  -23.347  -19.457  -21.517 0.7142857313
92233  -24.629  -18.928  -21.544 0.7142857313
91020  -22.617  -19.843  -21.139 0.7142857313
92254  -25.301  -18.152  -22.838 0.5714285970
93458  -29.633  -17.344  -22.314 0.7142857313
92273  -25.294  -18.013  -23.365 0.7142857313
94696  -26.398  -17.158  -23.485 0.8571428657
94719  -30.182  -16.475  -23.234 0.7142857313
94715  -26.053  -16.821  -23.491 0.8571428657
99579  -27.964  -12.570  -23.624 0.8571428657
98325  -27.043  -13.593  -23.550 0.8571428657
105550  -24.326  -7.902  -25.762 1.0000000000
106675  -23.380  -6.606  -27.399 0.8571428657
114483  -25.182  0.470  -26.838 0.8571428657
116841  -24.281  2.118  -27.296 0.7142857313
116842  -25.023  2.181  -27.060 0.5714285970
117885  -24.911  3.252  -26.744 0.5714285970
117894  -23.344  3.118  -27.106 0.5714285970
117869  -21.822  4.112  -25.767 0.4285714328
118911  -23.539  4.553  -26.177 0.4285714328
121941  -23.575  6.950  -25.262 0.2857142985
119961  -23.186  5.210  -25.856 0.2857142985
119929  -25.042  7.102  -24.959 0.2857142985
119930  -25.388  6.415  -24.855 0.1428571492
107745  -23.869  -5.614  -27.329 1.0000000000
121019  -25.282  6.877  -29.207 0.2857142985
122002  -23.990  7.747  -29.024 0.1428571492
119984  -25.902  5.671  -28.498 0.2857142985
119993  -26.218  6.238  -29.166 0.2857142985
121005  -24.477  7.193  -28.602 0.1428571492
122959  -23.727  8.606  -28.970 0.1428571492
119976  -25.694  5.633  -27.621 0.1428571492
119966  -26.694  5.590  -27.384 0.2857142985
119983  -25.005  5.706  -28.226 0.1428571492
119985  -26.983  5.972  -28.740 0.2857142985
161462  -28.491  3.941  -30.715 0.2857142985
161438  -28.485  4.668  -29.556 0.2857142985
122001  -23.484  8.297  -28.425 0.1428571492
161445  -28.572  3.792  -28.750 0.2857142985
161444  -27.582  5.599  -28.350 0.2857142985
119977  -26.712  5.746  -28.000 0.2857142985
161471  -29.392  3.341  -30.582 0.1428571492
161435  -28.527  4.174  -28.904 0.2857142985
161446  -28.356  4.669  -28.540 0.2857142985
121006  -24.823  6.496  -28.458 0.1428571492
161440  -27.430  5.374  -27.782 0.2857142985
116859  -31.102  2.644  -31.889 0.1428571492
161478  -30.101  3.058  -30.922 0.1428571492
116853  -28.857  3.346  -29.419 0.4285714328
161439  -28.278  4.040  -27.116 0.2857142985
114472  -30.908  0.367  -26.913 0.2857142985
115683  -29.754  2.157  -27.528 0.4285714328
116834  -28.241  3.124  -26.808 0.2857142985
118915  -27.202  4.775  -27.337 0.2857142985
112088  -31.741  -0.764  -28.368 0.1428571492
115689  -30.694  1.628  -28.509 0.2857142985
116843  -28.454  2.909  -27.982 0.4285714328
114458  -28.254  0.619  -25.345 0.5714285970
115666  -27.305  1.704  -26.382 0.7142857313
110960  -31.421  -2.553  -26.271 0.1428571492
112067  -30.947  -1.211  -26.175 0.1428571492
114469  -28.070  1.159  -26.019 0.7142857313
116833  -27.672  2.626  -26.617 0.4285714328
113241  -28.721  0.169  -25.590 0.4285714328
108773  -31.226  -3.885  -26.195 0.2857142985
109853  -29.724  -3.411  -25.303 0.7142857313
113248  -26.444  0.505  -25.251 0.7142857313
109864  -24.753  -3.224  -26.526 0.8571428657
110948  -26.978  -1.978  -25.424 0.8571428657
112054  -26.691  -0.726  -25.159 0.5714285970
108759  -31.111  -5.147  -26.163 0.2857142985
108774  -31.522  -4.409  -26.629 0.2857142985
112055  -27.070  -0.832  -25.294 0.7142857313
113269  -22.177  -0.828  -28.463 0.5714285970
110970  -25.500  -1.801  -26.320 0.8571428657
107717  -31.152  -5.681  -25.881 0.1428571492
108755  -28.074  -4.272  -24.827 0.7142857313
106666  -31.218  -6.182  -26.326 0.1428571492
102085  -22.728  -10.516  -25.770 0.5714285970
103354  -24.173  -8.994  -25.786 0.8571428657
104454  -24.488  -8.392  -25.499 0.8571428657
103353  -23.732  -9.211  -26.279 0.4285714328
104482  -23.579  -7.962  -26.481 0.5714285970
108787  -24.379  -4.803  -27.176 0.8571428657
106647  -26.528  -6.218  -24.776 0.8571428657
108771  -24.801  -4.445  -26.392 0.8571428657
106665  -30.955  -6.983  -26.203 0.2857142985
107715  -27.879  -5.293  -24.347 0.8571428657
108753  -26.285  -4.068  -25.238 0.8571428657
110957  -25.487  -2.358  -26.227 0.8571428657
105575  -31.055  -7.709  -27.349 0.4285714328
107698  -30.012  -5.869  -24.840 0.7142857313
108756  -28.883  -4.426  -25.074 0.7142857313
102084  -21.726  -10.560  -25.344 0.2857142985
102097  -23.115  -10.139  -26.260 0.5714285970
104440  -26.032  -8.829  -24.801 0.8571428657
106627  -26.779  -7.084  -24.393 0.8571428657
106646  -25.436  -6.467  -25.544 0.8571428657
106648  -27.120  -5.689  -24.338 0.8571428657
107713  -26.015  -5.350  -25.463 0.8571428657
105537  -29.891  -7.569  -23.950 0.4285714328
106629  -28.051  -6.598  -23.938 0.8571428657
107697  -28.915  -5.554  -24.195 0.8571428657
104457  -30.473  -8.332  -25.660 0.4285714328
95909  -23.224  -15.614  -23.684 0.7142857313
97130  -22.268  -13.745  -24.275 0.4285714328
95910  -24.116  -15.626  -23.079 0.7142857313
98323  -24.961  -13.684  -23.411 0.8571428657
98335  -23.600  -13.282  -24.056 0.5714285970
100807  -23.197  -11.728  -24.751 0.5714285970
100821  -22.511  -11.468  -24.860 0.4285714328
99576  -25.378  -12.730  -23.480 0.8571428657
99590  -24.240  -12.494  -23.968 0.5714285970
100822  -23.358  -11.113  -25.241 0.5714285970
100795  -26.681  -12.087  -23.362 0.8571428657
102069  -24.814  -11.178  -24.597 0.7142857313
102089  -29.386  -10.328  -24.387 0.7142857313
103325  -29.209  -9.534  -24.238 0.7142857313
105535  -27.906  -7.495  -22.957 0.7142857313
102099  -30.440  -10.589  -26.656 0.2857142985
103343  -30.449  -9.445  -25.764 0.4285714328
103327  -30.357  -8.777  -25.165 0.5714285970
92271  -23.859  -17.979  -23.224 0.4285714328
94712  -22.907  -16.445  -23.592 0.4285714328
95908  -22.407  -15.544  -23.743 0.4285714328
95929  -27.241  -15.307  -24.022 0.7142857313
97117  -25.762  -14.667  -23.460 0.7142857313
97118  -26.850  -14.571  -23.857 0.7142857313
100794  -25.833  -12.177  -23.516 0.8571428657
100824  -30.018  -12.327  -24.853 0.7142857313
100830  -29.953  -11.559  -26.349 0.2857142985
100825  -30.050  -11.574  -25.281 0.5714285970
102074  -29.678  -10.968  -24.257 0.5714285970
91076  -23.547  -18.476  -22.923 0.4285714328
93452  -21.646  -17.402  -22.849 0.5714285970
94713  -23.757  -16.528  -23.272 0.5714285970
95912  -26.568  -15.640  -23.628 0.7142857313
95948  -30.890  -14.847  -25.379 0.4285714328
98348  -29.643  -13.680  -26.052 0.4285714328
99609  -30.023  -12.657  -26.573 0.4285714328
100829  -29.773  -12.168  -25.751 0.4285714328
91038  -21.182  -19.815  -21.740 0.5714285970
91046  -31.457  -19.490  -21.109 0.4285714328
92241  -32.365  -18.517  -21.714 0.4285714328
94735  -32.807  -16.076  -24.005 0.4285714328
95896  -31.598  -15.777  -22.981 0.4285714328
95936  -33.000  -16.113  -25.235 0.4285714328
84446  -23.654  -24.127  -17.905 0.1428571492
93461  -32.741  -17.429  -22.607 0.4285714328
93482  -33.051  -16.883  -23.168 0.4285714328
94722  -33.116  -16.684  -23.716 0.4285714328
85794  -24.252  -23.350  -18.204 0.1428571492
87182  -25.029  -22.374  -18.818 0.1428571492
88527  -27.134  -21.526  -19.749 0.2857142985
87225  -32.016  -22.233  -21.893 0.2857142985
88583  -33.970  -21.343  -23.410 0.2857142985
88562  -32.950  -20.897  -21.936 0.2857142985
88545  -30.413  -21.299  -20.639 0.4285714328
88573  -34.067  -20.681  -23.197 0.2857142985
89779  -33.147  -20.248  -22.168 0.2857142985
88560  -31.654  -21.274  -21.289 0.2857142985
91062  -34.016  -19.200  -22.744 0.2857142985
92258  -33.545  -18.389  -22.519 0.4285714328
84465  -24.532  -24.534  -18.725 0.1428571492
85795  -24.856  -23.356  -18.648 0.1428571492
87189  -25.753  -22.389  -19.233 0.2857142985
87190  -26.397  -22.261  -19.496 0.2857142985
85835  -29.453  -23.782  -22.016 0.2857142985
85836  -30.728  -23.680  -21.737 0.2857142985
85820  -30.654  -22.843  -21.252 0.2857142985
87201  -29.171  -22.457  -20.497 0.2857142985
85837  -31.278  -22.859  -21.661 0.2857142985
84466  -25.251  -24.027  -18.954 0.1428571492
84521  -27.316  -24.683  -21.942 0.2857142985
84485  -26.471  -24.229  -20.034 0.2857142985
84505  -27.686  -24.204  -21.157 0.2857142985
85805  -26.893  -22.693  -19.779 0.2857142985
85818  -28.552  -23.541  -21.022 0.2857142985
81954  -21.243  -26.118  -18.241 0.2857142985
83182  -22.943  -25.261  -19.251 0.1428571492
84462  -22.115  -25.225  -18.405 0.2857142985
83183  -23.737  -25.272  -19.261 0.1428571492
80744  -19.374  -27.528  -16.835 0.2857142985
81990  -22.242  -26.537  -19.677 0.2857142985
80766  -20.054  -27.586  -17.310 0.1428571492
81931  -17.967  -26.531  -16.025 0.2857142985
83124  -17.487  -26.091  -15.698 0.1428571492
85803  -25.558  -23.379  -19.112 0.1428571492
85816  -26.799  -23.978  -20.132 0.2857142985
85834  -28.357  -24.281  -22.057 0.2857142985
85852  -31.557  -23.224  -22.900 0.2857142985
85819  -29.837  -23.196  -21.096 0.2857142985
88571  -32.734  -21.609  -22.040 0.2857142985
89762  -31.242  -20.338  -20.962 0.4285714328
91047  -32.257  -19.396  -21.476 0.4285714328
89788  -33.764  -20.110  -22.649 0.2857142985
91079  -35.180  -19.001  -23.535 0.2857142985
97115  -23.522  -14.641  -23.693 0.7142857313
93463  -34.059  -17.921  -23.152 0.4285714328
100809  -25.079  -11.851  -23.883 0.5714285970
95918  -32.352  -15.351  -23.751 0.4285714328
97155  -30.541  -14.121  -26.786 0.2857142985
99610  -29.974  -12.014  -27.089 0.2857142985
102091  -30.167  -10.659  -25.465 0.5714285970
104444  -29.727  -8.509  -24.166 0.7142857313
114481  -23.229  0.264  -28.033 0.5714285970
113261  -25.690  -0.497  -26.279 0.7142857313
109865  -25.307  -3.599  -25.769 0.8571428657
112076  -25.172  -1.533  -26.575 0.8571428657
108757  -29.982  -4.256  -25.024 0.5714285970
117887  -27.234  3.594  -27.054 0.2857142985
113262  -30.588  -0.818  -26.548 0.4285714328
114471  -30.277  0.565  -26.336 0.4285714328
121988  -23.430  8.127  -27.975 0.1428571492
161461  -29.209  3.392  -29.840 0.2857142985
117900  -30.447  2.315  -29.664 0.1428571492
118935  -27.937  5.700  -29.121 0.2857142985
85757  -17.915  -24.254  -15.855 0.2857142985
80783  -21.634  -27.655  -18.871 0.1428571492
83199  -22.502  -25.785  -19.794 0.1428571492
84484  -25.739  -24.609  -19.794 0.1428571492
84503  -26.093  -25.080  -20.598 0.1428571492
88525  -25.854  -21.530  -19.375 0.2857142985
87199  -27.421  -22.327  -19.811 0.2857142985
84541  -31.200  -23.588  -23.129 0.2857142985
88542  -27.721  -21.606  -20.037 0.2857142985
85853  -32.126  -22.688  -23.480 0.2857142985
92270  -22.990  -17.939  -23.068 0.5714285970
88544  -29.487  -21.437  -20.421 0.2857142985
87202  -30.152  -22.214  -20.860 0.2857142985
95907  -21.730  -15.535  -23.386 0.2857142985
89802  -35.005  -19.692  -23.454 0.2857142985
92275  -35.642  -18.459  -23.866 0.2857142985
95911  -25.386  -15.689  -23.151 0.5714285970
98333  -22.029  -12.800  -24.429 0.4285714328
97132  -23.508  -13.964  -23.932 0.5714285970
92274  -34.908  -18.305  -23.449 0.4285714328
94724  -34.460  -17.002  -24.072 0.2857142985
94701  -32.022  -16.313  -22.632 0.4285714328
103337  -22.717  -10.026  -26.352 0.2857142985
94747  -33.568  -16.299  -25.114 0.1428571492
95961  -32.057  -15.516  -26.338 0.4285714328
95949  -31.655  -15.493  -25.686 0.4285714328
95962  -32.827  -15.419  -26.415 0.1428571492
98359  -31.397  -14.184  -27.091 0.1428571492
104445  -30.302  -8.261  -24.716 0.5714285970
109850  -26.674  -3.035  -24.767 0.8571428657
106686  -31.118  -6.652  -27.959 0.2857142985
119965  -26.180  5.613  -26.794 0.2857142985
107699  -30.836  -5.941  -25.134 0.4285714328
106676  -31.077  -6.856  -26.846 0.4285714328
107746  -31.578  -5.236  -27.429 0.1428571492
112058  -30.966  -1.448  -25.402 0.5714285970
108788  -31.819  -4.394  -27.977 0.1428571492
110959  -31.416  -2.865  -26.171 0.1428571492
112087  -31.466  -1.379  -27.771 0.1428571492
120993  -24.877  6.582  -27.841 0.1428571492
113242  -29.690  -0.081  -25.632 0.5714285970
110972  -31.490  -2.467  -27.125 0.1428571492
113271  -31.535  -0.361  -27.894 0.1428571492
116847  -28.724  3.189  -28.959 0.2857142985
116845  -29.934  2.455  -27.978 0.2857142985
115686  -31.370  1.309  -28.700 0.2857142985
115696  -31.481  1.348  -29.481 0.1428571492
161475  -31.383  1.697  -30.110 0.1428571492
161469  -31.163  2.470  -30.413 0.1428571492
161481  -28.765  3.697  -31.502 0.1428571492
118953  -29.288  3.511  -31.941 0.1428571492
79455  -22.309  -28.142  -18.370 0.1428571492
83201  -24.316  -25.469  -20.023 0.1428571492
87226  -32.757  -22.247  -23.025 0.2857142985
100832  -30.239  -11.426  -27.366 0.2857142985
117935  -30.335  3.385  -33.552 0.1428571492
161434  -28.508  4.410  -31.417 0.2857142985
84429  -17.701  -24.851  -16.026 0.2857142985
80767  -20.559  -27.603  -17.806 0.1428571492
80797  -22.087  -27.228  -19.383 0.1428571492
85783  -22.964  -23.429  -17.665 0.1428571492
84447  -24.113  -23.869  -18.021 0.1428571492
88505  -24.461  -21.357  -18.480 0.2857142985
89722  -25.438  -20.881  -19.274 0.4285714328
87181  -24.375  -22.442  -18.366 0.1428571492
88526  -26.490  -21.464  -19.571 0.2857142985
89760  -29.743  -20.503  -20.449 0.4285714328
94714  -24.841  -16.665  -23.076 0.5714285970
93476  -24.317  -17.398  -23.230 0.4285714328
95935  -32.433  -15.780  -24.818 0.4285714328
104443  -28.569  -8.503  -23.566 0.7142857313
103339  -24.653  -9.252  -25.165 0.8571428657
100810  -26.083  -11.400  -23.561 0.8571428657
102070  -25.428  -10.654  -24.207 0.8571428657
105534  -27.208  -7.637  -23.857 0.8571428657
105562  -24.841  -6.961  -25.903 0.8571428657
114494  -22.865  -0.128  -28.174 0.5714285970
114468  -26.790  0.696  -25.873 0.7142857313
99603  -29.795  -12.905  -25.470 0.4285714328
84464  -23.390  -24.750  -18.545 0.1428571492
89753  -21.457  -20.269  -21.055 0.5714285970
87200  -28.183  -22.521  -20.170 0.2857142985
92257  -32.891  -18.450  -22.123 0.4285714328
108772  -25.456  -4.609  -25.713 0.8571428657
109849  -25.716  -2.835  -25.192 0.8571428657
98324  -26.081  -13.718  -23.368 0.8571428657
121018  -24.683  7.368  -28.963 0.1428571492
119992  -25.294  5.986  -28.864 0.2857142985
121989  -23.741  7.626  -28.261 0.1428571492
161453  -28.511  4.021  -29.493 0.2857142985
120992  -24.219  7.060  -28.103 0.1428571492
116848  -29.478  2.690  -28.577 0.2857142985
161479  -29.551  3.284  -31.515 0.1428571492
117925  -30.485  3.182  -32.857 0.1428571492
117916  -30.390  3.004  -31.894 0.1428571492
161451  -28.860  3.535  -31.043 0.1428571492
114487  -31.739  0.854  -28.023 0.1428571492
115651  -29.020  1.090  -25.956 0.5714285970
115668  -29.849  1.741  -26.866 0.4285714328
115682  -29.244  2.303  -27.320 0.5714285970
114502  -31.830  0.148  -29.714 0.1428571492
112068  -31.355  -1.807  -26.083 0.1428571492
115688  -30.333  1.901  -28.621 0.2857142985
115653  -30.293  1.285  -26.230 0.4285714328
113240  -27.665  -0.125  -25.234 0.5714285970
113238  -26.827  -0.277  -25.433 0.7142857313
110950  -29.379  -2.356  -25.737 0.4285714328
112057  -28.871  -0.805  -25.995 0.5714285970
109854  -30.883  -3.450  -25.341 0.5714285970
109852  -28.258  -3.616  -25.754 0.7142857313
110947  -26.156  -1.931  -25.371 0.7142857313
108740  -30.058  -5.020  -24.936 0.5714285970
106632  -31.082  -6.193  -25.683 0.4285714328
102087  -24.515  -10.480  -25.148 0.5714285970
103338  -24.002  -9.699  -25.729 0.5714285970
104468  -23.414  -8.674  -26.656 0.4285714328
103352  -22.988  -9.510  -26.657 0.4285714328
106628  -27.319  -6.412  -23.711 0.8571428657
107696  -28.003  -5.996  -23.758 0.8571428657
106631  -30.742  -6.214  -25.033 0.4285714328
105563  -30.809  -7.715  -26.405 0.5714285970
108739  -29.568  -4.946  -24.834 0.8571428657
105536  -28.849  -7.606  -23.728 0.7142857313
97114  -22.691  -14.731  -24.134 0.4285714328
97116  -24.597  -14.668  -23.193 0.7142857313
98322  -24.001  -13.899  -23.590 0.7142857313
98334  -22.801  -12.986  -24.377 0.4285714328
99589  -23.457  -12.361  -24.402 0.5714285970
100808  -24.154  -11.641  -24.892 0.5714285970
99602  -22.373  -12.127  -24.574 0.4285714328
99601  -21.965  -12.112  -24.594 0.2857142985
100793  -25.412  -12.233  -23.611 0.7142857313
103342  -29.860  -9.863  -24.908 0.5714285970
103326  -30.042  -9.076  -24.721 0.7142857313
93475  -23.390  -17.265  -23.344 0.5714285970
93474  -22.466  -17.182  -23.358 0.5714285970
97144  -30.263  -14.476  -26.187 0.4285714328
98366  -30.489  -13.067  -27.311 0.2857142985
89777  -31.925  -20.301  -21.368 0.2857142985
91060  -32.750  -19.064  -21.840 0.4285714328
94721  -32.642  -16.344  -23.251 0.4285714328
94737  -34.014  -16.590  -24.597 0.4285714328
87191  -26.895  -22.062  -19.602 0.2857142985
88570  -32.246  -21.577  -21.649 0.2857142985
88572  -33.441  -21.167  -22.648 0.2857142985
88546  -31.057  -20.996  -20.735 0.2857142985
87213  -30.660  -21.867  -21.072 0.2857142985
92259  -34.178  -18.331  -23.051 0.4285714328
84483  -25.005  -25.164  -19.606 0.1428571492
85804  -26.418  -23.399  -19.652 0.2857142985
85817  -27.345  -23.421  -20.297 0.2857142985
84522  -27.834  -24.394  -21.751 0.2857142985
79441  -19.898  -28.156  -16.930 0.1428571492
80743  -18.560  -27.550  -16.391 0.1428571492
79442  -20.535  -28.324  -17.360 0.1428571492
97146  -31.634  -15.285  -26.386 0.2857142985
79443  -21.381  -28.484  -17.460 0.1428571492
79456  -22.870  -28.047  -18.482 0.1428571492
120994  -25.288  6.093  -27.542 0.1428571492
112085  -21.859  -1.512  -29.061 0.5714285970
109901  -21.849  -3.589  -29.701 0.4285714328
110999  -21.673  -2.869  -30.031 0.4285714328
112099  -22.375  -2.185  -29.765 0.5714285970
108809  -22.282  -3.969  -29.443 0.4285714328
112086  -22.932  -1.775  -28.791 0.4285714328
106683  -21.802  -6.331  -28.868 0.4285714328
106696  -22.526  -5.878  -29.426 0.4285714328
107763  -21.291  -5.361  -29.369 0.4285714328
107774  -21.967  -4.959  -29.371 0.5714285970
108799  -23.383  -3.725  -29.567 0.5714285970
111000  -23.000  -3.268  -29.645 0.5714285970
105573  -23.165  -7.537  -27.482 0.5714285970
88598  -35.039  -21.798  -24.483 0.1428571492
88584  -34.954  -20.880  -23.883 0.1428571492
91080  -35.609  -19.459  -23.825 0.1428571492
88501  -20.441  -21.345  -18.205 0.2857142985
85880  -35.122  -23.141  -24.920 0.1428571492
87253  -34.851  -22.548  -25.069 0.1428571492
84573  -35.074  -23.653  -24.400 0.1428571492
87254  -35.500  -22.613  -25.434 0.1428571492
85870  -35.658  -23.403  -23.967 0.1428571492
87236  -31.781  -22.673  -24.801 0.1428571492
87266  -32.600  -23.223  -25.497 0.1428571492
87237  -32.381  -22.630  -24.223 0.1428571492
85879  -33.635  -23.766  -25.142 0.1428571492
84558  -34.269  -25.196  -23.624 0.1428571492
84486  -33.772  -24.726  -19.942 0.1428571492
84542  -34.070  -24.776  -22.695 0.1428571492
84508  -34.222  -24.146  -20.644 0.1428571492
88477  -20.225  -21.633  -17.400 0.2857142985
88500  -19.726  -21.008  -17.707 0.2857142985
84539  -28.154  -24.538  -23.995 0.1428571492
85864  -29.419  -24.100  -24.411 0.1428571492
85865  -30.302  -23.560  -24.032 0.1428571492
84556  -31.084  -23.434  -23.543 0.1428571492
85878  -32.657  -24.341  -25.018 0.1428571492
85892  -30.978  -23.636  -25.708 0.1428571492
84572  -34.097  -25.074  -24.227 0.1428571492
85894  -32.741  -23.673  -25.368 0.1428571492
160749  -34.002  -26.937  -24.112 0.1428571492
84523  -33.613  -25.733  -21.625 0.1428571492
83226  -33.402  -25.600  -20.221 0.1428571492
87159  -19.930  -22.073  -17.080 0.2857142985
88476  -19.236  -21.399  -17.073 0.2857142985
88457  -19.095  -22.016  -16.755 0.2857142985
84537  -26.923  -24.741  -22.891 0.1428571492
83268  -28.707  -25.313  -23.880 0.1428571492
84566  -28.781  -25.004  -24.254 0.1428571492
84568  -30.081  -24.598  -24.909 0.1428571492
84570  -32.465  -25.573  -24.301 0.1428571492
85891  -30.553  -24.026  -25.487 0.1428571492
160750  -33.819  -27.058  -24.518 0.1428571492
79481  -33.792  -27.430  -22.187 0.1428571492
160742  -34.388  -27.438  -23.997 0.1428571492
83187  -34.182  -24.997  -18.474 0.1428571492
83208  -33.639  -25.482  -19.120 0.1428571492
84504  -26.768  -24.660  -20.802 0.1428571492
84552  -27.334  -25.371  -23.413 0.1428571492
83245  -27.599  -25.734  -22.241 0.1428571492
83261  -30.200  -25.238  -23.366 0.1428571492
83260  -29.298  -25.370  -23.294 0.1428571492
160732  -32.413  -27.145  -24.278 0.1428571492
83270  -30.115  -25.105  -24.227 0.1428571492
160737  -32.928  -27.897  -24.608 0.1428571492
160736  -31.393  -25.381  -24.699 0.1428571492
160734  -33.325  -27.737  -24.744 0.1428571492
80818  -33.249  -27.007  -21.193 0.1428571492
79491  -34.484  -28.398  -23.310 0.1428571492
81983  -33.427  -26.451  -18.549 0.1428571492
82002  -33.188  -26.363  -19.483 0.1428571492
83232  -27.510  -25.566  -21.495 0.1428571492
83236  -30.842  -25.743  -21.685 0.1428571492
83248  -30.117  -25.369  -22.482 0.1428571492
83246  -28.300  -25.596  -22.384 0.1428571492
160744  -31.124  -25.488  -23.610 0.1428571492
83259  -28.300  -25.546  -23.306 0.1428571492
79510  -32.970  -28.996  -24.565 0.1428571492
160731  -32.239  -27.506  -23.509 0.1428571492
79511  -33.461  -29.254  -24.943 0.1428571492
78153  -34.511  -29.463  -23.674 0.1428571492
79512  -34.099  -28.628  -24.889 0.1428571492
82013  -30.979  -26.400  -20.824 0.1428571492
83235  -29.994  -25.432  -21.615 0.1428571492
83234  -29.093  -25.325  -21.563 0.1428571492
79480  -32.129  -27.740  -22.142 0.1428571492
80816  -31.917  -26.447  -21.969 0.1428571492
79499  -32.556  -28.461  -23.827 0.1428571492
78152  -34.393  -29.393  -22.882 0.1428571492
78175  -34.019  -30.399  -25.142 0.1428571492
83269  -29.394  -25.191  -23.993 0.1428571492
80826  -32.099  -26.328  -23.568 0.1428571492
85851  -30.419  -23.731  -22.879 0.1428571492
83186  -33.836  -25.802  -18.121 0.1428571492
84450  -34.602  -24.329  -17.991 0.1428571492
83262  -34.167  -26.086  -22.714 0.1428571492
87238  -33.909  -22.191  -23.936 0.1428571492
160826  -35.600  -21.696  -24.598 0.1428571492
87158  -19.508  -22.173  -16.833 0.2857142985
78144  -33.915  -29.232  -22.112 0.1428571492
80811  -32.779  -27.562  -19.974 0.1428571492
83164  -34.222  -25.555  -17.420 0.1428571492
85790  -34.855  -23.405  -17.583 0.1428571492
106673  -22.534  -6.985  -28.592 0.4285714328
84467  -34.499  -24.075  -18.943 0.1428571492
84507  -33.582  -24.828  -20.772 0.1428571492
83209  -34.049  -24.629  -19.232 0.1428571492
85855  -35.013  -23.475  -22.984 0.1428571492
85822  -34.784  -23.425  -20.524 0.1428571492
160827  -36.069  -20.812  -24.129 0.1428571492
113268  -21.359  -0.782  -28.607 0.4285714328
114493  -22.528  -0.100  -28.211 0.4285714328
117933  -28.910  4.432  -32.903 0.1428571492
87239  -34.725  -21.912  -24.340 0.1428571492
84520  -26.934  -25.099  -22.039 0.1428571492
85849  -27.728  -24.507  -22.814 0.1428571492
85867  -31.817  -22.786  -23.736 0.1428571492
93485  -35.320  -17.458  -23.985 0.1428571492
94738  -34.855  -16.802  -24.718 0.1428571492
85895  -35.573  -23.053  -25.718 0.1428571492
84559  -34.712  -24.239  -24.048 0.1428571492
87252  -33.250  -22.854  -24.935 0.1428571492
85869  -34.655  -24.156  -23.678 0.1428571492
160829  -36.195  -22.158  -24.790 0.1428571492
85882  -36.880  -22.927  -24.070 0.1428571492
85854  -34.279  -24.334  -23.309 0.1428571492
85877  -30.716  -23.100  -25.080 0.1428571492
87265  -31.689  -23.088  -25.590 0.1428571492
87251  -32.164  -22.778  -25.171 0.1428571492
84557  -34.172  -25.033  -23.222 0.1428571492
160739  -33.971  -26.840  -22.841 0.1428571492
84571  -33.323  -25.378  -24.426 0.1428571492
84524  -34.048  -24.465  -21.326 0.1428571492
84538  -27.622  -24.632  -23.619 0.1428571492
85850  -28.869  -24.256  -23.368 0.1428571492
85876  -30.166  -23.841  -25.066 0.1428571492
83275  -31.164  -24.910  -25.315 0.1428571492
80827  -34.245  -27.825  -22.932 0.1428571492
84569  -30.481  -24.776  -25.273 0.1428571492
160747  -33.139  -26.971  -24.667 0.1428571492
79500  -34.589  -28.305  -24.133 0.1428571492
79490  -34.259  -28.452  -22.675 0.1428571492
83231  -26.974  -25.345  -21.349 0.1428571492
83233  -28.229  -25.518  -21.547 0.1428571492
160743  -30.992  -25.465  -22.563 0.1428571492
83247  -29.174  -25.400  -22.460 0.1428571492
78167  -33.021  -30.124  -24.881 0.1428571492
78161  -34.431  -29.736  -24.438 0.1428571492
76831  -34.346  -30.417  -23.214 0.1428571492
80817  -32.166  -27.251  -22.796 0.1428571492
84385  -15.985  -24.552  -14.720 0.1428571492
83138  -16.922  -25.237  -15.786 0.1428571492
85710  -16.180  -23.555  -14.209 0.1428571492
84405  -16.485  -24.835  -15.579 0.1428571492
83139  -17.453  -25.556  -15.838 0.1428571492
84428  -17.069  -24.789  -15.882 0.1428571492
85756  -17.339  -24.124  -16.006 0.1428571492
87121  -17.621  -22.552  -15.579 0.1428571492
87122  -18.365  -22.534  -15.716 0.1428571492
85733  -18.635  -23.286  -15.642 0.1428571492
87136  -19.278  -22.547  -16.272 0.1428571492
88440  -18.272  -21.643  -15.682 0.1428571492
87135  -18.728  -22.308  -16.052 0.1428571492
88456  -18.687  -21.738  -16.383 0.1428571492
89684  -18.322  -20.850  -16.021 0.1428571492
89701  -18.439  -20.777  -16.500 0.1428571492
89703  -19.063  -20.701  -17.668 0.1428571492
89717  -19.362  -20.527  -18.472 0.1428571492
89718  -20.194  -20.910  -19.029 0.1428571492
89716  -18.543  -20.309  -17.963 0.2857142985
89733  -20.598  -21.025  -19.873 0.2857142985
92231  -21.193  -18.994  -22.265 0.4285714328
91075  -22.939  -18.682  -22.939 0.4285714328
92251  -22.323  -18.275  -22.902 0.4285714328
104480  -22.694  -8.205  -27.411 0.2857142985
105571  -22.004  -7.644  -27.794 0.2857142985
110966  -19.873  -2.585  -27.796 0.2857142985
110983  -20.318  -2.366  -28.688 0.2857142985
112097  -20.861  -2.039  -29.051 0.2857142985
112083  -20.589  -1.581  -28.758 0.4285714328
88522  -20.827  -21.459  -18.996 0.1428571492
85731  -17.007  -23.344  -15.884 0.1428571492
89702  -18.436  -20.494  -17.131 0.1428571492
90997  -18.301  -19.707  -18.611 0.2857142985
90998  -18.963  -20.087  -19.046 0.2857142985
89732  -19.513  -20.383  -19.579 0.2857142985
89774  -20.956  -20.319  -21.305 0.4285714328
91037  -20.282  -19.491  -21.378 0.4285714328
93432  -20.037  -17.516  -21.477 0.2857142985
103351  -22.422  -9.106  -26.708 0.2857142985
105560  -21.340  -7.520  -27.162 0.2857142985
104479  -22.300  -8.067  -27.571 0.2857142985
106662  -20.982  -6.784  -27.016 0.2857142985
106672  -21.604  -6.525  -27.845 0.2857142985
107752  -21.333  -5.819  -29.094 0.2857142985
109877  -20.263  -3.693  -27.904 0.2857142985
109862  -19.868  -3.350  -26.920 0.2857142985
110984  -20.287  -3.034  -28.500 0.2857142985
89751  -19.872  -20.381  -20.690 0.2857142985
104466  -21.854  -8.497  -26.891 0.2857142985
104465  -21.067  -8.026  -26.640 0.2857142985
106671  -20.828  -6.113  -27.263 0.2857142985
108769  -19.902  -4.541  -26.515 0.2857142985
107742  -21.419  -5.791  -28.554 0.2857142985
107741  -21.043  -5.388  -27.890 0.2857142985
109863  -20.288  -3.972  -27.112 0.2857142985
108798  -20.759  -4.610  -29.330 0.2857142985
106661  -20.262  -6.401  -26.499 0.2857142985
107728  -19.825  -5.550  -26.368 0.2857142985
107729  -20.455  -5.401  -26.936 0.2857142985
91056  -21.733  -19.250  -22.192 0.4285714328
87123  -18.899  -22.739  -15.781 0.1428571492
89752  -20.828  -20.571  -20.779 0.4285714328
109891  -20.524  -3.747  -28.967 0.2857142985
108785  -20.534  -4.627  -28.478 0.2857142985
88475  -18.552  -21.022  -16.635 0.1428571492
88455  -18.457  -21.090  -16.286 0.1428571492
85755  -16.775  -24.158  -15.828 0.1428571492
85732  -17.872  -23.438  -15.766 0.1428571492
92230  -20.642  -18.637  -21.809 0.4285714328
109876  -20.042  -3.168  -27.660 0.2857142985
89772  -19.966  -19.984  -21.217 0.4285714328
108749  -19.485  -5.141  -26.161 0.2857142985
93434  -21.236  -16.976  -22.316 0.2857142985
93451  -21.317  -17.962  -22.499 0.2857142985
94711  -22.217  -16.320  -23.398 0.2857142985
161429  -28.753  5.791  -30.168 0.1428571492
161430  -29.045  5.621  -30.638 0.1428571492
161454  -28.528  5.237  -30.642 0.1428571492
161432  -28.484  4.574  -31.002 0.1428571492
161473  -28.839  6.114  -29.707 0.1428571492
122004  -25.872  7.693  -29.711 0.1428571492
94710  -21.668  -16.344  -23.049 0.2857142985
95895  -21.179  -15.537  -22.869 0.2857142985
118957  -28.502  4.869  -32.150 0.1428571492
161491  -29.349  5.581  -31.295 0.1428571492
119994  -28.462  4.983  -31.888 0.1428571492
161464  -27.509  6.309  -29.600 0.1428571492
121020  -26.603  7.060  -29.785 0.1428571492
92250  -21.661  -18.527  -22.575 0.2857142985
161465  -28.242  6.249  -30.079 0.1428571492
161431  -28.883  5.501  -31.047 0.1428571492
121022  -28.479  6.814  -29.506 0.1428571492
161472  -28.374  5.006  -31.782 0.1428571492
105549  -19.889  -7.233  -25.905 0.1428571492
105559  -20.716  -7.394  -26.469 0.1428571492
106645  -19.740  -6.579  -26.069 0.1428571492
108733  -18.279  -4.535  -25.007 0.1428571492
109846  -17.886  -3.415  -25.573 0.1428571492
108768  -19.070  -3.896  -26.323 0.1428571492
110943  -17.670  -2.418  -25.257 0.1428571492
112062  -18.490  -1.837  -26.445 0.1428571492
112061  -17.649  -1.344  -26.025 0.2857142985
98321  -21.416  -13.343  -24.157 0.1428571492
103335  -21.307  -9.507  -25.501 0.1428571492
104452  -20.650  -8.402  -25.718 0.1428571492
104484  -30.927  -8.255  -27.090 0.1428571492
109861  -18.859  -3.235  -26.567 0.1428571492
112073  -19.231  -1.524  -27.217 0.1428571492
112072  -18.302  -0.964  -26.797 0.2857142985
113257  -18.660  -0.332  -27.541 0.2857142985
117891  -20.458  2.724  -26.117 0.2857142985
116814  -19.558  2.648  -25.194 0.2857142985
117868  -21.359  4.146  -25.687 0.2857142985
121911  -23.220  7.434  -23.974 0.1428571492
113267  -20.499  -0.873  -28.451 0.2857142985
114490  -20.102  -0.063  -28.138 0.2857142985
114480  -22.330  0.648  -28.177 0.2857142985
115673  -20.017  1.359  -27.260 0.2857142985
115660  -18.854  1.583  -26.545 0.2857142985
116838  -22.211  1.768  -26.712 0.2857142985
116836  -20.080  2.025  -26.755 0.2857142985
116815  -19.522  2.233  -25.740 0.2857142985
116829  -22.340  2.684  -26.510 0.2857142985
119947  -22.637  5.575  -25.615 0.1428571492
118882  -20.525  3.639  -24.691 0.2857142985
119950  -25.538  6.081  -25.444 0.1428571492
120963  -26.306  6.497  -26.098 0.1428571492
116800  -18.950  2.662  -24.960 0.1428571492
115629  -18.122  1.364  -25.081 0.1428571492
118894  -19.862  3.168  -25.129 0.2857142985
118885  -21.600  5.302  -25.303 0.1428571492
119944  -20.386  4.678  -25.149 0.2857142985
120944  -22.401  6.561  -25.146 0.1428571492
119904  -20.792  5.671  -23.779 0.1428571492
110932  -17.721  -2.386  -24.595 0.2857142985
118863  -20.429  4.277  -23.881 0.1428571492
121910  -22.365  7.402  -23.193 0.1428571492
119889  -20.636  5.535  -22.984 0.1428571492
110923  -18.962  -2.515  -24.030 0.1428571492
105584  -30.797  -7.687  -28.576 0.1428571492
99617  -30.593  -12.397  -27.673 0.1428571492
104483  -30.805  -8.665  -27.814 0.1428571492
104451  -19.723  -7.880  -25.470 0.1428571492
106643  -18.727  -6.421  -25.028 0.1428571492
107708  -18.933  -5.676  -25.364 0.1428571492
107709  -19.369  -5.631  -25.886 0.1428571492
108767  -18.577  -3.592  -26.282 0.1428571492
110955  -19.312  -2.541  -26.811 0.1428571492
112049  -17.135  -1.257  -24.776 0.2857142985
113256  -18.005  -0.176  -26.947 0.1428571492
114475  -17.803  0.387  -26.654 0.1428571492
114476  -18.293  0.760  -27.283 0.2857142985
115646  -18.606  1.585  -25.706 0.1428571492
115672  -19.098  1.306  -27.263 0.1428571492
118833  -19.940  4.629  -22.939 0.1428571492
118864  -20.607  3.698  -24.022 0.2857142985
119903  -20.033  5.114  -24.160 0.1428571492
119905  -21.236  6.287  -24.023 0.1428571492
120960  -22.855  6.128  -25.532 0.1428571492
121923  -21.773  7.415  -23.524 0.1428571492
121924  -22.340  7.386  -24.224 0.1428571492
102101  -30.434  -10.614  -27.853 0.1428571492
103355  -30.617  -9.617  -27.206 0.1428571492
103358  -30.626  -9.834  -28.493 0.1428571492
115675  -22.216  1.261  -27.518 0.2857142985
116839  -22.819  2.323  -27.074 0.2857142985
120945  -23.130  6.767  -25.135 0.1428571492
121926  -23.961  7.332  -25.009 0.1428571492
117880  -21.040  2.617  -26.205 0.2857142985
118898  -21.347  4.817  -25.424 0.2857142985
118899  -22.149  4.789  -25.527 0.2857142985
120943  -21.580  6.868  -24.249 0.1428571492
119951  -25.956  6.255  -25.836 0.1428571492
100820  -21.562  -11.439  -24.674 0.1428571492
103336  -22.148  -9.614  -26.208 0.1428571492
98367  -30.868  -13.290  -27.520 0.1428571492
114491  -20.923  -0.157  -28.072 0.2857142985
112082  -20.008  -1.632  -28.336 0.1428571492
106660  -19.659  -6.140  -26.120 0.1428571492
108748  -18.987  -4.813  -25.792 0.1428571492
105548  -19.178  -7.315  -25.162 0.1428571492
108747  -18.446  -3.920  -25.881 0.1428571492
109860  -18.244  -3.266  -26.240 0.1428571492
104453  -21.638  -8.895  -25.934 0.1428571492
110953  -17.964  -2.524  -26.066 0.1428571492
112063  -18.966  -2.118  -26.611 0.1428571492
112071  -17.854  -0.693  -26.571 0.2857142985
114477  -19.339  0.517  -27.849 0.2857142985
113266  -19.584  -0.624  -28.005 0.2857142985
117866  -20.278  3.291  -25.597 0.2857142985
116828  -22.095  2.129  -26.365 0.2857142985
118896  -20.576  4.068  -25.265 0.2857142985
114478  -20.450  0.535  -27.722 0.2857142985
114479  -21.458  0.579  -27.885 0.2857142985
115674  -21.196  1.147  -27.253 0.2857142985
115661  -19.496  1.752  -26.706 0.2857142985
116837  -21.142  1.990  -26.908 0.2857142985
119927  -21.328  5.737  -24.795 0.1428571492
119902  -20.299  4.510  -24.329 0.2857142985
120979  -25.371  6.595  -27.340 0.1428571492
119926  -20.470  5.226  -24.674 0.2857142985
113255  -17.646  -0.296  -26.307 0.1428571492
114464  -18.036  1.052  -26.350 0.2857142985
120924  -21.394  6.618  -23.216 0.1428571492
92176  -17.264  -18.407  -17.728 0.1428571492
91007  -18.705  -19.667  -19.451 0.1428571492
93367  -17.021  -17.751  -18.122 0.1428571492
93384  -16.222  -17.115  -18.908 0.1428571492
94652  -16.430  -16.454  -19.495 0.1428571492
92207  -17.649  -18.311  -19.617 0.1428571492
94653  -17.092  -16.625  -20.017 0.1428571492
92215  -18.293  -18.098  -19.960 0.1428571492
91017  -19.149  -19.621  -20.214 0.1428571492
94670  -17.988  -16.632  -20.073 0.1428571492
93420  -18.529  -17.448  -20.192 0.1428571492
93421  -19.334  -17.493  -20.715 0.1428571492
92229  -19.794  -18.555  -21.185 0.1428571492
95850  -17.745  -16.104  -19.595 0.1428571492
94671  -18.879  -16.507  -20.263 0.1428571492
94694  -20.672  -16.072  -22.034 0.1428571492
97101  -21.197  -14.902  -23.247 0.1428571492
92208  -18.567  -18.834  -19.741 0.1428571492
90962  -17.560  -19.000  -17.284 0.1428571492
92206  -17.082  -18.365  -19.144 0.1428571492
117853  -20.167  3.075  -24.114 0.1428571492
93433  -20.951  -17.496  -22.083 0.1428571492
90996  -17.577  -18.912  -18.800 0.1428571492
90980  -17.471  -19.147  -18.112 0.1428571492
91036  -19.691  -19.474  -20.877 0.1428571492
94685  -20.311  -16.434  -21.618 0.1428571492
92192  -17.152  -18.419  -18.466 0.1428571492
91005  -17.575  -18.661  -19.198 0.1428571492
94614  -15.970  -16.278  -17.955 0.1428571492
93404  -16.713  -17.457  -19.548 0.1428571492
93405  -17.571  -17.498  -20.157 0.1428571492
95865  -18.411  -15.603  -19.933 0.1428571492
92216  -19.061  -18.518  -20.417 0.1428571492
94684  -19.559  -16.460  -20.944 0.1428571492
97048  -16.965  -15.256  -19.011 0.1428571492
92162  -18.021  -18.406  -16.516 0.1428571492
76824  -34.042  -30.414  -22.499 0.1428571492
76843  -34.290  -30.508  -24.794 0.1428571492
76847  -34.179  -30.517  -25.028 0.1428571492
78168  -33.761  -30.167  -25.071 0.1428571492
78169  -34.153  -29.996  -24.917 0.1428571492
78174  -33.914  -30.616  -25.203 0.1428571492
79453  -20.948  -28.140  -17.951 0.1428571492
80803  -32.736  -27.637  -19.346 0.1428571492
80812  -33.001  -27.375  -20.519 0.1428571492
81932  -18.798  -26.602  -16.539 0.4285714328
81952  -20.314  -27.140  -17.525 0.1428571492
81953  -20.820  -26.682  -17.804 0.4285714328
81974  -21.477  -26.606  -18.927 0.2857142985
82001  -32.837  -27.032  -19.718 0.1428571492
82014  -32.861  -27.127  -20.182 0.1428571492
82015  -33.149  -26.606  -20.423 0.1428571492
83163  -33.965  -25.952  -17.708 0.1428571492
83181  -22.302  -25.539  -18.952 0.2857142985
83198  -21.853  -25.930  -19.357 0.2857142985
83244  -27.118  -25.541  -22.158 0.1428571492
83257  -27.175  -25.771  -22.693 0.1428571492
83258  -27.577  -25.776  -22.932 0.1428571492
83271  -30.577  -25.260  -24.788 0.1428571492
83274  -30.853  -25.041  -25.246 0.1428571492
84407  -18.952  -23.766  -15.604 0.2857142985
84487  -34.320  -23.984  -19.803 0.1428571492
84506  -28.132  -24.121  -21.457 0.2857142985
84536  -26.877  -25.482  -22.792 0.1428571492
84540  -31.086  -23.772  -22.927 0.2857142985
84543  -34.175  -24.289  -22.057 0.1428571492
84551  -27.122  -25.752  -23.057 0.1428571492
84553  -28.022  -25.101  -24.143 0.1428571492
84554  -28.691  -24.560  -24.199 0.1428571492
84555  -30.851  -23.670  -23.279 0.2857142985
84567  -29.429  -24.666  -24.419 0.1428571492
84579  -30.385  -24.318  -25.323 0.1428571492
84580  -30.831  -24.472  -25.510 0.1428571492
84581  -31.640  -24.566  -25.279 0.1428571492
85784  -23.635  -23.325  -17.918 0.1428571492
85821  -30.970  -22.537  -21.348 0.2857142985
85833  -27.675  -24.508  -22.238 0.1428571492
85848  -27.332  -24.576  -22.509 0.1428571492
85866  -31.320  -22.913  -24.238 0.1428571492
85868  -34.322  -24.691  -23.537 0.1428571492
85875  -29.718  -24.258  -24.773 0.1428571492
85893  -32.045  -23.691  -25.507 0.1428571492
85896  -36.111  -22.886  -25.482 0.1428571492
87203  -30.706  -22.304  -21.214 0.2857142985
87214  -31.169  -22.077  -21.391 0.2857142985
87227  -33.577  -21.797  -23.218 0.1428571492
87240  -36.521  -23.002  -23.723 0.1428571492
87250  -31.410  -22.767  -25.190 0.1428571492
87264  -31.091  -22.967  -25.593 0.1428571492
87267  -35.362  -22.918  -25.482 0.1428571492
87268  -35.570  -22.787  -25.624 0.1428571492
88441  -18.524  -22.012  -15.939 0.1428571492
88459  -21.245  -22.293  -16.853 0.4285714328
88474  -18.435  -20.970  -16.441 0.1428571492
88559  -30.996  -21.511  -21.014 0.2857142985
88561  -32.389  -21.014  -21.611 0.2857142985
89740  -27.308  -21.118  -20.037 0.2857142985
89756  -24.277  -20.323  -20.483 0.5714285970
89761  -30.552  -20.391  -20.622 0.4285714328
89773  -20.462  -20.194  -21.294 0.4285714328
89776  -23.990  -20.137  -20.864 0.5714285970
89778  -32.544  -20.264  -21.790 0.2857142985
89789  -34.419  -19.953  -23.168 0.2857142985
91006  -18.093  -18.985  -19.199 0.1428571492
91008  -25.047  -20.549  -20.180 0.5714285970
91009  -25.312  -20.444  -20.091 0.5714285970
91018  -21.481  -20.054  -21.381 0.5714285970
91019  -21.839  -19.927  -21.242 0.5714285970
91048  -32.755  -19.659  -21.956 0.4285714328
91058  -23.363  -18.919  -22.440 0.5714285970
91061  -33.308  -19.306  -22.218 0.4285714328
91078  -34.626  -19.085  -23.219 0.2857142985
92218  -29.374  -18.970  -20.765 0.7142857313
92239  -30.537  -18.113  -21.271 0.5714285970
92249  -21.118  -18.352  -22.310 0.2857142985
92256  -30.357  -17.484  -21.807 0.7142857313
92272  -24.703  -18.134  -23.273 0.7142857313
93351  -16.942  -17.141  -17.918 0.1428571492
93403  -16.233  -16.868  -19.254 0.1428571492
93439  -29.521  -17.704  -21.698 0.7142857313
93442  -32.512  -18.040  -22.054 0.4285714328
93453  -22.330  -17.743  -23.131 0.4285714328
93455  -26.338  -17.345  -23.085 0.8571428657
93462  -33.713  -17.819  -22.998 0.4285714328
93473  -21.950  -16.847  -23.265 0.2857142985
93477  -25.260  -17.513  -23.328 0.4285714328
93479  -28.674  -16.595  -23.490 0.7142857313
93480  -29.328  -16.792  -23.295 0.7142857313
93483  -33.440  -17.223  -23.297 0.4285714328
93484  -34.249  -17.604  -23.451 0.4285714328
93491  -28.831  -16.385  -23.673 0.7142857313
94592  -16.382  -16.239  -17.788 0.1428571492
94634  -15.890  -16.210  -18.348 0.1428571492
94635  -16.169  -16.599  -18.430 0.1428571492
94686  -20.948  -16.655  -22.029 0.2857142985
94697  -26.775  -17.003  -23.371 0.8571428657
94699  -30.582  -16.624  -22.877 0.5714285970
94718  -29.588  -16.405  -23.548 0.7142857313
94723  -33.734  -16.919  -23.934 0.4285714328
94733  -28.532  -16.200  -23.766 0.8571428657
94736  -33.218  -16.361  -24.499 0.4285714328
94748  -34.262  -16.376  -25.343 0.1428571492
95782  -16.299  -16.027  -17.680 0.1428571492
95806  -16.062  -15.994  -17.727 0.1428571492
95849  -17.113  -15.773  -19.455 0.1428571492
95897  -32.239  -15.593  -23.014 0.4285714328
95915  -29.735  -16.105  -23.818 0.7142857313
95930  -27.839  -15.388  -23.858 0.8571428657
95950  -32.512  -15.848  -25.773 0.4285714328
97102  -31.765  -15.189  -23.184 0.5714285970
97103  -32.253  -15.201  -23.486 0.4285714328
97120  -28.236  -13.669  -24.097 0.8571428657
97121  -31.982  -15.072  -23.652 0.4285714328
97122  -32.356  -15.884  -23.442 0.4285714328
97131  -23.083  -13.938  -24.249 0.5714285970
97134  -28.127  -14.868  -23.948 0.8571428657
97145  -31.176  -14.927  -26.255 0.2857142985
97156  -31.033  -14.342  -26.690 0.2857142985
97157  -32.012  -14.706  -26.937 0.1428571492
98336  -24.286  -13.259  -23.759 0.5714285970
98346  -22.194  -12.405  -24.534 0.4285714328
98347  -22.429  -12.505  -24.500 0.4285714328
98357  -30.281  -13.569  -26.918 0.2857142985
98358  -30.909  -13.934  -27.168 0.2857142985
99575  -24.715  -12.931  -23.672 0.7142857313
99577  -26.378  -12.853  -23.314 0.7142857313
99588  -22.800  -12.127  -24.553 0.4285714328
99591  -24.832  -12.494  -23.749 0.7142857313
99616  -30.304  -12.939  -27.130 0.2857142985
100796  -27.441  -12.067  -23.420 0.8571428657
100806  -22.843  -11.751  -24.673 0.5714285970
100814  -30.178  -11.653  -24.403 0.7142857313
100823  -23.947  -10.980  -25.414 0.5714285970
102075  -30.124  -11.055  -24.762 0.5714285970
102086  -23.594  -10.418  -25.736 0.5714285970
102090  -29.852  -10.471  -24.679 0.5714285970
102098  -23.490  -9.827  -26.192 0.4285714328
103340  -25.437  -9.153  -24.788 0.8571428657
103341  -29.555  -10.041  -24.568 0.7142857313
104456  -26.230  -8.222  -24.888 1.0000000000
104467  -22.763  -8.737  -26.979 0.4285714328
104469  -23.992  -8.366  -26.111 0.8571428657
104470  -30.671  -8.534  -26.677 0.4285714328
104471  -30.842  -8.233  -26.823 0.1428571492
104481  -23.240  -8.119  -27.015 0.2857142985
105551  -24.956  -7.570  -25.622 1.0000000000
105553  -30.545  -7.349  -25.337 0.4285714328
105564  -30.815  -8.096  -26.643 0.4285714328
105572  -22.672  -7.608  -27.861 0.2857142985
105576  -31.016  -8.038  -26.815 0.4285714328
106630  -29.254  -6.711  -24.200 0.8571428657
106644  -19.336  -6.440  -25.641 0.1428571492
106649  -30.915  -6.579  -25.530 0.2857142985
106650  -31.153  -6.236  -26.051 0.4285714328
106674  -23.223  -7.031  -28.168 0.8571428657
106684  -22.471  -6.311  -29.166 0.7142857313
106694  -21.519  -5.592  -29.402 0.4285714328
106695  -21.743  -5.855  -29.393 0.4285714328
106697  -22.995  -5.598  -29.318 0.4285714328
106705  -21.668  -5.397  -29.428 0.4285714328
106706  -22.146  -5.459  -29.443 0.4285714328
106707  -22.625  -5.482  -29.422 0.4285714328
106708  -22.862  -5.255  -29.384 0.8571428657
107700  -31.205  -5.756  -25.478 0.4285714328
107714  -27.059  -5.152  -25.058 0.8571428657
107716  -28.630  -4.843  -24.338 0.8571428657
107732  -31.362  -5.437  -26.507 0.1428571492
107744  -23.202  -5.808  -28.211 1.0000000000
107751  -20.778  -5.452  -28.915 0.4285714328
107755  -23.016  -4.713  -29.339 0.8571428657
107757  -31.235  -5.154  -28.451 0.1428571492
107764  -21.407  -5.715  -29.305 0.4285714328
107765  -23.103  -5.243  -29.311 0.8571428657
107773  -21.598  -4.948  -29.427 0.5714285970
107775  -22.375  -4.792  -29.389 0.5714285970
108741  -30.912  -5.429  -25.802 0.4285714328
108742  -31.123  -5.464  -25.654 0.4285714328
108754  -27.184  -4.153  -24.180 0.8571428657
108758  -30.768  -4.188  -25.358 0.2857142985
108770  -20.462  -4.580  -27.457 0.2857142985
108808  -21.479  -4.381  -29.488 0.4285714328
108818  -21.914  -4.549  -29.408 0.5714285970
108819  -22.465  -4.502  -29.343 0.5714285970
109851  -27.265  -3.383  -25.104 0.7142857313
109866  -31.260  -3.429  -26.016 0.2857142985
109878  -23.861  -3.406  -27.800 1.0000000000
109900  -21.053  -3.676  -29.713 0.2857142985
110946  -25.938  -2.261  -25.671 0.8571428657
110949  -27.635  -2.113  -25.911 0.8571428657
110951  -31.082  -2.561  -25.530 0.1428571492
110952  -31.402  -2.208  -26.039 0.1428571492
110954  -18.572  -2.619  -26.494 0.1428571492
110956  -24.813  -2.347  -26.789 0.8571428657
110958  -26.031  -1.805  -25.967 0.8571428657
110967  -20.086  -3.116  -27.998 0.2857142985
110971  -25.706  -1.853  -26.189 0.8571428657
110986  -24.204  -3.539  -29.737 1.0000000000
110987  -31.514  -2.463  -28.180 0.1428571492
110997  -20.622  -2.285  -28.998 0.2857142985
110998  -20.694  -2.722  -29.380 0.4285714328
112056  -27.545  -0.644  -25.435 0.5714285970
112059  -31.409  -2.060  -25.858 0.1428571492
112064  -24.876  -1.905  -26.834 0.8571428657
112065  -25.112  -2.047  -26.641 0.8571428657
112066  -25.553  -1.117  -25.416 0.5714285970
112077  -25.670  -1.430  -26.164 0.8571428657
112078  -30.843  -1.159  -26.644 0.1428571492
112079  -31.156  -1.649  -26.696 0.1428571492
112084  -21.071  -1.442  -28.993 0.4285714328
112096  -20.479  -1.973  -28.808 0.1428571492
112098  -21.399  -2.098  -29.474 0.2857142985
112102  -31.877  -0.606  -28.729 0.1428571492
113239  -27.123  -0.043  -25.409 0.7142857313
113247  -26.499  -0.184  -25.651 0.7142857313
113249  -29.671  0.335  -25.445 0.4285714328
113250  -29.773  -0.567  -26.070 0.4285714328
113251  -30.503  -0.209  -26.632 0.2857142985
113258  -23.275  -0.521  -27.817 0.8571428657
113263  -30.959  -0.623  -27.139 0.1428571492
113270  -22.825  -0.622  -28.078 0.5714285970
113272  -31.837  -0.159  -28.455 0.1428571492
113277  -31.951  -0.178  -29.078 0.1428571492
114457  -27.429  -0.047  -25.153 0.5714285970
114459  -29.774  0.910  -25.458 0.5714285970
114460  -30.283  1.070  -25.612 0.4285714328
114467  -26.427  0.167  -26.053 0.7142857313
114470  -30.023  0.492  -25.669 0.4285714328
114482  -24.074  0.461  -27.103 0.5714285970
114485  -26.779  1.141  -26.411 0.8571428657
114486  -31.381  0.366  -27.540 0.1428571492
114492  -21.786  -0.096  -28.220 0.4285714328
114495  -31.705  0.270  -28.101 0.1428571492
114496  -31.978  0.594  -28.624 0.1428571492
115611  -18.124  1.351  -24.322 0.1428571492
115652  -29.662  1.307  -26.082 0.4285714328
115665  -26.555  1.896  -26.642 0.7142857313
115667  -28.619  1.944  -26.685 0.5714285970
115669  -30.770  1.233  -26.877 0.4285714328
115670  -31.175  0.818  -27.211 0.2857142985
115676  -22.972  1.485  -27.959 0.5714285970
115679  -25.712  1.417  -27.026 0.7142857313
115681  -26.749  1.512  -26.472 0.8571428657
115684  -30.337  1.811  -27.806 0.2857142985
115685  -31.101  1.157  -27.790 0.2857142985
115690  -31.902  1.104  -29.010 0.1428571492
116799  -18.974  2.943  -25.043 0.1428571492
116816  -20.045  2.779  -26.205 0.2857142985
116826  -19.415  1.967  -26.305 0.2857142985
116827  -19.907  2.271  -26.144 0.2857142985
116830  -22.549  3.030  -26.775 0.2857142985
116844  -29.384  2.533  -27.840 0.2857142985
116854  -29.342  3.017  -29.261 0.2857142985
116864  -31.153  2.681  -32.579 0.1428571492
116866  -30.960  3.057  -33.362 0.1428571492
117836  -20.525  3.156  -23.852 0.2857142985
117852  -19.543  3.027  -24.822 0.2857142985
117854  -20.706  3.302  -24.126 0.2857142985
117864  -19.717  3.032  -25.348 0.2857142985
117865  -19.952  3.044  -25.527 0.2857142985
117867  -20.878  3.818  -25.646 0.2857142985
117879  -20.362  3.042  -26.038 0.2857142985
117881  -22.180  3.187  -26.092 0.2857142985
117892  -20.809  2.216  -26.437 0.2857142985
117895  -24.040  2.804  -26.935 0.7142857313
117936  -30.596  3.338  -33.836 0.1428571492
117946  -30.333  3.479  -34.076 0.1428571492
118847  -20.035  4.529  -23.375 0.1428571492
118881  -19.942  3.296  -24.953 0.2857142985
118883  -20.647  3.423  -24.366 0.2857142985
118884  -21.313  5.320  -25.212 0.1428571492
118895  -20.235  3.913  -25.132 0.2857142985
118897  -20.880  4.460  -25.417 0.2857142985
118910  -22.854  4.619  -26.002 0.2857142985
119872  -19.789  4.885  -23.203 0.1428571492
119887  -19.954  4.776  -23.736 0.1428571492
119888  -20.124  5.195  -23.418 0.1428571492
119924  -20.334  4.207  -24.772 0.2857142985
119925  -20.106  4.678  -24.731 0.2857142985
119928  -21.987  5.648  -25.330 0.1428571492
119943  -20.293  4.296  -25.018 0.2857142985
119945  -20.803  5.112  -25.208 0.2857142985
119946  -21.080  5.267  -25.183 0.1428571492
119948  -23.147  5.778  -25.681 0.2857142985
120961  -23.328  6.369  -25.500 0.1428571492
120962  -24.529  7.130  -25.228 0.2857142985
121909  -21.771  7.568  -22.568 0.1428571492
121925  -23.214  7.164  -24.729 0.2857142985
121942  -24.073  6.993  -25.438 0.2857142985
121958  -23.825  6.679  -25.489 0.2857142985
121959  -24.096  6.666  -25.519 0.2857142985
122882  -21.911  8.028  -22.624 0.1428571492
160733  -33.445  -28.409  -24.779 0.1428571492
160735  -32.785  -27.448  -24.719 0.1428571492
160738  -33.787  -26.424  -22.227 0.1428571492
160740  -34.027  -27.003  -23.495 0.1428571492
160741  -34.303  -27.646  -24.424 0.1428571492
160745  -33.770  -28.059  -24.783 0.1428571492
160746  -33.678  -27.533  -24.747 0.1428571492
160748  -34.279  -27.985  -24.774 0.1428571492
160814  -37.287  -22.666  -23.752 0.1428571492
160825  -35.628  -22.366  -25.150 0.1428571492
160833  -35.838  -22.598  -25.446 0.1428571492
161193  -23.659  -3.833  -29.892 0.5714285970
161194  -23.213  -3.805  -29.395 0.5714285970
161195  -23.591  -3.625  -29.974 0.5714285970
161196  -23.454  -4.733  -28.550 0.8571428657
161197  -23.393  -3.517  -29.716 0.5714285970
161198  -24.071  -3.859  -30.233 0.5714285970
161199  -24.332  -3.357  -30.215 0.5714285970
161200  -23.860  -3.327  -30.327 0.5714285970
161201  -24.006  -2.993  -29.850 0.5714285970
161433  -29.045  5.574  -31.187 0.1428571492
161436  -29.151  5.561  -30.934 0.1428571492
161437  -29.175  5.601  -31.146 0.1428571492
161442  -29.172  5.579  -31.370 0.1428571492
161450  -28.999  5.816  -31.301 0.1428571492
161459  -30.968  2.755  -30.593 0.1428571492
161463  -28.802  5.433  -31.515 0.1428571492
161470  -30.034  2.153  -28.523 0.2857142985
161474  -29.172  5.605  -31.120 0.1428571492
161476  -30.901  2.933  -31.136 0.1428571492
161480  -29.210  3.362  -31.212 0.1428571492
161482  -28.939  5.561  -31.327 0.1428571492
161484  -29.122  3.444  -31.572 0.1428571492
161485  -28.927  5.523  -31.679 0.1428571492
161487  -29.143  5.820  -31.312 0.1428571492
161489  -29.097  5.571  -31.558 0.1428571492
