#!ascii label  , from subject HYGLY28_VISIT_2 vox2ras=TkReg
1588
126595  42.783  15.227  29.638 0.0000000000
126691  43.376  15.261  21.839 0.0000000000
132088  48.104  21.364  6.590 0.0000000000
125842  51.244  13.942  7.424 0.0000000000
120350  44.471  9.436  28.492 0.0000000000
131988  53.050  21.596  15.295 0.0000000000
123704  46.616  12.728  14.418 0.0000000000
126813  39.845  15.223  9.887 0.0000000000
130251  51.253  20.160  25.025 0.0000000000
126584  48.170  15.056  30.298 0.0000000000
121411  48.910  10.798  28.799 0.0000000000
132843  45.011  22.671  7.631 0.0000000000
123805  42.276  13.452  7.592 0.0000000000
130356  45.337  19.591  14.622 0.0000000000
121614  44.775  10.506  8.328 0.0000000000
129478  42.184  18.780  11.377 0.0000000000
128416  48.790  17.256  31.441 0.0000000000
125588  46.246  14.025  31.428 0.0000000000
119236  48.971  8.609  29.427 0.0000000000
161559  50.499  23.253  7.827 0.0000000000
161554  49.513  23.733  9.007 0.0000000000
133618  47.115  23.052  5.664 0.0000000000
161431  43.353  18.419  6.181 0.0000000000
161439  44.228  17.886  4.293 0.0000000000
129399  46.724  18.058  22.557 0.0000000000
130312  47.844  19.474  19.493 0.0000000000
128541  44.375  17.702  17.871 0.0000000000
124792  49.287  13.684  11.159 0.0000000000
121577  46.016  10.843  10.994 0.0000000000
122724  47.749  11.313  6.853 0.0000000000
120598  46.364  9.384  5.690 0.0000000000
121620  49.323  11.015  6.754 0.0000000000
121586  48.554  10.731  10.372 0.0000000000
123531  40.655  12.561  28.555 0.0000000000
122428  43.573  11.585  30.956 0.0000000000
132779  50.226  22.088  11.701 0.0000000000
122540  44.440  11.393  21.330 0.0000000000
123656  42.587  12.789  17.323 0.0000000000
123633  48.404  12.339  18.464 0.0000000000
124743  50.821  13.628  14.250 0.0000000000
132653  52.755  22.373  23.425 0.0000000000
131052  50.890  20.577  27.671 0.0000000000
128457  49.865  17.936  27.971 0.0000000000
127580  45.806  15.887  26.155 0.0000000000
121340  47.717  11.174  32.689 0.0000000000
123513  46.511  12.819  29.521 0.0000000000
123570  43.846  12.715  24.836 0.0000000000
122509  47.123  11.478  24.604 0.0000000000
122462  37.406  12.248  27.885 0.0000000000
133534  47.734  23.532  11.312 0.0000000000
133564  43.426  23.387  9.525 0.0000000000
129491  43.770  19.297  8.694 0.0000000000
125836  40.823  14.502  8.492 0.0000000000
119464  42.312  8.650  9.079 0.0000000000
131942  52.315  21.302  21.024 0.0000000000
131182  49.293  20.626  15.909 0.0000000000
131241  46.482  20.830  10.294 0.0000000000
125756  42.184  14.626  14.374 0.0000000000
127699  43.323  16.474  11.212 0.0000000000
128635  44.728  17.343  7.457 0.0000000000
122726  43.387  11.417  7.193 0.0000000000
118423  44.013  7.965  5.781 0.0000000000
129470  41.948  19.104  12.118 0.0000000000
132039  42.166  21.554  11.176 0.0000000000
126585  45.770  15.655  30.650 0.0000000000
125597  44.547  14.534  30.070 0.0000000000
132075  49.174  22.272  6.477 0.0000000000
133606  49.215  23.379  6.465 0.0000000000
132095  48.079  21.477  5.025 0.0000000000
131293  46.446  20.180  4.876 0.0000000000
130432  46.601  19.477  4.471 0.0000000000
127627  45.211  16.727  22.019 0.0000000000
128529  45.431  17.629  19.978 0.0000000000
127639  43.463  16.425  19.360 0.0000000000
125820  50.961  14.377  8.833 0.0000000000
124835  48.958  13.255  8.975 0.0000000000
124845  49.907  13.294  7.704 0.0000000000
122731  49.092  11.381  6.640 0.0000000000
123800  50.521  12.757  7.459 0.0000000000
122708  50.570  11.853  8.429 0.0000000000
123789  51.661  12.975  8.293 0.0000000000
121393  41.167  10.500  30.140 0.0000000000
133514  51.563  23.378  11.156 0.0000000000
132768  51.582  21.720  12.942 0.0000000000
122548  47.105  11.543  20.940 0.0000000000
122565  46.559  11.454  19.231 0.0000000000
123623  48.457  12.245  19.675 0.0000000000
124710  51.409  13.307  16.292 0.0000000000
125755  52.821  13.930  14.515 0.0000000000
125794  52.647  14.851  11.458 0.0000000000
126573  48.801  15.488  31.671 0.0000000000
127513  51.093  16.530  31.507 0.0000000000
127536  49.229  16.736  29.494 0.0000000000
128459  48.114  17.364  27.363 0.0000000000
126612  47.410  15.593  28.926 0.0000000000
121372  44.167  10.366  30.749 0.0000000000
121343  44.901  10.805  32.318 0.0000000000
121389  45.826  10.222  30.024 0.0000000000
121386  49.666  10.149  29.852 0.0000000000
121368  48.693  10.474  30.633 0.0000000000
122436  47.358  11.132  29.299 0.0000000000
123547  44.804  12.642  27.472 0.0000000000
122475  45.359  11.493  27.333 0.0000000000
122511  45.018  11.373  24.436 0.0000000000
121451  47.369  10.907  26.652 0.0000000000
122471  50.972  11.682  27.219 0.0000000000
133578  47.547  23.568  8.390 0.0000000000
133560  48.091  23.451  9.360 0.0000000000
133561  46.864  23.468  9.336 0.0000000000
133551  45.096  23.198  10.325 0.0000000000
132828  44.265  22.664  8.399 0.0000000000
131252  44.082  20.576  9.832 0.0000000000
161435  44.940  21.058  7.832 0.0000000000
127745  42.157  15.896  6.747 0.0000000000
127732  42.221  16.696  7.201 0.0000000000
125835  41.385  14.442  7.887 0.0000000000
122686  41.998  11.996  9.509 0.0000000000
121615  42.721  10.483  8.642 0.0000000000
131088  53.251  21.136  25.579 0.0000000000
131892  54.362  21.861  23.169 0.0000000000
131895  51.899  20.941  23.227 0.0000000000
130329  46.744  19.556  17.565 0.0000000000
131160  48.622  20.259  17.551 0.0000000000
131184  47.430  20.534  15.293 0.0000000000
131210  47.985  20.863  13.270 0.0000000000
131212  45.889  20.336  13.303 0.0000000000
123675  44.126  12.179  16.351 0.0000000000
124731  42.206  13.793  15.757 0.0000000000
123707  43.879  12.293  14.559 0.0000000000
121600  45.598  10.567  9.433 0.0000000000
123759  42.870  12.896  11.231 0.0000000000
124810  42.686  13.738  9.921 0.0000000000
128617  44.102  17.053  9.615 0.0000000000
125834  43.059  14.099  8.911 0.0000000000
126817  43.667  15.400  8.051 0.0000000000
122714  43.464  11.875  8.242 0.0000000000
119501  46.563  8.613  5.643 0.0000000000
119514  45.291  8.718  3.325 0.0000000000
118421  45.510  7.635  6.512 0.0000000000
118404  44.188  6.996  8.402 0.0000000000
132722  54.842  22.398  18.149 0.0000000000
128604  40.747  17.074  11.361 0.0000000000
127710  41.119  17.030  10.247 0.0000000000
129321  48.305  18.315  28.975 0.0000000000
128438  46.768  17.263  29.980 0.0000000000
126574  47.578  15.462  31.468 0.0000000000
125579  48.429  13.943  32.312 0.0000000000
119260  46.582  8.752  29.041 0.0000000000
161569  49.974  24.106  7.786 0.0000000000
134321  47.936  23.766  6.823 0.0000000000
133610  45.846  23.149  6.083 0.0000000000
161444  44.866  20.004  7.111 0.0000000000
131294  45.569  20.073  5.607 0.0000000000
161441  43.419  18.327  4.918 0.0000000000
126835  42.456  15.699  6.754 0.0000000000
130263  48.904  18.939  24.209 0.0000000000
130288  49.421  19.785  22.038 0.0000000000
129404  47.231  19.014  21.052 0.0000000000
129412  46.499  18.662  18.955 0.0000000000
129437  44.429  18.574  16.301 0.0000000000
124761  47.755  13.321  13.365 0.0000000000
122637  46.232  11.958  12.891 0.0000000000
122666  47.516  12.126  10.926 0.0000000000
122696  47.866  11.758  9.136 0.0000000000
121635  46.830  10.286  6.795 0.0000000000
120589  45.297  9.828  6.203 0.0000000000
121642  47.636  10.346  6.037 0.0000000000
121641  48.227  10.379  5.965 0.0000000000
120586  48.507  9.769  6.798 0.0000000000
122680  50.013  11.430  10.164 0.0000000000
125627  41.863  14.218  28.731 0.0000000000
124568  44.037  13.151  29.553 0.0000000000
122456  42.643  11.767  29.445 0.0000000000
121360  41.540  9.966  32.176 0.0000000000
120324  42.856  9.627  29.869 0.0000000000
161571  52.442  24.065  8.438 0.0000000000
161552  50.169  22.740  8.446 0.0000000000
132066  48.679  21.761  7.957 0.0000000000
123607  42.604  12.845  21.244 0.0000000000
125701  42.422  14.428  19.272 0.0000000000
122561  43.460  11.733  19.170 0.0000000000
123654  45.456  11.679  17.625 0.0000000000
123672  47.519  12.681  16.422 0.0000000000
124673  49.968  12.934  18.638 0.0000000000
123670  49.726  12.929  16.498 0.0000000000
124728  49.223  13.375  14.856 0.0000000000
124775  50.279  14.084  12.199 0.0000000000
125809  51.771  14.992  10.392 0.0000000000
125819  52.138  14.834  9.291 0.0000000000
124830  53.129  14.389  8.781 0.0000000000
131868  52.260  21.648  25.947 0.0000000000
130226  52.171  20.482  26.898 0.0000000000
130209  50.205  19.401  30.085 0.0000000000
129325  51.411  18.890  29.130 0.0000000000
129361  50.014  18.962  26.195 0.0000000000
129363  48.407  18.335  25.337 0.0000000000
128490  46.530  17.325  24.571 0.0000000000
127621  44.679  16.022  23.496 0.0000000000
123496  45.263  12.434  31.607 0.0000000000
123472  47.361  12.554  33.623 0.0000000000
123485  49.539  12.437  32.992 0.0000000000
120296  48.090  9.695  30.721 0.0000000000
122412  48.294  11.725  31.445 0.0000000000
124565  47.491  13.778  29.930 0.0000000000
125643  45.757  14.533  27.463 0.0000000000
125654  44.518  14.458  25.502 0.0000000000
125669  43.613  14.363  23.353 0.0000000000
122522  43.918  11.746  23.168 0.0000000000
122529  45.520  11.339  22.516 0.0000000000
122526  48.297  11.826  22.994 0.0000000000
122488  48.948  11.455  26.664 0.0000000000
123568  49.298  12.140  25.695 0.0000000000
124571  39.719  14.091  28.957 0.0000000000
123533  38.704  12.699  28.149 0.0000000000
121422  36.871  10.373  27.714 0.0000000000
134267  49.739  24.861  12.265 0.0000000000
134270  47.143  23.957  12.884 0.0000000000
132049  43.405  21.630  10.421 0.0000000000
129487  42.656  18.878  10.452 0.0000000000
127717  41.206  16.769  9.307 0.0000000000
129497  43.612  18.533  7.078 0.0000000000
128629  42.109  16.936  8.204 0.0000000000
125824  40.240  14.601  9.308 0.0000000000
131952  53.893  21.392  18.271 0.0000000000
131138  50.601  20.653  20.752 0.0000000000
131157  51.148  20.670  18.329 0.0000000000
131989  51.764  21.358  15.610 0.0000000000
132014  49.611  21.022  13.609 0.0000000000
132036  48.478  21.448  10.962 0.0000000000
132078  47.141  20.814  7.699 0.0000000000
126717  42.337  15.441  17.702 0.0000000000
128554  42.904  17.154  16.485 0.0000000000
128582  43.152  17.575  14.074 0.0000000000
123743  43.589  11.953  12.592 0.0000000000
127690  42.684  16.178  12.755 0.0000000000
129460  44.150  18.753  13.027 0.0000000000
130386  44.883  18.935  10.620 0.0000000000
161420  46.130  19.967  8.401 0.0000000000
161438  46.307  19.206  6.584 0.0000000000
128653  45.039  17.475  5.875 0.0000000000
126823  43.005  15.425  7.142 0.0000000000
123794  42.775  12.716  7.475 0.0000000000
121645  44.495  9.874  5.139 0.0000000000
120591  43.577  9.468  5.821 0.0000000000
121627  42.815  10.608  7.574 0.0000000000
119476  43.097  8.687  7.990 0.0000000000
120535  47.246  9.869  11.399 0.0000000000
132028  41.653  21.509  11.652 0.0000000000
132810  41.528  22.883  9.944 0.0000000000
127541  43.198  15.968  29.763 0.0000000000
127529  44.065  16.030  30.206 0.0000000000
125598  43.867  15.037  29.919 0.0000000000
132076  49.000  21.674  6.988 0.0000000000
132086  49.008  22.382  6.131 0.0000000000
131269  48.173  20.810  5.134 0.0000000000
131280  47.834  20.700  4.576 0.0000000000
131270  47.692  20.473  5.942 0.0000000000
127633  43.796  16.003  21.573 0.0000000000
127632  44.570  16.680  21.236 0.0000000000
127636  43.796  16.178  20.598 0.0000000000
125831  50.714  14.075  7.755 0.0000000000
125832  50.234  13.759  8.067 0.0000000000
125843  50.890  13.915  7.083 0.0000000000
124844  50.509  13.436  7.449 0.0000000000
124843  51.062  13.474  7.191 0.0000000000
123799  51.238  13.043  7.560 0.0000000000
124832  51.489  13.594  7.825 0.0000000000
131977  54.233  21.773  16.135 0.0000000000
131998  53.000  21.786  14.290 0.0000000000
132767  52.109  21.952  12.859 0.0000000000
123614  48.412  12.177  21.010 0.0000000000
123624  47.673  11.811  20.214 0.0000000000
124724  52.973  13.912  15.815 0.0000000000
125767  54.083  14.574  13.809 0.0000000000
125781  53.664  14.662  12.720 0.0000000000
124812  40.268  13.853  10.535 0.0000000000
126583  48.595  15.384  30.825 0.0000000000
126582  49.547  15.471  31.058 0.0000000000
127526  48.659  15.753  30.212 0.0000000000
126611  48.068  15.814  29.377 0.0000000000
126594  47.781  15.222  29.702 0.0000000000
121391  44.062  10.277  29.747 0.0000000000
121390  45.017  10.366  29.688 0.0000000000
120318  50.349  9.795  29.538 0.0000000000
121387  48.828  10.626  29.713 0.0000000000
122452  47.137  10.944  28.522 0.0000000000
122453  46.387  11.289  28.146 0.0000000000
121437  46.793  10.850  27.342 0.0000000000
121453  45.909  10.767  26.280 0.0000000000
121436  47.652  10.728  27.530 0.0000000000
133579  46.435  23.494  8.249 0.0000000000
133580  45.017  23.332  8.109 0.0000000000
133562  45.632  23.422  9.264 0.0000000000
132844  44.634  22.497  8.010 0.0000000000
126836  41.960  15.571  7.031 0.0000000000
126825  41.561  15.216  7.527 0.0000000000
124848  41.852  13.766  7.673 0.0000000000
122701  42.313  12.259  8.447 0.0000000000
123795  42.183  13.040  7.927 0.0000000000
131080  52.170  20.540  25.474 0.0000000000
131098  52.470  20.861  24.150 0.0000000000
131091  51.207  20.365  24.046 0.0000000000
130348  45.674  19.634  15.440 0.0000000000
131175  46.885  20.123  15.856 0.0000000000
131185  46.469  20.290  15.129 0.0000000000
131198  46.264  20.444  14.136 0.0000000000
131199  45.651  19.990  14.008 0.0000000000
123691  45.517  12.429  15.655 0.0000000000
123693  43.596  12.498  15.467 0.0000000000
123706  44.808  12.225  14.640 0.0000000000
120570  45.385  9.881  7.965 0.0000000000
122698  44.225  11.266  10.152 0.0000000000
122699  43.742  11.888  9.573 0.0000000000
125823  42.921  14.452  9.522 0.0000000000
123782  43.507  12.856  9.114 0.0000000000
124823  43.380  13.361  8.431 0.0000000000
122725  44.000  11.259  7.804 0.0000000000
119500  47.235  8.765  6.203 0.0000000000
118426  46.046  7.902  5.855 0.0000000000
119493  46.293  8.188  6.487 0.0000000000
119484  45.782  7.898  7.150 0.0000000000
130373  42.272  19.764  11.831 0.0000000000
129479  41.756  18.426  11.991 0.0000000000
128603  41.572  17.600  11.184 0.0000000000
128602  42.227  18.275  10.836 0.0000000000
128447  47.198  17.734  28.817 0.0000000000
128439  46.001  17.085  29.662 0.0000000000
125595  46.395  15.114  30.746 0.0000000000
126575  46.651  15.627  31.044 0.0000000000
125587  46.877  14.545  31.527 0.0000000000
125586  47.999  14.681  31.836 0.0000000000
125580  47.635  13.932  32.260 0.0000000000
161561  50.840  24.086  7.689 0.0000000000
133605  49.826  23.733  7.132 0.0000000000
133617  48.106  23.067  5.694 0.0000000000
133607  48.537  23.490  6.232 0.0000000000
133608  47.581  23.510  6.456 0.0000000000
133609  46.407  23.358  6.269 0.0000000000
133619  46.284  23.056  5.780 0.0000000000
132098  46.054  21.809  5.854 0.0000000000
131282  46.178  20.859  5.412 0.0000000000
130433  46.279  19.497  4.227 0.0000000000
161447  45.158  19.228  4.674 0.0000000000
161445  43.982  18.364  4.544 0.0000000000
128655  43.185  17.705  4.858 0.0000000000
128654  43.470  17.416  4.759 0.0000000000
129381  48.101  18.802  23.054 0.0000000000
129397  48.068  18.992  22.485 0.0000000000
129398  47.455  18.782  22.239 0.0000000000
128533  45.418  17.640  19.107 0.0000000000
129413  45.977  18.132  19.476 0.0000000000
129417  44.840  18.032  18.070 0.0000000000
129426  45.281  18.789  17.036 0.0000000000
128552  44.192  17.913  17.166 0.0000000000
124777  48.627  13.581  12.496 0.0000000000
124794  48.214  13.314  12.123 0.0000000000
124809  48.828  13.350  10.845 0.0000000000
123792  48.907  12.695  8.125 0.0000000000
122695  48.322  12.329  8.695 0.0000000000
122711  47.608  11.352  7.869 0.0000000000
121611  47.075  10.714  7.823 0.0000000000
121634  47.441  10.724  6.466 0.0000000000
122732  48.677  11.146  6.223 0.0000000000
121633  48.795  10.547  6.291 0.0000000000
120596  48.258  9.904  6.202 0.0000000000
121621  49.083  10.332  7.143 0.0000000000
121609  49.476  10.977  7.618 0.0000000000
123779  51.185  12.238  8.756 0.0000000000
122694  49.988  11.410  9.071 0.0000000000
124582  41.294  13.410  28.690 0.0000000000
123529  42.697  12.386  29.024 0.0000000000
123530  41.687  12.397  28.550 0.0000000000
121375  41.207  10.053  31.286 0.0000000000
120283  41.560  9.434  31.662 0.0000000000
120299  42.056  9.337  30.948 0.0000000000
120325  41.904  9.358  29.890 0.0000000000
133515  50.567  23.013  11.557 0.0000000000
132796  50.229  23.128  10.155 0.0000000000
132826  49.283  22.284  8.252 0.0000000000
161550  49.454  22.401  9.218 0.0000000000
122541  43.623  11.705  21.056 0.0000000000
123617  42.379  12.767  20.296 0.0000000000
122552  43.582  11.773  20.085 0.0000000000
123634  47.351  11.700  18.925 0.0000000000
122566  45.871  11.503  18.860 0.0000000000
123653  46.248  11.775  17.891 0.0000000000
123673  46.395  12.388  16.677 0.0000000000
123652  47.403  12.273  17.624 0.0000000000
124663  49.980  13.042  19.464 0.0000000000
124672  50.704  13.333  19.035 0.0000000000
124726  51.155  13.480  15.299 0.0000000000
124695  50.756  12.983  16.908 0.0000000000
124711  50.419  13.168  16.076 0.0000000000
124712  49.495  13.182  15.692 0.0000000000
124727  50.139  13.415  15.061 0.0000000000
124744  49.761  13.578  14.080 0.0000000000
124758  50.410  13.863  13.017 0.0000000000
126798  52.885  15.240  10.597 0.0000000000
125808  52.238  15.051  10.832 0.0000000000
126808  52.408  15.283  10.012 0.0000000000
126807  53.141  15.309  9.657 0.0000000000
125818  53.329  15.017  9.057 0.0000000000
131066  50.456  20.795  27.085 0.0000000000
131869  51.331  21.622  25.626 0.0000000000
131845  51.111  21.044  27.050 0.0000000000
131843  52.649  21.080  27.556 0.0000000000
131051  51.448  20.301  27.695 0.0000000000
128425  49.024  17.939  30.516 0.0000000000
129310  49.211  18.559  30.026 0.0000000000
128424  49.677  18.135  30.760 0.0000000000
128434  50.446  17.545  29.676 0.0000000000
128433  51.287  17.860  29.913 0.0000000000
129326  50.779  18.439  28.809 0.0000000000
129336  50.476  18.854  27.839 0.0000000000
129337  49.875  18.407  27.312 0.0000000000
129351  49.458  18.428  26.605 0.0000000000
128470  49.371  17.921  27.274 0.0000000000
127578  47.139  17.061  26.703 0.0000000000
128473  47.076  17.291  26.220 0.0000000000
127590  46.237  16.685  25.120 0.0000000000
127607  45.482  16.308  24.306 0.0000000000
127591  45.794  16.051  25.498 0.0000000000
123507  43.684  11.983  30.286 0.0000000000
123505  44.822  12.696  30.773 0.0000000000
122427  44.220  11.825  31.160 0.0000000000
121342  45.669  10.857  32.426 0.0000000000
122404  45.818  11.553  32.518 0.0000000000
122403  47.219  11.834  33.296 0.0000000000
122387  48.893  11.888  33.924 0.0000000000
122401  49.031  11.714  32.858 0.0000000000
118183  47.566  7.945  28.995 0.0000000000
120321  47.701  9.291  29.888 0.0000000000
120320  48.662  9.233  30.052 0.0000000000
122425  47.265  11.950  30.339 0.0000000000
123504  47.020  12.618  30.044 0.0000000000
123503  47.663  13.019  30.626 0.0000000000
123512  47.089  13.153  29.888 0.0000000000
125604  46.681  14.151  28.966 0.0000000000
124579  45.955  13.546  28.456 0.0000000000
123560  44.342  12.532  26.667 0.0000000000
125648  44.629  13.946  26.139 0.0000000000
124626  44.167  13.678  25.037 0.0000000000
125660  44.039  14.423  24.343 0.0000000000
124627  43.722  13.320  24.479 0.0000000000
124636  42.925  13.184  22.919 0.0000000000
123579  43.722  12.342  24.170 0.0000000000
122510  46.116  11.275  24.477 0.0000000000
122520  45.750  11.385  23.509 0.0000000000
122519  46.736  11.509  23.629 0.0000000000
122527  47.390  11.631  22.813 0.0000000000
122518  47.682  11.701  23.770 0.0000000000
122472  49.976  11.299  27.445 0.0000000000
123557  50.699  12.366  26.490 0.0000000000
125610  39.642  14.643  29.084 0.0000000000
124586  37.529  13.758  28.312 0.0000000000
124585  38.412  13.661  28.383 0.0000000000
123534  37.812  12.786  28.158 0.0000000000
122460  39.022  11.684  28.260 0.0000000000
122461  37.906  11.703  27.869 0.0000000000
133548  48.704  23.562  10.745 0.0000000000
161556  50.081  24.500  10.701 0.0000000000
161558  49.115  24.026  11.621 0.0000000000
134268  48.816  24.288  12.523 0.0000000000
134269  47.935  24.126  12.726 0.0000000000
133517  47.390  23.711  12.095 0.0000000000
133563  44.439  23.396  9.365 0.0000000000
133565  42.612  23.278  9.510 0.0000000000
132809  42.550  22.502  10.073 0.0000000000
132830  42.811  23.181  9.214 0.0000000000
130387  43.756  19.991  9.721 0.0000000000
129492  42.928  18.550  9.471 0.0000000000
128611  42.306  18.023  10.184 0.0000000000
128619  42.563  17.644  9.139 0.0000000000
161434  44.305  19.123  6.377 0.0000000000
127726  41.018  15.828  7.949 0.0000000000
127725  41.726  16.548  8.105 0.0000000000
126819  40.599  15.254  8.500 0.0000000000
127718  40.645  15.994  8.979 0.0000000000
124839  40.694  13.975  9.020 0.0000000000
123772  41.484  12.687  10.041 0.0000000000
124825  41.067  13.378  9.404 0.0000000000
120559  42.040  9.353  9.587 0.0000000000
132666  52.810  22.509  22.463 0.0000000000
131908  53.891  21.406  22.379 0.0000000000
131907  54.431  21.799  21.878 0.0000000000
131925  53.982  21.384  21.327 0.0000000000
131939  54.547  21.691  19.718 0.0000000000
131947  52.931  21.365  19.837 0.0000000000
130306  48.689  19.600  20.699 0.0000000000
131130  49.806  20.259  21.367 0.0000000000
130310  49.234  19.912  20.204 0.0000000000
131172  49.411  20.664  16.910 0.0000000000
131969  49.984  21.076  18.350 0.0000000000
131171  50.404  20.768  17.186 0.0000000000
131979  51.541  21.013  16.849 0.0000000000
131990  50.754  20.981  15.901 0.0000000000
132000  50.500  21.081  14.665 0.0000000000
132001  49.846  20.800  14.302 0.0000000000
131221  47.315  20.719  12.183 0.0000000000
132037  47.905  20.933  11.501 0.0000000000
132046  47.524  21.237  10.481 0.0000000000
132057  47.689  21.394  9.452 0.0000000000
132058  46.978  21.112  9.761 0.0000000000
124683  42.437  13.570  18.792 0.0000000000
126711  42.509  15.287  18.755 0.0000000000
124696  42.402  13.592  17.764 0.0000000000
125742  42.070  14.289  15.021 0.0000000000
127657  41.926  15.838  15.967 0.0000000000
127666  42.327  16.342  15.194 0.0000000000
128572  43.249  17.621  15.037 0.0000000000
127674  42.494  16.407  14.412 0.0000000000
122652  45.799  11.378  12.073 0.0000000000
122639  44.752  11.525  13.133 0.0000000000
121568  44.746  10.950  11.974 0.0000000000
126786  42.597  15.168  11.210 0.0000000000
126772  42.494  15.207  12.239 0.0000000000
127689  43.106  16.671  12.032 0.0000000000
128592  43.146  17.245  12.925 0.0000000000
128601  43.710  17.371  11.605 0.0000000000
130378  44.826  19.302  11.596 0.0000000000
129476  44.565  18.322  11.174 0.0000000000
128626  44.483  17.288  8.546 0.0000000000
161414  44.684  18.164  8.973 0.0000000000
161419  45.451  18.863  7.797 0.0000000000
161424  46.073  19.330  7.286 0.0000000000
161423  45.863  18.732  6.597 0.0000000000
161428  45.537  18.126  5.836 0.0000000000
128644  44.747  17.225  6.488 0.0000000000
124836  43.192  13.661  7.944 0.0000000000
125844  43.084  14.517  7.767 0.0000000000
124846  42.814  13.758  7.614 0.0000000000
123803  43.066  13.209  7.415 0.0000000000
121636  44.842  9.983  5.385 0.0000000000
120599  45.295  9.602  5.071 0.0000000000
118429  44.234  8.278  5.001 0.0000000000
120609  44.234  9.243  3.752 0.0000000000
119495  43.779  8.704  5.338 0.0000000000
120581  43.438  9.632  6.725 0.0000000000
119486  43.213  9.141  7.179 0.0000000000
119475  43.394  7.972  7.540 0.0000000000
118395  44.067  7.297  9.504 0.0000000000
118396  43.360  7.459  9.237 0.0000000000
120555  47.940  10.536  9.805 0.0000000000
120544  48.011  10.505  10.441 0.0000000000
130374  41.688  19.836  12.451 0.0000000000
131235  42.561  20.505  11.398 0.0000000000
127539  45.358  16.818  29.612 0.0000000000
127528  44.992  16.253  30.294 0.0000000000
126586  44.826  15.496  30.370 0.0000000000
125596  45.760  14.549  30.755 0.0000000000
132841  49.733  22.716  7.318 0.0000000000
133595  49.714  23.356  6.963 0.0000000000
132849  49.352  22.806  6.346 0.0000000000
132858  48.452  22.484  5.753 0.0000000000
132859  47.622  22.139  5.353 0.0000000000
132097  46.885  21.340  4.960 0.0000000000
132103  47.370  20.937  4.497 0.0000000000
131292  47.109  20.288  4.576 0.0000000000
129532  46.332  19.106  3.964 0.0000000000
128519  46.255  17.618  22.929 0.0000000000
129405  46.521  18.139  21.406 0.0000000000
128524  45.173  17.178  21.113 0.0000000000
128527  44.918  17.222  20.474 0.0000000000
128531  44.239  17.010  19.061 0.0000000000
125811  50.126  14.155  9.611 0.0000000000
124808  49.399  13.743  10.287 0.0000000000
124821  49.489  13.683  9.268 0.0000000000
124834  49.656  13.451  8.264 0.0000000000
123802  49.093  12.411  7.559 0.0000000000
122723  48.680  11.837  7.161 0.0000000000
123801  49.636  12.666  7.560 0.0000000000
122722  49.580  11.804  7.381 0.0000000000
122709  49.903  11.536  8.098 0.0000000000
122721  50.383  12.057  7.729 0.0000000000
123790  51.011  12.439  7.895 0.0000000000
123778  51.750  12.570  9.226 0.0000000000
122459  40.003  11.658  28.517 0.0000000000
121417  40.967  10.836  29.277 0.0000000000
121394  40.307  10.247  29.768 0.0000000000
161560  52.564  22.949  11.533 0.0000000000
132795  51.974  22.659  11.865 0.0000000000
132778  51.280  22.189  12.202 0.0000000000
132024  50.585  21.740  12.419 0.0000000000
122549  46.149  11.409  20.745 0.0000000000
122550  45.240  11.370  20.562 0.0000000000
122557  46.855  11.427  19.961 0.0000000000
124680  51.624  13.530  18.392 0.0000000000
124709  52.359  13.588  16.567 0.0000000000
124725  52.138  13.516  15.571 0.0000000000
124742  52.045  13.625  14.429 0.0000000000
125769  52.070  14.152  13.084 0.0000000000
125782  52.749  14.422  12.497 0.0000000000
125793  53.215  14.894  12.025 0.0000000000
131053  49.923  20.309  27.513 0.0000000000
127505  49.799  16.066  32.548 0.0000000000
127504  50.439  16.589  32.213 0.0000000000
126571  50.861  15.302  32.151 0.0000000000
127524  49.982  16.543  30.482 0.0000000000
128444  49.497  17.372  28.818 0.0000000000
128458  48.850  17.367  27.883 0.0000000000
128445  48.888  17.050  28.519 0.0000000000
127565  47.437  16.819  27.428 0.0000000000
127566  46.699  16.147  27.546 0.0000000000
122417  42.820  10.456  31.781 0.0000000000
122415  44.571  11.455  31.957 0.0000000000
121357  44.389  10.686  31.643 0.0000000000
121356  45.446  10.555  31.771 0.0000000000
121355  46.497  10.563  31.879 0.0000000000
120319  49.783  9.463  29.857 0.0000000000
120294  49.433  9.667  30.381 0.0000000000
121367  49.432  9.915  30.398 0.0000000000
122424  48.067  11.065  30.267 0.0000000000
122437  46.261  11.991  29.216 0.0000000000
123526  45.372  12.779  28.178 0.0000000000
122454  45.303  11.948  28.230 0.0000000000
122493  44.207  12.058  27.138 0.0000000000
122492  44.546  11.713  26.605 0.0000000000
123578  44.284  11.753  24.744 0.0000000000
122502  44.704  11.392  25.527 0.0000000000
122501  45.631  11.014  25.415 0.0000000000
122499  47.665  11.404  25.765 0.0000000000
121459  51.387  10.971  26.614 0.0000000000
122496  51.593  11.271  25.746 0.0000000000
133577  48.473  23.646  8.268 0.0000000000
133549  47.399  23.459  10.421 0.0000000000
133550  46.242  23.367  10.342 0.0000000000
133581  43.840  23.180  8.864 0.0000000000
132818  43.608  22.383  9.198 0.0000000000
132817  44.070  22.199  8.930 0.0000000000
161430  44.391  20.822  8.878 0.0000000000
128645  42.796  17.741  5.912 0.0000000000
128627  43.058  17.951  6.956 0.0000000000
127734  41.314  15.596  7.633 0.0000000000
124838  41.302  13.661  8.408 0.0000000000
123784  41.653  12.789  8.907 0.0000000000
122700  42.523  11.343  9.008 0.0000000000
132632  53.299  22.037  24.927 0.0000000000
132652  53.689  22.468  23.172 0.0000000000
131881  53.649  21.617  24.497 0.0000000000
131909  52.941  21.248  22.610 0.0000000000
131927  52.180  21.202  21.933 0.0000000000
130316  47.687  19.552  18.684 0.0000000000
130327  48.275  19.894  18.251 0.0000000000
130339  47.280  19.923  17.081 0.0000000000
131173  48.528  20.428  16.544 0.0000000000
131183  48.387  20.580  15.546 0.0000000000
131209  48.784  20.900  13.872 0.0000000000
131197  47.176  20.695  14.281 0.0000000000
131211  46.802  20.647  13.268 0.0000000000
131231  46.350  20.602  11.350 0.0000000000
122597  43.357  12.404  16.936 0.0000000000
124714  42.353  13.717  16.758 0.0000000000
123676  43.335  12.551  16.355 0.0000000000
123694  42.792  12.984  15.498 0.0000000000
124748  42.411  13.698  14.583 0.0000000000
121589  45.450  10.690  10.430 0.0000000000
122683  44.158  11.074  11.158 0.0000000000
122684  43.675  11.645  10.764 0.0000000000
124795  42.568  13.661  10.919 0.0000000000
126785  43.037  15.774  10.850 0.0000000000
128610  43.696  16.882  10.487 0.0000000000
126800  43.233  15.710  10.060 0.0000000000
127715  43.846  16.249  9.148 0.0000000000
126809  43.866  15.872  8.628 0.0000000000
127723  44.064  15.994  7.947 0.0000000000
125833  43.287  14.510  8.616 0.0000000000
123793  43.350  12.764  7.828 0.0000000000
120606  45.659  9.240  4.356 0.0000000000
119508  46.069  8.594  4.619 0.0000000000
118434  45.544  7.855  4.634 0.0000000000
118422  44.611  7.467  6.099 0.0000000000
118414  43.766  7.572  6.827 0.0000000000
118413  44.422  7.222  7.224 0.0000000000
118403  44.914  7.428  8.810 0.0000000000
131964  54.822  21.923  17.210 0.0000000000
129471  41.503  18.877  12.663 0.0000000000
127701  40.876  16.831  10.866 0.0000000000
127711  40.469  16.422  10.140 0.0000000000
128437  48.111  17.875  29.657 0.0000000000
128426  47.879  17.460  30.806 0.0000000000
127527  46.165  16.525  30.587 0.0000000000
128427  47.142  16.898  31.049 0.0000000000
128417  47.949  16.841  31.512 0.0000000000
125585  48.602  14.566  31.542 0.0000000000
119261  45.951  8.527  28.719 0.0000000000
117136  46.433  7.155  28.349 0.0000000000
118194  47.367  7.539  28.453 0.0000000000
119259  48.174  8.113  28.826 0.0000000000
119258  48.895  8.356  28.643 0.0000000000
119257  49.498  8.774  28.383 0.0000000000
120347  50.213  9.011  28.970 0.0000000000
121410  49.784  10.645  29.065 0.0000000000
121434  49.600  10.772  28.086 0.0000000000
134327  49.424  23.841  7.049 0.0000000000
134310  48.488  23.768  7.673 0.0000000000
133597  47.456  23.615  7.416 0.0000000000
133598  46.347  23.551  7.169 0.0000000000
133599  45.551  23.277  6.848 0.0000000000
132089  45.476  21.564  7.109 0.0000000000
132851  45.581  22.618  6.481 0.0000000000
131283  45.695  20.855  6.191 0.0000000000
161443  44.704  19.467  5.782 0.0000000000
161442  43.825  18.667  5.547 0.0000000000
129525  42.987  17.927  5.150 0.0000000000
127744  42.705  16.469  6.224 0.0000000000
126824  42.229  15.170  7.237 0.0000000000
130262  49.501  19.352  24.339 0.0000000000
130271  50.302  20.108  23.460 0.0000000000
130272  49.673  19.769  23.177 0.0000000000
130303  48.088  19.320  21.524 0.0000000000
130307  47.849  19.392  20.414 0.0000000000
129410  46.049  17.943  20.466 0.0000000000
129409  46.686  18.730  20.141 0.0000000000
130313  47.114  19.184  19.284 0.0000000000
130318  46.233  19.153  18.036 0.0000000000
129436  45.102  19.044  16.476 0.0000000000
130342  45.086  19.294  16.042 0.0000000000
123703  47.231  13.086  14.136 0.0000000000
123724  45.963  12.235  13.687 0.0000000000
123741  47.393  12.989  12.832 0.0000000000
123757  47.057  12.175  11.919 0.0000000000
122667  46.795  11.559  11.201 0.0000000000
123768  48.412  12.870  10.638 0.0000000000
122681  47.580  11.806  10.283 0.0000000000
122682  47.138  11.099  9.889 0.0000000000
121599  46.508  10.507  9.271 0.0000000000
121624  46.182  9.906  8.004 0.0000000000
120579  45.882  9.662  7.373 0.0000000000
120580  44.881  9.928  7.250 0.0000000000
120588  46.365  9.730  6.564 0.0000000000
121643  46.960  10.164  6.203 0.0000000000
122733  48.059  11.205  6.211 0.0000000000
120597  47.503  9.560  5.977 0.0000000000
120587  47.830  9.300  6.522 0.0000000000
120576  48.491  9.741  7.789 0.0000000000
121598  48.679  10.715  9.222 0.0000000000
121585  49.347  11.004  9.740 0.0000000000
125607  42.362  14.661  29.331 0.0000000000
125606  43.492  14.393  29.457 0.0000000000
124580  42.986  13.315  28.814 0.0000000000
123517  42.958  11.967  29.516 0.0000000000
122440  42.811  11.547  30.146 0.0000000000
122457  41.902  11.412  29.406 0.0000000000
122441  41.937  10.741  30.606 0.0000000000
122429  42.530  10.809  31.370 0.0000000000
120281  42.519  9.621  32.010 0.0000000000
121373  43.401  9.977  30.570 0.0000000000
121415  43.847  10.158  28.912 0.0000000000
161572  51.962  24.237  7.414 0.0000000000
161553  51.154  23.611  8.269 0.0000000000
161555  51.325  23.614  10.133 0.0000000000
132842  49.184  22.116  7.602 0.0000000000
125686  42.613  14.376  21.390 0.0000000000
126698  42.950  15.012  20.665 0.0000000000
124664  42.352  13.574  20.811 0.0000000000
123626  42.500  12.786  19.315 0.0000000000
123636  42.772  12.066  18.405 0.0000000000
122560  44.269  11.571  19.404 0.0000000000
122568  44.088  11.515  18.490 0.0000000000
122583  43.849  11.646  17.613 0.0000000000
123674  45.198  11.953  16.794 0.0000000000
123690  46.554  12.671  15.507 0.0000000000
123613  49.575  12.671  20.332 0.0000000000
123622  49.321  12.595  19.118 0.0000000000
123632  49.356  12.628  18.094 0.0000000000
124681  50.553  13.091  17.916 0.0000000000
123631  49.897  12.720  17.711 0.0000000000
123651  48.464  12.587  17.327 0.0000000000
123671  48.672  12.946  16.149 0.0000000000
123688  48.369  13.098  15.373 0.0000000000
123689  47.630  12.979  15.157 0.0000000000
124746  48.095  13.372  13.970 0.0000000000
124759  49.232  13.682  13.173 0.0000000000
124776  49.554  13.905  12.040 0.0000000000
125770  51.341  14.118  12.786 0.0000000000
125796  50.907  14.594  11.048 0.0000000000
125797  50.046  14.149  10.833 0.0000000000
125810  50.941  14.639  9.966 0.0000000000
125830  51.689  14.161  8.262 0.0000000000
124831  52.483  13.837  8.558 0.0000000000
125829  52.741  14.491  8.775 0.0000000000
125828  53.437  14.690  8.961 0.0000000000
132633  52.542  22.025  25.282 0.0000000000
131867  53.081  21.484  25.852 0.0000000000
131064  52.858  20.583  26.704 0.0000000000
130241  51.544  20.226  26.212 0.0000000000
129328  48.750  18.846  28.548 0.0000000000
130219  49.316  19.291  28.585 0.0000000000
130217  50.725  19.946  29.203 0.0000000000
129298  50.862  17.728  31.263 0.0000000000
130196  51.436  19.108  30.226 0.0000000000
131029  51.186  19.721  29.361 0.0000000000
130216  51.324  19.610  28.563 0.0000000000
130242  50.665  19.474  26.570 0.0000000000
130252  50.308  19.463  25.375 0.0000000000
130253  49.525  19.098  25.023 0.0000000000
129370  49.008  18.793  24.769 0.0000000000
129372  47.515  18.066  24.283 0.0000000000
128479  48.228  17.907  26.111 0.0000000000
128489  47.213  17.711  24.831 0.0000000000
128507  46.539  17.553  23.672 0.0000000000
128508  45.819  17.134  23.450 0.0000000000
127620  45.216  16.596  23.036 0.0000000000
127629  43.742  15.744  22.163 0.0000000000
125605  44.269  13.911  29.643 0.0000000000
124560  45.195  13.487  30.737 0.0000000000
124553  45.835  13.446  31.422 0.0000000000
123488  45.739  12.193  32.307 0.0000000000
124545  47.211  13.377  32.690 0.0000000000
124544  48.052  13.449  33.258 0.0000000000
124543  49.090  13.596  33.140 0.0000000000
124558  48.585  14.059  31.188 0.0000000000
120322  46.659  9.588  29.662 0.0000000000
120297  47.292  9.881  30.433 0.0000000000
121369  47.402  10.293  31.186 0.0000000000
120295  48.936  9.865  30.935 0.0000000000
120279  48.284  10.297  31.592 0.0000000000
121353  48.226  10.946  31.794 0.0000000000
123494  48.495  12.837  31.445 0.0000000000
124551  48.472  13.499  31.134 0.0000000000
125594  47.892  14.511  30.062 0.0000000000
125603  47.112  14.594  29.307 0.0000000000
126631  46.475  15.424  27.794 0.0000000000
126647  45.797  15.434  26.730 0.0000000000
124610  45.186  13.901  27.181 0.0000000000
125647  45.061  14.531  26.461 0.0000000000
126658  45.343  15.401  25.903 0.0000000000
126672  44.635  15.411  24.726 0.0000000000
126679  43.958  15.102  23.354 0.0000000000
125676  43.055  14.422  22.308 0.0000000000
124645  42.734  13.542  22.405 0.0000000000
123597  42.820  12.939  22.084 0.0000000000
122531  43.739  11.770  22.095 0.0000000000
122512  44.219  11.620  24.003 0.0000000000
122521  44.803  11.522  23.338 0.0000000000
122539  45.357  11.308  21.533 0.0000000000
122538  46.301  11.332  21.705 0.0000000000
122536  47.997  11.797  22.023 0.0000000000
123605  48.800  12.257  22.219 0.0000000000
121450  48.149  10.923  26.986 0.0000000000
122489  48.008  11.222  26.541 0.0000000000
121432  51.163  11.365  27.369 0.0000000000
123559  49.121  11.929  26.026 0.0000000000
122508  48.045  11.796  24.708 0.0000000000
122517  48.507  12.001  23.941 0.0000000000
123595  49.031  12.362  23.265 0.0000000000
126596  41.981  15.144  29.522 0.0000000000
125608  41.489  14.694  29.252 0.0000000000
125628  41.072  14.185  28.894 0.0000000000
125630  38.959  14.354  28.752 0.0000000000
124584  39.332  13.660  28.519 0.0000000000
123532  39.683  12.662  28.368 0.0000000000
122479  36.886  11.711  27.711 0.0000000000
121421  37.488  10.601  27.892 0.0000000000
120356  37.841  9.888  28.659 0.0000000000
133518  46.378  23.619  12.363 0.0000000000
133535  46.807  23.500  11.329 0.0000000000
133536  45.747  23.284  11.355 0.0000000000
133519  45.323  23.373  12.258 0.0000000000
132050  42.620  21.897  10.657 0.0000000000
131234  43.041  20.994  11.032 0.0000000000
131245  42.860  20.316  10.778 0.0000000000
131243  44.146  21.124  9.981 0.0000000000
130388  43.024  19.796  10.320 0.0000000000
126802  40.004  15.713  9.886 0.0000000000
129498  43.207  18.185  8.482 0.0000000000
128628  42.564  17.366  7.701 0.0000000000
128620  41.965  17.084  8.724 0.0000000000
126812  40.061  15.319  9.275 0.0000000000
124811  40.910  13.328  10.366 0.0000000000
122685  42.359  11.163  10.122 0.0000000000
132665  53.745  22.563  22.317 0.0000000000
132695  54.648  22.151  19.853 0.0000000000
131945  54.669  21.606  18.801 0.0000000000
131965  54.024  21.576  17.255 0.0000000000
131113  50.731  20.522  22.632 0.0000000000
131129  50.632  20.586  21.761 0.0000000000
131142  51.581  21.118  20.161 0.0000000000
131150  49.637  20.517  18.667 0.0000000000
131149  50.383  20.604  18.787 0.0000000000
131147  52.123  21.209  19.506 0.0000000000
131953  52.572  21.234  18.753 0.0000000000
131966  52.809  21.364  17.594 0.0000000000
131978  52.935  21.539  16.458 0.0000000000
131999  51.870  21.542  14.461 0.0000000000
132013  50.927  21.460  13.280 0.0000000000
132780  49.561  21.617  11.950 0.0000000000
132015  48.793  20.992  13.263 0.0000000000
132026  48.776  21.149  12.294 0.0000000000
132797  49.345  21.933  11.238 0.0000000000
132056  48.645  21.760  9.085 0.0000000000
132067  47.860  21.379  8.417 0.0000000000
131263  47.610  20.935  6.843 0.0000000000
126704  42.796  15.307  19.685 0.0000000000
127643  42.672  16.153  18.435 0.0000000000
127642  43.211  16.833  18.134 0.0000000000
125717  41.984  14.975  16.739 0.0000000000
126727  42.353  15.775  16.907 0.0000000000
128543  43.229  17.147  17.113 0.0000000000
128563  43.310  17.680  15.898 0.0000000000
129446  43.779  18.155  15.480 0.0000000000
129445  44.277  18.683  15.006 0.0000000000
123725  45.128  11.936  13.807 0.0000000000
123727  43.379  12.477  13.495 0.0000000000
125771  42.321  14.222  13.677 0.0000000000
123744  43.121  12.769  12.370 0.0000000000
125786  42.388  14.314  12.715 0.0000000000
126762  42.361  15.187  13.442 0.0000000000
128593  42.707  16.661  13.292 0.0000000000
129461  43.690  18.107  13.501 0.0000000000
130365  44.613  19.232  13.515 0.0000000000
130372  44.609  19.421  12.589 0.0000000000
130377  45.205  19.698  11.491 0.0000000000
131242  45.668  20.217  10.519 0.0000000000
129485  44.525  18.186  9.972 0.0000000000
130395  45.087  19.313  9.431 0.0000000000
161429  45.833  20.324  9.546 0.0000000000
161427  46.601  20.333  7.920 0.0000000000
131271  47.243  20.396  6.744 0.0000000000
130411  47.074  19.900  6.268 0.0000000000
130421  46.485  19.066  5.456 0.0000000000
161437  45.767  18.488  4.410 0.0000000000
127758  45.017  17.630  4.837 0.0000000000
127742  44.362  16.580  6.759 0.0000000000
127751  44.390  16.962  5.809 0.0000000000
127743  43.550  16.233  6.299 0.0000000000
126834  42.898  15.820  6.427 0.0000000000
125845  42.559  14.517  7.489 0.0000000000
123804  42.616  13.299  7.493 0.0000000000
120590  44.533  10.080  6.551 0.0000000000
121625  44.067  10.586  6.975 0.0000000000
120612  45.111  9.792  3.405 0.0000000000
121646  43.965  9.980  5.527 0.0000000000
122727  42.865  11.234  7.009 0.0000000000
122715  42.768  11.759  7.716 0.0000000000
122716  42.561  12.462  7.841 0.0000000000
120571  42.737  9.588  8.394 0.0000000000
118397  42.736  7.955  9.137 0.0000000000
118405  43.556  7.474  8.064 0.0000000000
118406  43.357  8.017  8.245 0.0000000000
123788  52.277  13.116  8.943 0.0000000000
117135  46.862  7.302  28.495 0.0000000000
118184  47.391  8.187  29.166 0.0000000000
118195  46.770  7.816  28.903 0.0000000000
118412  45.133  7.292  7.695 0.0000000000
118420  45.947  7.898  6.238 0.0000000000
118427  45.462  7.652  5.488 0.0000000000
118428  44.706  7.756  5.053 0.0000000000
118433  46.183  7.902  5.097 0.0000000000
118435  44.936  8.000  4.316 0.0000000000
119235  49.619  8.734  29.150 0.0000000000
119237  47.992  8.630  29.282 0.0000000000
119238  47.205  8.681  29.280 0.0000000000
119485  43.442  8.581  6.621 0.0000000000
119494  45.850  7.893  6.687 0.0000000000
119502  44.489  8.209  4.478 0.0000000000
119503  44.148  8.736  4.324 0.0000000000
119509  45.404  8.407  4.024 0.0000000000
119510  44.674  8.496  3.796 0.0000000000
119511  44.037  8.791  3.340 0.0000000000
119513  45.791  8.929  3.690 0.0000000000
119515  44.632  8.720  2.990 0.0000000000
119516  44.193  8.985  2.724 0.0000000000
119523  45.716  8.960  3.194 0.0000000000
119524  45.230  8.966  2.737 0.0000000000
119525  44.693  9.094  2.658 0.0000000000
119526  44.465  9.156  2.715 0.0000000000
120269  42.438  9.760  32.265 0.0000000000
120270  42.245  9.603  32.260 0.0000000000
120271  41.843  9.520  32.219 0.0000000000
120280  48.133  10.012  31.408 0.0000000000
120282  42.144  9.290  31.851 0.0000000000
120298  42.683  9.599  31.250 0.0000000000
120323  45.827  9.867  29.355 0.0000000000
120346  50.487  9.734  28.863 0.0000000000
120348  46.113  9.261  29.033 0.0000000000
120349  45.368  9.551  28.745 0.0000000000
120545  47.539  10.252  10.622 0.0000000000
120569  45.816  9.796  8.040 0.0000000000
120578  46.468  9.871  7.096 0.0000000000
120582  43.139  9.736  7.465 0.0000000000
120600  44.561  9.677  4.752 0.0000000000
120601  44.159  9.437  4.843 0.0000000000
120607  45.147  9.635  4.194 0.0000000000
120608  44.719  9.592  4.175 0.0000000000
120611  45.654  9.619  3.316 0.0000000000
120613  44.677  9.641  3.248 0.0000000000
120614  44.065  9.339  2.997 0.0000000000
120620  45.516  9.387  2.786 0.0000000000
120621  45.108  9.411  2.651 0.0000000000
120622  44.641  9.494  2.763 0.0000000000
120623  44.285  9.265  2.819 0.0000000000
121339  48.303  11.367  32.707 0.0000000000
121341  46.699  10.983  32.628 0.0000000000
121344  42.625  9.829  32.159 0.0000000000
121345  42.392  9.982  32.269 0.0000000000
121346  42.044  9.820  32.371 0.0000000000
121354  47.594  10.556  31.957 0.0000000000
121358  43.123  10.084  31.782 0.0000000000
121359  42.292  10.249  32.089 0.0000000000
121370  46.354  10.389  30.798 0.0000000000
121371  45.180  10.493  30.818 0.0000000000
121374  41.827  10.360  31.739 0.0000000000
121385  50.167  9.887  29.730 0.0000000000
121388  48.212  10.709  29.264 0.0000000000
121392  43.484  10.025  29.666 0.0000000000
121409  50.315  10.178  29.282 0.0000000000
121412  47.841  10.633  28.503 0.0000000000
121413  47.114  10.814  28.030 0.0000000000
121414  44.564  10.172  28.936 0.0000000000
121416  43.352  9.938  29.172 0.0000000000
121418  40.277  10.809  28.872 0.0000000000
121435  48.693  10.740  27.700 0.0000000000
121438  36.992  10.911  27.660 0.0000000000
121439  36.377  10.699  27.593 0.0000000000
121447  51.313  11.171  27.212 0.0000000000
121452  46.430  10.822  26.543 0.0000000000
121462  46.874  10.858  25.995 0.0000000000
121463  46.180  10.743  25.894 0.0000000000
121464  45.723  10.769  25.975 0.0000000000
121567  45.118  10.913  11.918 0.0000000000
121578  45.401  10.813  11.341 0.0000000000
121579  44.717  10.860  11.525 0.0000000000
121587  48.123  10.456  10.935 0.0000000000
121588  46.300  10.685  10.277 0.0000000000
121590  44.740  10.814  10.729 0.0000000000
121601  44.802  10.831  9.680 0.0000000000
121612  46.685  10.423  8.345 0.0000000000
121613  45.839  10.180  8.527 0.0000000000
121622  47.209  10.804  7.176 0.0000000000
121623  46.638  10.195  7.533 0.0000000000
121626  43.368  10.567  7.047 0.0000000000
121632  49.088  11.029  6.263 0.0000000000
121637  44.385  10.220  5.947 0.0000000000
121638  43.753  10.154  6.290 0.0000000000
121644  44.869  9.811  4.824 0.0000000000
121648  44.876  9.721  4.506 0.0000000000
121649  44.715  9.728  4.714 0.0000000000
121652  45.480  9.831  2.738 0.0000000000
121653  45.267  10.018  2.932 0.0000000000
121654  45.000  9.964  3.075 0.0000000000
121659  45.328  9.643  2.677 0.0000000000
121660  44.999  9.945  2.686 0.0000000000
121661  44.932  9.852  2.871 0.0000000000
122386  49.402  12.177  33.581 0.0000000000
122388  48.049  12.175  33.971 0.0000000000
122389  47.614  12.390  33.885 0.0000000000
122400  49.482  12.245  33.256 0.0000000000
122402  48.214  11.636  33.326 0.0000000000
122405  45.087  11.084  32.613 0.0000000000
122413  47.885  12.358  31.040 0.0000000000
122414  45.243  11.900  32.265 0.0000000000
122416  43.489  10.782  31.604 0.0000000000
122426  46.711  12.314  29.811 0.0000000000
122430  41.873  10.455  31.305 0.0000000000
122435  48.088  10.785  29.712 0.0000000000
122438  45.653  12.343  28.678 0.0000000000
122439  43.410  11.820  30.242 0.0000000000
122455  44.904  12.230  27.825 0.0000000000
122458  40.967  11.547  28.677 0.0000000000
122474  46.038  11.070  27.057 0.0000000000
122476  44.646  11.977  27.518 0.0000000000
122477  44.419  12.142  27.374 0.0000000000
122478  37.324  11.225  27.710 0.0000000000
122486  50.787  11.980  26.891 0.0000000000
122487  50.224  11.739  26.788 0.0000000000
122490  45.930  10.889  26.574 0.0000000000
122491  45.430  11.080  26.360 0.0000000000
122498  48.692  11.909  25.519 0.0000000000
122500  46.584  11.089  25.342 0.0000000000
122507  48.708  12.117  24.697 0.0000000000
122528  46.474  11.398  22.668 0.0000000000
122530  44.590  11.457  22.343 0.0000000000
122537  47.174  11.532  21.895 0.0000000000
122547  47.706  11.744  21.325 0.0000000000
122551  44.365  11.503  20.345 0.0000000000
122558  45.989  11.419  19.819 0.0000000000
122559  45.130  11.458  19.612 0.0000000000
122567  44.959  11.482  18.704 0.0000000000
122569  43.190  11.694  18.285 0.0000000000
122570  42.753  12.059  18.018 0.0000000000
122581  45.493  11.559  18.148 0.0000000000
122582  44.790  11.553  17.745 0.0000000000
122584  43.166  12.199  17.476 0.0000000000
122585  42.727  12.378  17.768 0.0000000000
122595  44.345  11.801  17.051 0.0000000000
122596  43.718  12.128  16.961 0.0000000000
122636  46.671  12.243  12.755 0.0000000000
122638  45.463  11.631  13.040 0.0000000000
122651  46.590  11.974  12.231 0.0000000000
122653  44.906  11.171  12.435 0.0000000000
122654  44.215  11.441  12.606 0.0000000000
122668  46.006  11.105  11.435 0.0000000000
122669  44.371  11.100  11.934 0.0000000000
122670  43.797  11.481  11.784 0.0000000000
122697  47.207  10.949  8.808 0.0000000000
122710  48.215  12.087  8.131 0.0000000000
122712  47.160  10.846  8.217 0.0000000000
122713  44.125  11.244  8.939 0.0000000000
122736  48.574  10.762  5.945 0.0000000000
122737  48.278  10.842  5.884 0.0000000000
123457  49.262  12.949  34.207 0.0000000000
123458  48.985  12.920  34.267 0.0000000000
123459  48.628  12.997  34.423 0.0000000000
123469  49.358  12.635  34.091 0.0000000000
123470  48.633  12.580  34.275 0.0000000000
123471  47.823  12.940  34.360 0.0000000000
123484  49.689  12.664  33.467 0.0000000000
123486  47.342  13.028  33.490 0.0000000000
123487  46.646  12.560  32.783 0.0000000000
123492  49.763  12.879  32.939 0.0000000000
123493  49.208  12.666  32.353 0.0000000000
123495  45.998  12.771  32.036 0.0000000000
123497  44.598  12.117  31.218 0.0000000000
123506  44.154  12.350  30.355 0.0000000000
123514  45.884  12.790  28.947 0.0000000000
123515  43.911  12.601  29.825 0.0000000000
123516  43.452  12.382  29.695 0.0000000000
123527  45.077  12.379  27.937 0.0000000000
123528  43.183  12.847  29.140 0.0000000000
123535  37.036  12.789  28.023 0.0000000000
123546  45.179  13.082  27.694 0.0000000000
123548  44.578  12.303  27.437 0.0000000000
123558  49.693  11.987  26.192 0.0000000000
123561  44.419  12.354  27.243 0.0000000000
123567  49.915  12.406  25.635 0.0000000000
123569  44.130  12.307  25.469 0.0000000000
123577  49.243  12.311  25.096 0.0000000000
123587  49.164  12.452  24.241 0.0000000000
123588  43.194  12.505  22.828 0.0000000000
123589  42.840  13.001  22.585 0.0000000000
123596  43.131  12.313  21.687 0.0000000000
123606  42.990  12.222  20.706 0.0000000000
123612  50.124  13.036  20.695 0.0000000000
123615  47.743  11.805  20.854 0.0000000000
123616  42.919  12.195  19.758 0.0000000000
123625  42.833  12.119  18.897 0.0000000000
123635  46.539  11.579  18.708 0.0000000000
123637  42.557  12.633  18.296 0.0000000000
123649  50.118  12.783  17.154 0.0000000000
123650  49.378  12.723  17.167 0.0000000000
123655  43.032  12.596  16.901 0.0000000000
123669  50.260  12.925  16.669 0.0000000000
123677  42.631  12.992  16.419 0.0000000000
123692  44.523  12.327  15.583 0.0000000000
123705  45.737  12.420  14.621 0.0000000000
123708  43.028  12.802  14.485 0.0000000000
123722  47.316  13.108  13.520 0.0000000000
123723  46.797  12.609  13.350 0.0000000000
123726  44.174  11.820  13.608 0.0000000000
123742  47.053  12.448  12.481 0.0000000000
123755  48.473  13.035  11.255 0.0000000000
123756  47.793  12.682  11.684 0.0000000000
123758  43.372  12.178  11.528 0.0000000000
123769  47.954  12.373  10.496 0.0000000000
123770  43.348  12.424  10.386 0.0000000000
123771  42.902  13.105  10.155 0.0000000000
123780  48.354  12.641  9.471 0.0000000000
123781  48.004  12.107  9.871 0.0000000000
123783  43.100  13.351  9.572 0.0000000000
123791  49.508  13.069  7.849 0.0000000000
124513  49.463  13.073  34.125 0.0000000000
124514  49.130  13.135  34.160 0.0000000000
124515  48.877  13.108  34.266 0.0000000000
124527  49.717  13.043  33.864 0.0000000000
124528  49.383  13.284  33.848 0.0000000000
124529  48.738  13.315  34.045 0.0000000000
124542  49.713  13.226  33.355 0.0000000000
124549  49.531  13.277  32.736 0.0000000000
124550  49.094  13.678  31.940 0.0000000000
124552  46.571  13.473  31.981 0.0000000000
124559  48.210  13.871  30.530 0.0000000000
124561  44.600  13.348  30.104 0.0000000000
124566  46.782  13.656  29.365 0.0000000000
124567  46.266  13.325  29.058 0.0000000000
124569  43.445  13.330  29.197 0.0000000000
124570  40.035  14.267  29.103 0.0000000000
124578  46.441  13.818  28.822 0.0000000000
124581  42.235  13.331  28.604 0.0000000000
124583  40.285  13.685  28.809 0.0000000000
124600  45.489  13.595  27.763 0.0000000000
124601  45.056  13.339  27.383 0.0000000000
124611  44.700  13.473  26.762 0.0000000000
124618  44.296  13.338  25.834 0.0000000000
124619  43.928  13.050  25.173 0.0000000000
124635  43.297  13.308  23.578 0.0000000000
124644  43.114  13.751  22.920 0.0000000000
124655  42.537  13.542  21.685 0.0000000000
124674  42.252  13.564  19.802 0.0000000000
124682  49.971  12.770  18.122 0.0000000000
124694  51.573  13.362  17.300 0.0000000000
124713  48.817  13.202  15.387 0.0000000000
124715  42.096  14.126  16.291 0.0000000000
124729  48.373  13.278  14.758 0.0000000000
124730  47.769  13.221  14.394 0.0000000000
124732  41.909  14.255  15.986 0.0000000000
124741  52.728  13.799  15.042 0.0000000000
124745  48.825  13.479  14.037 0.0000000000
124747  47.606  13.266  13.886 0.0000000000
124756  52.125  13.874  13.677 0.0000000000
124757  51.462  13.845  13.544 0.0000000000
124760  48.385  13.506  13.290 0.0000000000
124762  42.664  13.361  13.330 0.0000000000
124778  47.969  13.328  12.625 0.0000000000
124779  42.656  13.568  12.032 0.0000000000
124793  48.626  13.439  11.661 0.0000000000
124822  48.819  13.344  9.916 0.0000000000
124824  43.170  13.671  9.126 0.0000000000
124826  40.506  13.880  9.742 0.0000000000
124833  50.233  13.615  7.792 0.0000000000
124837  43.151  13.823  8.548 0.0000000000
124847  42.371  13.837  7.518 0.0000000000
125581  47.100  13.800  32.084 0.0000000000
125593  48.393  14.573  30.742 0.0000000000
125622  46.940  15.060  28.737 0.0000000000
125623  46.455  14.541  28.344 0.0000000000
125624  45.935  14.033  27.988 0.0000000000
125625  43.175  13.821  29.053 0.0000000000
125626  42.718  14.060  28.881 0.0000000000
125629  39.414  14.217  28.845 0.0000000000
125642  46.214  14.920  27.732 0.0000000000
125653  44.915  14.925  25.844 0.0000000000
125661  43.655  13.843  23.948 0.0000000000
125668  43.952  14.838  23.737 0.0000000000
125677  42.490  14.021  22.041 0.0000000000
125685  42.997  14.770  21.731 0.0000000000
125694  42.474  14.387  20.289 0.0000000000
125709  42.360  14.464  18.245 0.0000000000
125716  42.231  14.535  17.139 0.0000000000
125729  42.184  14.264  16.618 0.0000000000
125730  41.916  14.686  16.311 0.0000000000
125743  41.865  14.601  15.529 0.0000000000
125754  53.567  14.301  14.899 0.0000000000
125757  41.945  14.829  14.923 0.0000000000
125768  52.912  14.121  13.694 0.0000000000
125783  51.915  14.332  12.169 0.0000000000
125784  50.962  14.277  12.033 0.0000000000
125785  50.321  14.210  11.643 0.0000000000
125795  51.729  14.663  11.306 0.0000000000
125798  42.461  14.389  11.616 0.0000000000
125812  42.584  14.424  10.579 0.0000000000
125813  40.213  14.278  9.955 0.0000000000
125821  50.176  13.970  8.583 0.0000000000
125822  43.285  14.867  9.265 0.0000000000
125825  39.888  14.953  9.619 0.0000000000
125846  41.948  14.461  7.415 0.0000000000
126550  51.071  16.079  33.018 0.0000000000
126551  50.900  15.930  33.104 0.0000000000
126552  50.610  15.731  33.088 0.0000000000
126562  51.181  16.029  32.784 0.0000000000
126563  51.159  15.419  32.963 0.0000000000
126564  50.274  15.427  32.749 0.0000000000
126565  49.603  15.565  32.330 0.0000000000
126570  51.277  15.891  32.214 0.0000000000
126572  49.929  15.065  31.974 0.0000000000
126580  51.102  15.823  31.589 0.0000000000
126581  50.470  15.644  31.346 0.0000000000
126587  44.035  15.484  30.123 0.0000000000
126588  43.487  15.416  29.862 0.0000000000
126593  48.358  15.517  29.986 0.0000000000
126597  41.254  15.193  29.332 0.0000000000
126613  46.851  15.454  28.343 0.0000000000
126632  46.098  15.223  27.387 0.0000000000
126646  46.305  15.757  27.179 0.0000000000
126659  44.859  15.233  25.463 0.0000000000
126671  45.282  15.620  25.144 0.0000000000
126678  44.271  15.363  23.861 0.0000000000
126685  44.215  15.592  23.155 0.0000000000
126686  43.753  15.253  22.662 0.0000000000
126692  43.080  14.966  21.334 0.0000000000
126697  43.412  15.498  21.040 0.0000000000
126703  43.301  15.668  20.260 0.0000000000
126718  42.161  15.233  16.984 0.0000000000
126728  42.004  15.471  16.402 0.0000000000
126740  42.079  15.828  15.265 0.0000000000
126741  41.869  15.399  15.608 0.0000000000
126752  42.155  15.551  14.665 0.0000000000
126753  41.874  15.104  15.162 0.0000000000
126771  53.653  15.023  12.046 0.0000000000
126783  53.516  15.245  11.324 0.0000000000
126784  52.995  15.136  11.109 0.0000000000
126799  52.311  15.184  10.433 0.0000000000
126801  42.842  15.130  10.310 0.0000000000
126810  43.549  15.496  9.169 0.0000000000
126811  43.167  15.125  9.681 0.0000000000
126816  43.955  15.902  8.273 0.0000000000
126818  41.098  15.006  8.084 0.0000000000
126826  41.118  15.406  7.949 0.0000000000
127492  50.908  16.247  32.800 0.0000000000
127493  50.467  16.126  32.975 0.0000000000
127494  50.234  15.816  33.030 0.0000000000
127503  51.035  16.562  32.134 0.0000000000
127506  49.281  15.862  32.153 0.0000000000
127514  50.106  17.071  31.746 0.0000000000
127515  49.622  16.801  31.844 0.0000000000
127516  48.883  16.336  31.816 0.0000000000
127517  47.934  16.155  31.634 0.0000000000
127518  47.137  16.221  31.244 0.0000000000
127523  50.822  16.407  30.955 0.0000000000
127525  49.074  16.033  30.342 0.0000000000
127530  43.642  15.811  30.086 0.0000000000
127535  49.851  17.024  29.770 0.0000000000
127537  48.575  16.107  29.686 0.0000000000
127538  46.053  16.897  29.981 0.0000000000
127543  41.847  15.346  29.339 0.0000000000
127548  48.968  16.918  28.838 0.0000000000
127549  48.274  16.551  28.598 0.0000000000
127550  47.183  16.134  28.187 0.0000000000
127551  46.773  15.823  27.987 0.0000000000
127564  48.185  16.988  27.783 0.0000000000
127579  46.432  16.516  26.443 0.0000000000
127606  46.100  16.839  24.515 0.0000000000
127608  44.745  15.808  24.104 0.0000000000
127628  44.325  16.178  22.450 0.0000000000
127631  45.197  16.963  21.474 0.0000000000
127635  44.349  16.672  20.096 0.0000000000
127638  44.212  16.790  19.499 0.0000000000
127640  42.729  15.861  19.109 0.0000000000
127646  43.184  16.992  17.542 0.0000000000
127647  42.701  16.523  17.331 0.0000000000
127656  42.306  16.313  16.195 0.0000000000
127667  42.040  15.977  15.633 0.0000000000
127682  42.520  16.158  13.726 0.0000000000
127700  42.813  15.939  11.709 0.0000000000
127709  43.376  16.255  10.498 0.0000000000
127716  43.595  16.390  9.832 0.0000000000
127722  44.144  16.392  8.551 0.0000000000
127724  42.172  16.808  7.673 0.0000000000
127730  44.343  16.541  7.730 0.0000000000
127731  43.827  16.008  7.280 0.0000000000
127733  41.653  15.981  7.149 0.0000000000
127752  43.724  16.861  5.163 0.0000000000
127753  43.210  17.209  5.241 0.0000000000
127759  43.921  17.425  4.501 0.0000000000
128403  50.861  16.996  31.767 0.0000000000
128404  50.777  16.874  31.954 0.0000000000
128413  50.942  17.240  31.370 0.0000000000
128414  50.576  17.259  31.582 0.0000000000
128415  49.785  17.626  31.280 0.0000000000
128418  47.516  16.541  31.393 0.0000000000
128422  51.053  17.428  30.613 0.0000000000
128423  50.601  17.006  30.482 0.0000000000
128435  49.723  17.226  29.457 0.0000000000
128436  48.811  18.249  29.916 0.0000000000
128443  50.240  17.883  28.691 0.0000000000
128446  47.896  17.982  28.912 0.0000000000
128448  45.973  17.364  28.917 0.0000000000
128456  50.321  18.311  28.338 0.0000000000
128471  48.646  17.795  26.843 0.0000000000
128472  47.675  17.541  26.671 0.0000000000
128480  47.588  17.750  25.650 0.0000000000
128481  46.785  17.288  25.496 0.0000000000
128491  46.054  17.083  24.120 0.0000000000
128506  47.058  17.723  24.137 0.0000000000
128520  45.702  17.227  22.537 0.0000000000
128522  46.198  17.664  22.194 0.0000000000
128523  45.686  17.402  21.575 0.0000000000
128526  45.547  17.509  20.777 0.0000000000
128530  44.748  17.234  19.544 0.0000000000
128534  44.755  17.574  18.599 0.0000000000
128535  43.918  17.196  18.450 0.0000000000
128542  43.668  17.373  17.567 0.0000000000
128553  43.644  17.709  16.663 0.0000000000
128564  42.700  17.112  15.581 0.0000000000
128573  42.747  17.027  14.681 0.0000000000
128583  42.747  16.886  13.838 0.0000000000
128600  44.197  17.827  11.310 0.0000000000
128609  44.193  17.589  10.707 0.0000000000
128612  41.771  17.351  9.813 0.0000000000
128618  43.760  16.812  9.968 0.0000000000
128636  42.847  17.787  6.523 0.0000000000
128637  42.590  17.258  6.473 0.0000000000
128646  42.915  17.472  5.569 0.0000000000
128662  43.223  17.881  4.625 0.0000000000
129299  50.521  18.012  31.137 0.0000000000
129300  50.058  18.252  30.873 0.0000000000
129307  51.090  18.260  30.778 0.0000000000
129308  50.464  18.613  30.712 0.0000000000
129309  49.807  18.691  30.431 0.0000000000
129317  51.583  18.453  29.994 0.0000000000
129318  51.190  18.251  29.511 0.0000000000
129319  49.527  19.118  29.741 0.0000000000
129320  48.880  18.595  29.438 0.0000000000
129327  49.327  19.120  29.085 0.0000000000
129335  51.074  19.200  28.421 0.0000000000
129350  50.239  18.848  26.933 0.0000000000
129352  48.776  18.306  26.128 0.0000000000
129362  49.373  18.725  25.611 0.0000000000
129364  47.789  18.094  24.859 0.0000000000
129371  48.245  18.525  24.179 0.0000000000
129382  47.278  18.198  23.415 0.0000000000
129383  46.706  17.849  23.137 0.0000000000
129406  45.995  17.693  21.045 0.0000000000
129408  47.241  19.118  20.402 0.0000000000
129415  46.275  18.897  18.421 0.0000000000
129416  45.559  18.486  18.280 0.0000000000
129427  44.753  18.282  17.470 0.0000000000
129438  43.781  18.051  16.094 0.0000000000
129452  44.191  18.697  13.996 0.0000000000
129453  43.689  18.185  14.517 0.0000000000
129468  44.353  18.667  12.098 0.0000000000
129469  43.902  18.026  12.488 0.0000000000
129477  44.176  18.041  11.738 0.0000000000
129486  43.193  19.299  9.742 0.0000000000
129506  43.146  18.197  6.482 0.0000000000
129514  43.003  18.213  5.683 0.0000000000
129515  42.868  17.866  5.523 0.0000000000
129524  46.342  18.838  4.208 0.0000000000
129533  43.143  17.964  4.710 0.0000000000
130197  50.804  19.120  30.437 0.0000000000
130198  50.342  19.030  30.481 0.0000000000
130207  51.399  19.366  29.448 0.0000000000
130208  50.904  19.621  29.677 0.0000000000
130218  50.005  19.703  28.957 0.0000000000
130227  51.354  19.838  27.459 0.0000000000
130228  50.647  19.311  27.219 0.0000000000
130229  49.919  19.795  28.032 0.0000000000
130240  52.294  20.502  26.540 0.0000000000
130260  51.189  20.248  24.432 0.0000000000
130261  50.538  19.935  24.146 0.0000000000
130273  48.819  19.148  23.580 0.0000000000
130289  48.639  19.311  22.449 0.0000000000
130290  48.056  19.110  22.184 0.0000000000
130301  49.368  19.833  21.437 0.0000000000
130302  48.937  19.549  21.497 0.0000000000
130305  49.310  19.871  20.910 0.0000000000
130308  47.321  19.206  19.956 0.0000000000
130311  48.699  19.735  19.719 0.0000000000
130315  48.436  19.799  18.907 0.0000000000
130317  46.842  19.307  18.415 0.0000000000
130328  47.630  19.764  17.786 0.0000000000
130330  46.010  19.198  17.339 0.0000000000
130340  46.637  19.750  16.640 0.0000000000
130341  45.733  19.337  16.408 0.0000000000
130347  46.332  19.729  15.866 0.0000000000
130349  44.843  19.266  15.321 0.0000000000
130357  44.727  19.184  14.391 0.0000000000
130364  45.200  19.495  13.840 0.0000000000
130371  45.013  19.616  13.184 0.0000000000
130379  42.573  19.656  11.025 0.0000000000
130385  45.306  19.542  10.890 0.0000000000
131030  51.034  19.938  29.230 0.0000000000
131039  51.296  19.906  28.882 0.0000000000
131040  50.869  20.211  28.640 0.0000000000
131041  50.364  20.114  28.179 0.0000000000
131049  53.104  20.728  27.351 0.0000000000
131050  52.605  20.642  27.340 0.0000000000
131063  53.229  20.783  27.151 0.0000000000
131065  52.415  20.541  26.188 0.0000000000
131078  53.359  20.960  26.430 0.0000000000
131079  52.946  20.705  25.911 0.0000000000
131089  52.889  20.877  24.916 0.0000000000
131090  51.836  20.566  24.543 0.0000000000
131099  51.732  20.713  23.693 0.0000000000
131100  50.852  20.394  23.436 0.0000000000
131101  50.264  20.269  23.030 0.0000000000
131112  51.406  20.753  22.992 0.0000000000
131114  50.013  20.282  22.347 0.0000000000
131128  51.384  20.833  22.219 0.0000000000
131137  51.409  20.989  21.299 0.0000000000
131139  49.814  20.299  20.372 0.0000000000
131141  52.232  21.334  19.915 0.0000000000
131143  50.574  20.570  19.729 0.0000000000
131144  49.628  20.248  19.467 0.0000000000
131145  49.076  20.109  19.010 0.0000000000
131148  51.474  20.735  19.089 0.0000000000
131151  48.933  20.259  18.394 0.0000000000
131158  50.416  20.868  18.109 0.0000000000
131159  49.644  20.677  17.950 0.0000000000
131161  47.911  20.157  17.060 0.0000000000
131170  51.068  20.721  17.665 0.0000000000
131174  47.558  20.275  16.307 0.0000000000
131181  50.074  20.845  16.318 0.0000000000
131186  45.822  20.086  14.698 0.0000000000
131194  49.993  20.812  15.488 0.0000000000
131195  49.332  20.730  14.717 0.0000000000
131196  48.181  20.800  14.508 0.0000000000
131213  45.406  19.894  13.388 0.0000000000
131220  48.043  20.849  12.473 0.0000000000
131222  46.180  20.439  12.377 0.0000000000
131223  45.261  20.013  12.557 0.0000000000
131224  44.816  19.756  12.130 0.0000000000
131230  47.091  20.908  11.075 0.0000000000
131232  45.516  20.137  11.565 0.0000000000
131233  45.033  19.885  11.827 0.0000000000
131240  47.012  21.020  10.545 0.0000000000
131244  43.565  20.575  10.408 0.0000000000
131251  46.393  20.720  9.143 0.0000000000
131281  47.480  20.027  4.864 0.0000000000
131291  47.582  20.761  4.494 0.0000000000
131842  53.207  20.933  27.411 0.0000000000
131844  51.793  21.115  27.367 0.0000000000
131852  53.242  21.245  26.981 0.0000000000
131853  52.549  21.431  26.794 0.0000000000
131854  51.663  21.373  26.569 0.0000000000
131855  50.581  21.229  26.391 0.0000000000
131880  54.273  22.112  23.945 0.0000000000
131882  53.090  21.212  24.112 0.0000000000
131893  53.543  21.410  23.401 0.0000000000
131894  52.551  21.107  23.442 0.0000000000
131910  52.006  21.133  22.753 0.0000000000
131926  53.155  21.279  21.676 0.0000000000
131938  55.043  21.926  19.136 0.0000000000
131940  53.945  21.403  20.316 0.0000000000
131941  53.192  21.346  20.768 0.0000000000
131944  55.190  21.853  18.396 0.0000000000
131946  53.859  21.405  19.302 0.0000000000
131948  52.443  21.354  20.330 0.0000000000
131950  55.229  21.944  17.788 0.0000000000
131951  54.812  21.584  17.929 0.0000000000
131954  51.738  20.871  18.519 0.0000000000
131955  49.966  20.900  18.700 0.0000000000
131956  49.789  20.831  18.445 0.0000000000
131963  55.137  22.064  17.568 0.0000000000
131967  51.800  20.974  17.949 0.0000000000
131968  50.214  20.910  18.518 0.0000000000
131980  50.699  20.812  16.541 0.0000000000
131987  54.104  21.624  14.853 0.0000000000
132011  52.850  22.140  13.506 0.0000000000
132012  52.048  21.711  13.556 0.0000000000
132025  49.919  21.525  12.569 0.0000000000
132027  48.034  20.834  12.117 0.0000000000
132038  42.817  21.468  10.831 0.0000000000
132045  48.255  21.595  10.043 0.0000000000
132047  46.992  21.051  10.281 0.0000000000
132048  43.970  21.618  10.008 0.0000000000
132059  44.115  21.728  9.410 0.0000000000
132060  43.752  21.969  9.836 0.0000000000
132068  46.991  21.176  8.815 0.0000000000
132077  48.046  21.376  7.410 0.0000000000
132079  44.742  21.919  8.094 0.0000000000
132087  48.452  21.806  5.972 0.0000000000
132096  47.613  21.380  4.751 0.0000000000
132102  47.786  21.066  4.475 0.0000000000
132104  46.984  20.700  4.588 0.0000000000
132634  51.961  21.933  25.425 0.0000000000
132642  54.182  22.310  23.503 0.0000000000
132643  53.694  22.299  24.096 0.0000000000
132644  52.642  22.278  24.399 0.0000000000
132651  54.204  22.367  22.930 0.0000000000
132664  54.337  22.309  22.192 0.0000000000
132679  52.871  22.611  21.499 0.0000000000
132694  54.924  22.181  19.151 0.0000000000
132709  55.113  22.163  18.649 0.0000000000
132710  54.681  22.294  18.913 0.0000000000
132721  55.242  22.147  18.038 0.0000000000
132777  52.202  22.239  12.294 0.0000000000
132794  52.489  22.493  11.933 0.0000000000
132800  42.032  22.319  10.551 0.0000000000
132807  49.022  22.080  10.141 0.0000000000
132808  43.263  22.324  9.816 0.0000000000
132819  42.786  22.803  9.339 0.0000000000
132820  42.136  23.092  9.545 0.0000000000
132827  44.641  23.002  7.942 0.0000000000
132829  43.284  22.946  8.900 0.0000000000
132850  48.918  22.538  5.955 0.0000000000
132857  49.124  22.910  5.864 0.0000000000
132860  46.683  22.383  5.573 0.0000000000
132861  45.987  22.760  5.828 0.0000000000
133516  48.362  23.764  11.822 0.0000000000
133582  43.051  23.241  9.189 0.0000000000
133583  42.815  23.337  9.379 0.0000000000
133596  48.057  23.719  7.770 0.0000000000
133616  48.813  23.152  5.812 0.0000000000
133620  45.965  23.080  5.832 0.0000000000
134319  49.038  23.835  7.620 0.0000000000
134320  48.310  23.832  7.210 0.0000000000
134328  48.838  23.780  6.783 0.0000000000
134329  48.240  23.738  6.639 0.0000000000
134330  47.975  23.705  6.553 0.0000000000
161415  44.872  17.834  8.256 0.0000000000
161416  45.055  18.449  8.448 0.0000000000
161417  45.186  18.022  7.781 0.0000000000
161418  44.475  17.674  9.283 0.0000000000
161421  45.289  17.904  6.813 0.0000000000
161422  46.319  20.469  8.679 0.0000000000
161425  46.642  19.868  7.041 0.0000000000
161426  46.544  20.625  8.451 0.0000000000
161432  44.357  21.904  8.763 0.0000000000
161433  43.290  18.322  5.226 0.0000000000
161436  44.990  18.392  4.368 0.0000000000
161440  43.147  18.155  4.995 0.0000000000
161446  45.815  18.864  3.990 0.0000000000
161448  43.464  17.838  4.481 0.0000000000
161449  43.339  18.120  4.657 0.0000000000
161551  51.480  23.681  9.322 0.0000000000
161557  48.752  23.706  11.439 0.0000000000
161565  51.382  23.896  7.637 0.0000000000
