#!ascii label  , from subject HYGLY28_VISIT_2 vox2ras=TkReg
2014
54200  13.026  -43.590  61.567 0.0000000000
160452  50.675  -19.427  43.656 0.0000000000
72269  29.630  -29.482  50.495 0.0000000000
69673  43.418  -31.759  54.396 0.0000000000
63322  23.947  -36.907  51.137 0.0000000000
59575  20.847  -40.093  65.157 0.0000000000
97208  53.945  -11.232  29.788 0.0000000000
88316  51.238  -17.625  38.302 0.0000000000
79160  39.346  -24.633  43.379 0.0000000000
103265  53.793  -5.591  20.760 0.0000000000
67008  31.214  -33.102  59.027 0.0000000000
56964  16.263  -41.900  63.452 0.0000000000
95888  54.183  -11.610  35.444 0.0000000000
92130  49.381  -14.552  32.878 0.0000000000
88190  52.798  -18.471  47.670 0.0000000000
84258  55.777  -20.224  41.780 0.0000000000
81585  47.185  -23.050  46.444 0.0000000000
71028  34.650  -29.947  46.462 0.0000000000
70917  36.117  -31.109  52.510 0.0000000000
65689  25.992  -35.204  59.248 0.0000000000
62011  26.319  -37.296  65.639 0.0000000000
60937  22.313  -38.404  58.508 0.0000000000
57101  18.905  -41.599  56.736 0.0000000000
67178  28.160  -34.296  50.695 0.0000000000
98422  60.154  -9.626  32.310 0.0000000000
97096  58.328  -11.311  37.282 0.0000000000
84292  50.904  -20.248  39.904 0.0000000000
80346  44.676  -23.585  48.949 0.0000000000
72303  41.596  -28.991  48.895 0.0000000000
102099  54.472  -7.156  25.037 0.0000000000
102077  59.760  -6.738  26.903 0.0000000000
104487  61.218  -4.541  23.243 0.0000000000
69530  30.366  -32.259  62.840 0.0000000000
56966  14.045  -42.183  63.161 0.0000000000
58262  14.561  -40.620  66.601 0.0000000000
56931  12.140  -41.279  66.306 0.0000000000
94686  49.422  -12.946  30.213 0.0000000000
86829  52.621  -19.227  48.244 0.0000000000
85549  54.606  -19.476  46.243 0.0000000000
51299  7.007  -45.945  64.430 0.0000000000
82921  47.891  -22.204  44.733 0.0000000000
74897  28.459  -28.495  46.746 0.0000000000
72327  31.310  -30.357  48.255 0.0000000000
72277  32.483  -29.994  51.091 0.0000000000
64497  24.761  -36.247  54.495 0.0000000000
63200  24.122  -36.201  58.489 0.0000000000
63272  22.354  -37.219  54.284 0.0000000000
64574  26.306  -35.623  51.629 0.0000000000
65777  27.334  -34.730  54.632 0.0000000000
59557  23.568  -39.708  65.106 0.0000000000
97191  57.614  -10.787  30.938 0.0000000000
97155  59.466  -10.253  34.495 0.0000000000
97157  57.560  -10.970  33.763 0.0000000000
94535  55.027  -12.791  40.653 0.0000000000
94544  56.419  -12.751  39.445 0.0000000000
160456  50.301  -17.997  42.421 0.0000000000
89601  51.811  -16.386  42.103 0.0000000000
84276  51.120  -20.877  41.130 0.0000000000
81681  37.512  -22.629  41.650 0.0000000000
80424  41.204  -23.107  43.381 0.0000000000
81587  41.000  -22.908  45.536 0.0000000000
68496  40.408  -32.496  51.740 0.0000000000
71011  38.760  -30.331  47.752 0.0000000000
70929  42.268  -30.403  51.676 0.0000000000
99734  52.561  -8.627  27.691 0.0000000000
102101  52.391  -6.874  25.344 0.0000000000
99732  54.781  -7.979  27.098 0.0000000000
99715  57.690  -8.457  28.282 0.0000000000
103246  59.491  -4.683  20.907 0.0000000000
103233  58.451  -5.448  22.337 0.0000000000
102093  60.602  -5.915  25.474 0.0000000000
103205  56.714  -5.798  23.796 0.0000000000
69681  31.099  -32.204  54.694 0.0000000000
70906  33.422  -31.222  53.825 0.0000000000
70842  33.280  -31.208  58.426 0.0000000000
58307  18.330  -41.225  64.450 0.0000000000
59510  19.771  -40.180  66.923 0.0000000000
59546  16.939  -40.011  67.174 0.0000000000
97225  51.029  -10.443  28.574 0.0000000000
95934  54.597  -11.920  32.272 0.0000000000
94684  51.872  -12.550  30.692 0.0000000000
94619  51.747  -13.184  34.781 0.0000000000
94524  53.687  -13.295  41.057 0.0000000000
85564  52.477  -19.685  45.312 0.0000000000
84243  53.946  -20.831  42.295 0.0000000000
84207  54.918  -19.830  44.256 0.0000000000
76430  37.775  -26.491  42.365 0.0000000000
73454  43.980  -29.590  55.198 0.0000000000
54188  10.905  -44.359  61.019 0.0000000000
54126  10.374  -43.347  65.279 0.0000000000
54147  8.055  -44.262  65.047 0.0000000000
85585  49.517  -19.729  44.138 0.0000000000
89538  51.309  -17.517  47.281 0.0000000000
86830  51.622  -18.381  48.405 0.0000000000
84150  49.709  -20.299  50.077 0.0000000000
72373  31.626  -30.456  45.667 0.0000000000
70950  36.476  -31.389  50.208 0.0000000000
68442  40.117  -33.048  54.059 0.0000000000
70889  35.846  -30.778  54.473 0.0000000000
68391  39.846  -32.466  56.708 0.0000000000
66965  27.765  -33.599  63.059 0.0000000000
65616  27.322  -35.405  65.478 0.0000000000
64369  25.612  -35.557  62.291 0.0000000000
62074  23.832  -37.793  62.035 0.0000000000
59602  22.057  -39.790  61.545 0.0000000000
62143  21.336  -38.330  54.107 0.0000000000
59663  20.741  -39.843  58.125 0.0000000000
58345  20.196  -40.985  61.200 0.0000000000
57015  17.554  -42.231  60.632 0.0000000000
57036  15.564  -42.566  59.423 0.0000000000
57038  13.813  -43.592  59.020 0.0000000000
72330  27.284  -29.695  46.939 0.0000000000
68559  26.918  -32.310  46.590 0.0000000000
69751  28.962  -31.819  50.490 0.0000000000
67112  29.441  -33.378  54.591 0.0000000000
67011  28.672  -33.748  59.713 0.0000000000
94577  59.299  -11.804  36.135 0.0000000000
97109  56.526  -10.818  36.440 0.0000000000
93402  45.991  -14.514  32.171 0.0000000000
89599  52.980  -15.701  42.159 0.0000000000
86994  50.868  -19.057  38.914 0.0000000000
82982  53.296  -21.069  40.033 0.0000000000
84305  53.082  -20.765  38.413 0.0000000000
80461  42.462  -23.598  41.295 0.0000000000
80374  45.279  -23.805  46.969 0.0000000000
82859  48.567  -21.381  50.887 0.0000000000
73617  38.169  -28.356  44.709 0.0000000000
76356  40.717  -26.696  46.358 0.0000000000
73493  42.046  -28.384  52.505 0.0000000000
76294  41.228  -26.234  49.932 0.0000000000
79100  41.316  -24.734  48.538 0.0000000000
80334  42.703  -23.572  49.863 0.0000000000
81506  46.403  -22.280  52.474 0.0000000000
103222  54.337  -5.865  23.181 0.0000000000
100951  57.154  -7.177  26.268 0.0000000000
99713  59.460  -8.071  28.638 0.0000000000
69512  31.494  -31.960  63.132 0.0000000000
55620  13.696  -43.367  61.765 0.0000000000
55583  13.523  -42.413  63.719 0.0000000000
54142  12.586  -43.073  63.966 0.0000000000
85507  52.231  -19.599  48.675 0.0000000000
85526  53.121  -19.734  47.819 0.0000000000
49975  6.341  -47.454  62.669 0.0000000000
73540  29.154  -29.777  48.528 0.0000000000
73549  30.205  -29.586  48.481 0.0000000000
73506  31.126  -29.598  51.129 0.0000000000
64545  24.463  -36.340  52.624 0.0000000000
64482  23.489  -36.795  54.763 0.0000000000
64547  22.900  -36.865  52.557 0.0000000000
64618  25.629  -36.177  49.122 0.0000000000
64575  25.227  -36.473  51.694 0.0000000000
64544  25.355  -35.912  52.669 0.0000000000
59573  22.898  -39.906  64.281 0.0000000000
60857  21.724  -39.046  66.000 0.0000000000
97192  56.436  -11.129  30.825 0.0000000000
97167  57.927  -11.209  32.755 0.0000000000
95941  56.214  -11.385  31.726 0.0000000000
92021  54.561  -14.608  40.771 0.0000000000
92033  53.948  -14.833  39.595 0.0000000000
86890  50.637  -19.288  43.087 0.0000000000
160453  50.911  -18.501  42.445 0.0000000000
84246  50.818  -20.375  42.756 0.0000000000
79194  37.518  -24.525  41.868 0.0000000000
80426  38.307  -23.394  42.783 0.0000000000
84233  38.879  -22.230  43.147 0.0000000000
80395  40.063  -23.629  45.157 0.0000000000
69693  42.061  -32.324  53.107 0.0000000000
70916  42.377  -31.480  52.237 0.0000000000
70902  43.353  -30.719  53.267 0.0000000000
99720  52.841  -9.169  28.204 0.0000000000
99733  54.219  -7.878  27.030 0.0000000000
98455  54.195  -9.358  28.708 0.0000000000
98441  55.824  -9.597  29.288 0.0000000000
103262  56.644  -5.474  20.531 0.0000000000
103249  56.481  -5.606  21.481 0.0000000000
103234  57.364  -5.607  22.435 0.0000000000
103236  55.355  -5.663  22.359 0.0000000000
68373  31.172  -32.402  57.003 0.0000000000
70882  31.855  -31.622  56.071 0.0000000000
68337  32.312  -32.178  59.120 0.0000000000
56963  17.308  -41.785  63.483 0.0000000000
58258  17.989  -40.377  66.409 0.0000000000
58275  16.685  -40.733  65.732 0.0000000000
59528  13.418  -40.010  68.245 0.0000000000
59526  15.631  -39.917  68.010 0.0000000000
97226  50.202  -10.722  28.103 0.0000000000
95971  51.827  -11.518  29.620 0.0000000000
95973  49.821  -11.872  29.385 0.0000000000
93413  49.117  -13.723  31.051 0.0000000000
93397  50.387  -13.573  32.122 0.0000000000
93361  50.366  -14.062  33.871 0.0000000000
93323  52.045  -13.430  36.615 0.0000000000
93306  51.315  -13.712  37.047 0.0000000000
86866  53.172  -18.716  46.590 0.0000000000
85563  53.710  -19.640  45.300 0.0000000000
86886  53.864  -18.954  45.909 0.0000000000
98458  50.575  -10.011  27.856 0.0000000000
52723  9.728  -44.518  63.177 0.0000000000
51312  8.888  -45.288  62.313 0.0000000000
84230  49.255  -20.332  44.181 0.0000000000
86868  50.421  -18.641  45.867 0.0000000000
84196  49.216  -20.053  45.769 0.0000000000
82909  47.744  -22.143  45.744 0.0000000000
84175  49.023  -20.775  47.564 0.0000000000
84165  49.225  -20.701  48.713 0.0000000000
85509  50.845  -19.589  49.262 0.0000000000
82881  48.418  -21.433  48.497 0.0000000000
72396  29.312  -29.676  44.386 0.0000000000
70952  34.417  -31.093  50.493 0.0000000000
70992  33.882  -30.770  48.436 0.0000000000
70932  36.338  -31.353  51.437 0.0000000000
69715  38.551  -31.976  52.368 0.0000000000
69694  38.365  -31.782  53.338 0.0000000000
70878  34.797  -30.826  55.539 0.0000000000
70890  34.984  -30.769  54.540 0.0000000000
69642  36.171  -30.792  56.102 0.0000000000
69638  39.345  -31.947  57.079 0.0000000000
68390  40.963  -32.888  56.576 0.0000000000
66995  26.992  -34.040  61.350 0.0000000000
65659  26.342  -34.691  62.571 0.0000000000
64397  25.758  -35.240  60.684 0.0000000000
62110  22.731  -37.521  57.947 0.0000000000
63174  24.053  -36.982  60.816 0.0000000000
62082  23.433  -38.018  60.545 0.0000000000
59614  23.138  -39.239  61.665 0.0000000000
59627  22.318  -39.127  60.223 0.0000000000
62165  21.405  -37.550  52.454 0.0000000000
58420  19.497  -41.017  55.188 0.0000000000
59704  20.335  -40.235  55.986 0.0000000000
58389  19.710  -41.106  57.540 0.0000000000
58375  20.129  -40.760  58.785 0.0000000000
57053  19.210  -41.690  58.733 0.0000000000
57014  18.554  -41.980  60.741 0.0000000000
57054  18.276  -42.220  58.685 0.0000000000
57037  14.842  -43.279  59.367 0.0000000000
73579  27.095  -28.519  46.139 0.0000000000
72353  26.402  -29.375  45.738 0.0000000000
65863  26.961  -34.712  48.892 0.0000000000
67227  27.467  -33.265  48.429 0.0000000000
68528  27.981  -32.556  48.856 0.0000000000
68506  28.455  -33.394  50.161 0.0000000000
68483  29.599  -33.028  52.640 0.0000000000
67136  28.562  -33.916  53.363 0.0000000000
65744  26.455  -34.880  56.787 0.0000000000
67049  28.238  -34.457  57.690 0.0000000000
67030  27.310  -34.447  59.625 0.0000000000
66979  28.536  -33.636  61.765 0.0000000000
64331  26.686  -35.762  65.752 0.0000000000
55566  8.867  -42.393  66.494 0.0000000000
56934  9.292  -41.713  66.790 0.0000000000
98410  60.821  -9.752  32.955 0.0000000000
97121  58.917  -10.834  35.883 0.0000000000
97120  59.946  -10.991  35.624 0.0000000000
95870  58.921  -11.804  36.749 0.0000000000
94564  58.555  -12.194  37.221 0.0000000000
95905  54.009  -11.835  34.181 0.0000000000
95903  55.640  -11.316  34.582 0.0000000000
95872  54.907  -11.414  36.357 0.0000000000
93276  56.525  -12.851  39.105 0.0000000000
85637  51.367  -18.723  40.919 0.0000000000
88273  51.777  -17.048  41.736 0.0000000000
85653  51.275  -18.906  40.162 0.0000000000
88285  52.344  -17.025  41.002 0.0000000000
84308  50.783  -20.117  38.866 0.0000000000
84242  54.963  -20.332  42.622 0.0000000000
84260  53.775  -21.050  41.484 0.0000000000
84259  54.658  -20.716  41.402 0.0000000000
80510  39.110  -23.719  39.787 0.0000000000
80376  43.239  -23.767  46.670 0.0000000000
80405  42.909  -23.723  44.491 0.0000000000
80360  45.476  -23.772  47.967 0.0000000000
80314  47.281  -22.912  50.050 0.0000000000
80316  46.443  -23.117  50.274 0.0000000000
72392  33.568  -30.122  44.381 0.0000000000
72370  34.633  -29.820  45.152 0.0000000000
70987  40.252  -30.105  48.441 0.0000000000
72344  38.353  -29.245  46.626 0.0000000000
73559  39.601  -28.661  46.978 0.0000000000
74926  39.176  -27.846  45.040 0.0000000000
73548  41.112  -28.295  47.818 0.0000000000
73476  42.790  -28.522  54.249 0.0000000000
77746  41.424  -25.511  51.396 0.0000000000
77776  41.236  -25.610  49.303 0.0000000000
79099  41.578  -24.669  49.393 0.0000000000
80335  41.727  -23.858  49.510 0.0000000000
80318  42.810  -23.490  51.011 0.0000000000
102100  53.389  -7.059  25.254 0.0000000000
103191  54.453  -6.643  24.482 0.0000000000
103190  55.249  -6.126  24.610 0.0000000000
102081  55.386  -7.231  25.670 0.0000000000
98438  59.415  -9.538  30.266 0.0000000000
99714  58.781  -8.345  28.474 0.0000000000
99689  59.953  -8.978  30.418 0.0000000000
99688  60.569  -8.652  30.703 0.0000000000
103231  60.190  -4.683  21.676 0.0000000000
102094  59.971  -6.466  25.760 0.0000000000
102066  60.655  -6.672  27.452 0.0000000000
102060  60.515  -7.180  28.366 0.0000000000
68304  30.940  -32.993  61.350 0.0000000000
68302  32.482  -32.389  60.842 0.0000000000
69529  31.444  -32.047  62.322 0.0000000000
56965  15.051  -42.029  63.523 0.0000000000
56940  15.284  -41.415  65.151 0.0000000000
56941  14.357  -41.522  65.210 0.0000000000
58263  13.727  -40.814  66.768 0.0000000000
58243  12.611  -40.436  67.809 0.0000000000
94704  47.242  -13.150  29.179 0.0000000000
93415  47.168  -14.157  30.210 0.0000000000
86827  52.945  -18.648  47.657 0.0000000000
86885  54.427  -19.112  46.044 0.0000000000
85537  54.217  -19.543  47.052 0.0000000000
85536  54.788  -20.024  46.452 0.0000000000
49977  7.939  -45.833  62.341 0.0000000000
49985  7.536  -46.523  61.695 0.0000000000
49970  6.648  -46.963  64.188 0.0000000000
81631  48.064  -21.914  43.617 0.0000000000
81653  45.152  -22.893  42.270 0.0000000000
72351  29.849  -29.812  46.365 0.0000000000
72329  30.051  -29.766  47.157 0.0000000000
70977  31.750  -30.428  49.769 0.0000000000
70934  34.301  -31.168  51.588 0.0000000000
64442  25.263  -35.395  57.411 0.0000000000
64425  24.876  -35.418  58.272 0.0000000000
63230  24.350  -36.260  57.110 0.0000000000
63232  23.547  -36.898  56.501 0.0000000000
62131  22.667  -37.450  55.868 0.0000000000
57102  17.878  -42.221  56.528 0.0000000000
57127  17.314  -42.430  55.419 0.0000000000
65864  26.226  -35.471  48.952 0.0000000000
64573  27.082  -35.407  50.841 0.0000000000
65815  27.484  -34.591  52.689 0.0000000000
65816  26.845  -35.064  53.264 0.0000000000
64495  26.323  -35.394  54.473 0.0000000000
59556  24.854  -39.078  65.128 0.0000000000
97189  59.419  -10.125  31.728 0.0000000000
98411  60.115  -9.909  33.270 0.0000000000
97176  58.597  -10.641  32.214 0.0000000000
97156  58.580  -10.467  34.196 0.0000000000
97122  58.053  -10.677  35.895 0.0000000000
94567  54.300  -12.224  38.062 0.0000000000
95847  55.378  -11.756  38.236 0.0000000000
94545  55.763  -12.564  39.658 0.0000000000
92044  53.684  -14.719  38.789 0.0000000000
89640  49.825  -16.475  38.780 0.0000000000
89602  50.978  -17.173  42.158 0.0000000000
85623  51.068  -18.630  41.975 0.0000000000
84291  51.190  -20.892  40.246 0.0000000000
84273  55.577  -20.494  40.637 0.0000000000
81728  37.555  -22.729  40.619 0.0000000000
81704  39.399  -23.409  41.325 0.0000000000
81657  39.672  -22.652  42.547 0.0000000000
80393  41.385  -23.121  45.117 0.0000000000
80363  42.431  -23.565  47.549 0.0000000000
72291  37.098  -30.658  49.008 0.0000000000
72324  36.702  -29.920  47.136 0.0000000000
69759  39.655  -31.406  49.767 0.0000000000
70947  41.291  -30.887  50.108 0.0000000000
70967  41.742  -29.961  50.054 0.0000000000
99743  50.634  -7.989  26.332 0.0000000000
102102  51.361  -6.968  25.420 0.0000000000
100955  52.299  -7.471  26.293 0.0000000000
100954  53.167  -7.413  26.376 0.0000000000
100940  54.680  -7.697  26.715 0.0000000000
102069  55.488  -7.477  26.358 0.0000000000
99717  55.708  -8.195  27.487 0.0000000000
98440  57.425  -9.515  29.066 0.0000000000
103272  57.744  -4.904  19.552 0.0000000000
103247  58.514  -5.143  21.214 0.0000000000
103216  60.489  -5.065  22.741 0.0000000000
103202  60.798  -5.338  24.388 0.0000000000
103217  59.602  -5.707  23.161 0.0000000000
103204  58.880  -6.369  24.284 0.0000000000
102110  58.207  -6.610  24.531 0.0000000000
70924  30.483  -31.430  52.114 0.0000000000
70922  31.775  -30.555  52.253 0.0000000000
69679  32.006  -31.453  54.284 0.0000000000
70880  33.090  -31.275  55.741 0.0000000000
70841  34.297  -31.066  58.477 0.0000000000
58289  19.610  -40.510  64.898 0.0000000000
60860  20.113  -38.962  65.636 0.0000000000
59562  19.098  -39.831  65.939 0.0000000000
59523  18.478  -39.908  67.323 0.0000000000
59547  16.006  -40.087  67.251 0.0000000000
59514  16.451  -39.967  68.759 0.0000000000
97223  52.557  -10.852  29.147 0.0000000000
95955  54.717  -11.782  30.620 0.0000000000
95957  53.048  -11.900  30.209 0.0000000000
94651  53.294  -12.512  31.897 0.0000000000
94617  53.206  -12.317  33.796 0.0000000000
94685  50.755  -12.616  30.684 0.0000000000
94653  51.822  -13.393  32.804 0.0000000000
94598  53.226  -12.198  34.967 0.0000000000
94568  53.599  -12.370  37.663 0.0000000000
94536  54.077  -12.872  40.493 0.0000000000
90823  53.806  -15.065  40.828 0.0000000000
85584  51.576  -19.679  44.945 0.0000000000
82936  53.174  -21.112  42.824 0.0000000000
84209  53.195  -20.472  44.405 0.0000000000
84226  53.982  -20.654  43.490 0.0000000000
85562  54.586  -19.643  45.501 0.0000000000
85598  55.518  -19.591  43.964 0.0000000000
84241  56.014  -19.582  42.860 0.0000000000
77891  38.474  -25.411  42.415 0.0000000000
70888  43.882  -30.779  54.594 0.0000000000
100958  49.223  -7.534  25.994 0.0000000000
99736  50.470  -9.073  26.781 0.0000000000
98457  51.291  -9.978  28.231 0.0000000000
104535  54.041  -4.271  18.868 0.0000000000
105682  53.355  -4.553  19.543 0.0000000000
54202  11.634  -44.139  60.602 0.0000000000
54160  11.667  -43.592  63.522 0.0000000000
54174  10.759  -44.285  62.968 0.0000000000
54127  9.312  -43.638  65.466 0.0000000000
54109  7.793  -43.771  66.267 0.0000000000
52725  7.875  -45.226  63.845 0.0000000000
85612  49.603  -19.718  42.405 0.0000000000
86889  50.865  -18.693  44.872 0.0000000000
88211  51.709  -18.275  45.628 0.0000000000
88210  52.138  -17.871  46.177 0.0000000000
89535  52.366  -17.644  47.580 0.0000000000
84184  49.490  -20.202  46.721 0.0000000000
88175  51.454  -17.892  48.026 0.0000000000
88173  52.269  -17.730  48.453 0.0000000000
86808  51.927  -18.695  48.578 0.0000000000
85508  51.499  -19.572  49.087 0.0000000000
85495  50.996  -20.183  49.835 0.0000000000
71060  32.570  -30.425  45.180 0.0000000000
72349  31.512  -30.460  47.054 0.0000000000
71014  33.113  -30.736  47.649 0.0000000000
70991  35.097  -30.788  47.986 0.0000000000
70949  37.447  -31.419  50.255 0.0000000000
68481  39.887  -32.607  52.345 0.0000000000
67080  42.371  -33.315  54.599 0.0000000000
70920  33.307  -31.302  52.618 0.0000000000
70919  34.289  -31.121  52.606 0.0000000000
70903  35.996  -30.888  53.504 0.0000000000
69640  37.726  -31.550  56.469 0.0000000000
69657  38.121  -31.530  55.499 0.0000000000
69676  38.475  -31.738  54.447 0.0000000000
68419  40.294  -33.111  55.322 0.0000000000
68418  41.523  -33.218  55.558 0.0000000000
68416  43.304  -32.767  55.128 0.0000000000
66933  28.774  -33.233  64.241 0.0000000000
68258  27.103  -33.736  64.088 0.0000000000
64348  26.549  -35.052  64.638 0.0000000000
63138  25.951  -36.425  64.634 0.0000000000
63173  24.526  -36.253  60.528 0.0000000000
63156  24.564  -36.846  62.402 0.0000000000
60873  25.138  -38.073  64.367 0.0000000000
59586  24.595  -38.700  63.974 0.0000000000
59588  22.941  -39.784  63.032 0.0000000000
58303  21.545  -40.769  63.430 0.0000000000
64548  22.244  -36.981  52.540 0.0000000000
62142  21.562  -37.838  54.192 0.0000000000
60954  21.843  -38.620  56.369 0.0000000000
59747  20.591  -39.700  53.846 0.0000000000
59722  21.129  -39.413  55.574 0.0000000000
59662  21.538  -39.300  58.260 0.0000000000
59629  21.144  -39.904  59.614 0.0000000000
58331  20.932  -40.653  61.680 0.0000000000
58304  20.683  -41.001  63.692 0.0000000000
56961  19.241  -41.344  63.373 0.0000000000
56977  18.011  -42.030  62.642 0.0000000000
56978  16.967  -41.861  62.514 0.0000000000
57055  17.304  -42.355  58.586 0.0000000000
57035  16.440  -42.294  59.503 0.0000000000
56999  15.686  -41.881  61.385 0.0000000000
57000  14.784  -42.218  61.241 0.0000000000
57019  14.048  -43.409  60.079 0.0000000000
57020  13.271  -43.514  59.537 0.0000000000
54213  12.301  -43.820  60.175 0.0000000000
54214  11.578  -43.837  59.679 0.0000000000
74916  27.577  -28.385  46.061 0.0000000000
73552  27.894  -29.086  47.406 0.0000000000
72297  28.498  -30.160  48.400 0.0000000000
71032  27.169  -30.544  46.397 0.0000000000
70995  28.173  -30.698  48.036 0.0000000000
70958  29.203  -30.819  50.528 0.0000000000
69722  30.212  -32.230  52.355 0.0000000000
68446  30.100  -32.820  54.905 0.0000000000
67047  30.060  -33.739  57.478 0.0000000000
67093  28.079  -34.410  55.098 0.0000000000
67048  29.270  -34.089  57.807 0.0000000000
66991  30.331  -33.529  60.252 0.0000000000
66962  29.938  -33.241  62.063 0.0000000000
68273  29.293  -32.529  63.361 0.0000000000
56945  10.537  -41.923  66.004 0.0000000000
58266  10.736  -40.866  67.308 0.0000000000
98388  60.796  -10.282  34.663 0.0000000000
95922  55.817  -11.387  33.614 0.0000000000
97141  56.898  -10.847  34.751 0.0000000000
97108  57.426  -10.762  36.647 0.0000000000
95846  56.113  -11.729  38.202 0.0000000000
95857  56.862  -11.663  37.710 0.0000000000
95856  57.798  -11.664  37.698 0.0000000000
93416  45.893  -14.073  30.407 0.0000000000
93379  47.364  -14.517  32.438 0.0000000000
90842  49.871  -15.518  38.050 0.0000000000
92058  49.849  -14.568  37.008 0.0000000000
93293  50.537  -13.860  37.550 0.0000000000
93234  53.341  -14.214  41.798 0.0000000000
88299  52.221  -17.127  40.148 0.0000000000
87017  50.795  -18.869  38.321 0.0000000000
82951  53.140  -21.202  41.946 0.0000000000
82983  52.406  -21.364  40.452 0.0000000000
82996  52.402  -21.213  39.491 0.0000000000
84274  54.553  -20.723  40.197 0.0000000000
82995  52.993  -20.983  39.450 0.0000000000
83008  51.922  -21.214  39.111 0.0000000000
84332  51.110  -20.384  38.409 0.0000000000
85697  50.939  -19.748  37.724 0.0000000000
80484  42.806  -23.575  40.408 0.0000000000
80420  44.856  -23.364  43.823 0.0000000000
80444  42.093  -23.445  42.428 0.0000000000
80404  44.010  -23.906  44.646 0.0000000000
81586  46.539  -23.417  46.328 0.0000000000
82872  47.988  -21.935  49.531 0.0000000000
84138  49.201  -20.758  50.508 0.0000000000
84124  50.081  -20.832  50.809 0.0000000000
72346  36.507  -29.469  46.287 0.0000000000
74978  37.887  -27.715  43.629 0.0000000000
76389  39.513  -26.657  44.298 0.0000000000
77857  39.974  -25.594  44.646 0.0000000000
72245  42.911  -29.704  53.471 0.0000000000
73492  42.349  -28.939  52.580 0.0000000000
73505  41.933  -28.363  51.303 0.0000000000
74798  41.634  -27.380  51.897 0.0000000000
74838  41.764  -27.517  49.904 0.0000000000
76326  41.038  -26.433  48.689 0.0000000000
77805  41.134  -25.630  47.049 0.0000000000
79133  40.654  -24.983  45.864 0.0000000000
80365  41.135  -23.965  46.955 0.0000000000
80349  41.753  -23.720  48.326 0.0000000000
80347  43.575  -23.593  48.898 0.0000000000
80317  43.486  -23.330  51.389 0.0000000000
81542  44.880  -22.759  51.174 0.0000000000
81556  44.872  -23.004  50.517 0.0000000000
82848  47.017  -22.200  51.862 0.0000000000
103266  53.054  -5.418  20.711 0.0000000000
103237  54.403  -5.720  22.352 0.0000000000
103221  55.265  -5.760  23.178 0.0000000000
102112  56.344  -5.976  24.530 0.0000000000
100964  57.829  -7.251  25.895 0.0000000000
100938  56.467  -7.547  26.769 0.0000000000
100936  58.761  -7.644  27.335 0.0000000000
100935  59.535  -7.253  27.697 0.0000000000
99698  60.665  -8.239  29.796 0.0000000000
68256  29.668  -32.312  64.282 0.0000000000
54158  13.094  -43.203  63.316 0.0000000000
54185  13.004  -43.476  62.268 0.0000000000
84149  51.636  -20.406  49.331 0.0000000000
85527  52.686  -19.722  48.281 0.0000000000
73522  29.610  -29.893  49.525 0.0000000000
73521  29.837  -29.243  49.816 0.0000000000
73508  29.737  -28.923  50.591 0.0000000000
64576  24.256  -36.764  51.887 0.0000000000
64546  23.673  -36.718  52.621 0.0000000000
64577  23.390  -36.812  51.826 0.0000000000
63321  24.812  -37.081  51.233 0.0000000000
59574  21.740  -40.115  64.962 0.0000000000
59558  22.122  -39.661  65.538 0.0000000000
59559  21.129  -39.464  65.537 0.0000000000
97207  55.055  -11.121  30.149 0.0000000000
97193  55.417  -11.270  30.462 0.0000000000
89637  52.344  -16.263  39.146 0.0000000000
90832  52.743  -15.887  39.405 0.0000000000
89638  51.850  -16.844  38.766 0.0000000000
160455  50.448  -19.497  42.820 0.0000000000
84229  51.083  -20.430  43.303 0.0000000000
80447  38.308  -24.012  42.374 0.0000000000
80425  38.877  -23.703  43.066 0.0000000000
81617  38.744  -23.109  43.633 0.0000000000
80409  39.370  -23.684  43.898 0.0000000000
69674  43.007  -32.194  54.189 0.0000000000
69692  42.770  -31.859  53.385 0.0000000000
69691  43.482  -31.284  53.670 0.0000000000
98443  53.129  -10.957  29.327 0.0000000000
98442  54.811  -9.774  29.214 0.0000000000
103263  55.622  -5.556  20.604 0.0000000000
103250  55.478  -5.648  21.502 0.0000000000
103251  54.520  -5.689  21.514 0.0000000000
67025  31.353  -32.934  58.060 0.0000000000
68351  31.768  -32.291  57.815 0.0000000000
68320  31.817  -32.719  59.730 0.0000000000
56950  16.718  -41.652  64.327 0.0000000000
58292  17.090  -40.952  64.951 0.0000000000
58293  16.215  -41.321  65.094 0.0000000000
97227  49.638  -11.083  27.948 0.0000000000
95989  50.255  -11.260  28.868 0.0000000000
95990  49.612  -11.468  28.474 0.0000000000
93378  49.192  -14.351  32.258 0.0000000000
93377  49.845  -14.154  32.452 0.0000000000
92114  50.159  -14.279  33.324 0.0000000000
93343  50.435  -13.785  34.841 0.0000000000
94620  50.120  -13.979  34.948 0.0000000000
52755  9.624  -45.151  61.457 0.0000000000
82953  48.390  -21.165  41.980 0.0000000000
84231  48.972  -20.898  43.689 0.0000000000
84211  49.173  -20.155  44.864 0.0000000000
84212  49.037  -20.980  44.610 0.0000000000
81596  47.245  -22.818  45.217 0.0000000000
82890  48.318  -21.377  47.230 0.0000000000
82901  47.721  -22.080  46.820 0.0000000000
82891  47.827  -22.050  47.866 0.0000000000
70933  35.320  -31.152  51.493 0.0000000000
69717  36.975  -31.345  52.549 0.0000000000
70853  35.872  -30.936  57.535 0.0000000000
70867  35.477  -30.816  56.487 0.0000000000
70866  36.256  -30.789  56.799 0.0000000000
65678  26.522  -34.596  60.696 0.0000000000
65670  26.425  -34.659  61.595 0.0000000000
65679  25.984  -35.169  60.164 0.0000000000
60945  22.244  -37.991  57.858 0.0000000000
62101  22.808  -37.668  58.988 0.0000000000
60930  22.628  -38.447  59.551 0.0000000000
59644  22.158  -39.119  59.325 0.0000000000
57125  19.254  -41.352  55.895 0.0000000000
58404  19.747  -40.864  56.239 0.0000000000
57078  18.882  -41.807  57.862 0.0000000000
65862  27.607  -34.273  49.299 0.0000000000
67210  27.406  -34.119  48.894 0.0000000000
67194  28.268  -33.977  49.802 0.0000000000
68516  28.226  -33.081  49.733 0.0000000000
67193  28.522  -33.717  50.526 0.0000000000
67176  29.046  -33.651  52.129 0.0000000000
67159  28.466  -34.105  52.452 0.0000000000
65727  26.576  -34.889  57.684 0.0000000000
65706  26.992  -35.070  58.776 0.0000000000
67013  27.137  -34.216  60.413 0.0000000000
63116  26.320  -36.522  65.773 0.0000000000
55567  7.991  -43.010  66.970 0.0000000000
56935  8.430  -41.924  67.104 0.0000000000
98433  60.117  -9.343  31.181 0.0000000000
97106  58.808  -11.372  36.527 0.0000000000
95855  58.488  -11.701  37.318 0.0000000000
95887  55.169  -11.335  35.342 0.0000000000
85654  50.944  -19.419  39.512 0.0000000000
80511  38.084  -23.405  40.250 0.0000000000
80362  43.374  -23.754  47.758 0.0000000000
80361  44.430  -23.709  47.883 0.0000000000
80345  45.683  -23.772  48.968 0.0000000000
71040  34.442  -30.049  45.937 0.0000000000
72371  34.097  -29.996  44.828 0.0000000000
72348  34.971  -29.668  45.939 0.0000000000
72290  41.187  -29.551  49.065 0.0000000000
72321  39.884  -29.256  47.554 0.0000000000
72320  40.522  -28.942  47.782 0.0000000000
73558  40.469  -28.391  47.193 0.0000000000
79073  41.591  -24.559  51.612 0.0000000000
79088  41.518  -24.725  50.434 0.0000000000
80319  41.925  -23.848  50.747 0.0000000000
80300  42.100  -23.765  51.758 0.0000000000
103192  53.392  -6.770  24.582 0.0000000000
102098  55.381  -6.661  25.112 0.0000000000
98432  60.667  -8.799  31.316 0.0000000000
104495  60.929  -4.168  22.142 0.0000000000
104481  61.521  -4.715  24.016 0.0000000000
102059  60.785  -6.959  28.192 0.0000000000
102067  60.211  -6.927  27.956 0.0000000000
68287  30.751  -32.697  62.013 0.0000000000
68286  31.313  -32.384  61.870 0.0000000000
56980  14.946  -42.198  62.331 0.0000000000
56952  14.818  -41.745  64.506 0.0000000000
56943  12.488  -41.848  65.691 0.0000000000
56942  13.428  -41.752  65.422 0.0000000000
58279  13.121  -41.407  66.254 0.0000000000
58264  12.831  -40.893  66.976 0.0000000000
58265  11.811  -40.783  67.134 0.0000000000
94688  47.430  -13.668  29.653 0.0000000000
93431  46.495  -13.721  29.584 0.0000000000
86828  52.793  -18.662  48.002 0.0000000000
85525  53.362  -19.157  47.523 0.0000000000
49992  8.111  -46.293  61.347 0.0000000000
48664  6.418  -47.622  63.833 0.0000000000
74915  28.179  -28.481  46.113 0.0000000000
73578  28.734  -28.771  46.104 0.0000000000
73563  28.999  -28.696  46.877 0.0000000000
72294  31.088  -30.030  50.090 0.0000000000
72311  30.666  -29.983  48.784 0.0000000000
70954  32.205  -30.299  50.400 0.0000000000
70953  33.158  -30.799  50.752 0.0000000000
64479  25.395  -35.969  55.909 0.0000000000
64463  24.640  -36.216  56.497 0.0000000000
64480  24.778  -36.294  55.506 0.0000000000
63271  22.941  -36.889  54.647 0.0000000000
63252  23.257  -36.994  55.604 0.0000000000
62119  22.972  -37.387  56.747 0.0000000000
63253  22.619  -37.182  55.162 0.0000000000
64600  25.668  -36.437  50.443 0.0000000000
65848  26.174  -35.828  49.736 0.0000000000
64599  26.474  -35.660  50.455 0.0000000000
64598  27.016  -35.437  50.275 0.0000000000
65832  26.858  -35.053  52.403 0.0000000000
64515  25.478  -35.845  53.706 0.0000000000
64496  25.673  -35.745  54.822 0.0000000000
65762  25.804  -35.622  56.246 0.0000000000
59538  24.238  -39.921  65.478 0.0000000000
97190  58.551  -10.556  31.284 0.0000000000
97175  59.406  -10.193  32.707 0.0000000000
95920  57.410  -11.381  33.096 0.0000000000
97166  58.583  -10.639  33.197 0.0000000000
97139  58.749  -10.421  35.153 0.0000000000
97140  57.811  -10.599  34.921 0.0000000000
95841  54.698  -12.154  39.010 0.0000000000
95840  55.199  -12.093  39.005 0.0000000000
94534  55.733  -13.102  40.797 0.0000000000
92032  54.677  -14.455  39.663 0.0000000000
89603  50.545  -16.974  41.734 0.0000000000
84263  50.758  -20.313  41.727 0.0000000000
160458  51.134  -18.418  42.311 0.0000000000
84277  50.884  -20.399  40.784 0.0000000000
82984  51.653  -21.217  40.763 0.0000000000
81707  36.326  -22.492  40.579 0.0000000000
81706  37.121  -22.335  40.988 0.0000000000
81705  37.789  -22.675  41.244 0.0000000000
81680  38.317  -22.853  41.804 0.0000000000
81599  40.254  -23.077  45.049 0.0000000000
81615  40.160  -22.718  44.308 0.0000000000
80377  42.323  -23.486  46.461 0.0000000000
80378  41.475  -23.412  46.139 0.0000000000
69749  39.012  -31.767  50.317 0.0000000000
70970  38.842  -31.176  49.289 0.0000000000
69748  40.089  -31.807  50.381 0.0000000000
70930  42.042  -31.239  51.692 0.0000000000
69746  41.660  -31.334  51.027 0.0000000000
70946  41.875  -30.567  50.682 0.0000000000
70945  42.254  -30.213  51.240 0.0000000000
99735  50.923  -8.541  26.665 0.0000000000
100956  51.257  -7.561  26.140 0.0000000000
100943  51.894  -7.747  26.527 0.0000000000
100942  53.102  -7.596  26.681 0.0000000000
100941  53.966  -7.685  26.751 0.0000000000
100953  53.904  -7.484  26.381 0.0000000000
99731  55.160  -7.961  27.067 0.0000000000
97205  57.481  -10.361  30.115 0.0000000000
97204  58.543  -10.300  30.408 0.0000000000
103248  57.501  -5.432  21.414 0.0000000000
103232  59.473  -5.192  22.006 0.0000000000
103219  57.105  -5.745  23.340 0.0000000000
103218  58.351  -6.011  23.525 0.0000000000
102115  57.563  -6.116  23.938 0.0000000000
102116  57.132  -5.864  23.920 0.0000000000
69721  30.884  -31.543  52.717 0.0000000000
69699  31.468  -31.620  53.524 0.0000000000
69680  31.461  -31.813  54.458 0.0000000000
69622  32.604  -31.413  57.724 0.0000000000
70881  32.385  -31.422  55.882 0.0000000000
70856  33.043  -31.325  57.440 0.0000000000
70855  33.964  -31.344  57.503 0.0000000000
58306  19.020  -41.116  64.202 0.0000000000
58272  19.163  -40.245  65.497 0.0000000000
58290  18.766  -40.815  65.014 0.0000000000
59545  17.813  -39.909  66.962 0.0000000000
59512  18.271  -39.957  68.186 0.0000000000
59524  17.602  -39.816  67.781 0.0000000000
58277  14.870  -40.904  65.801 0.0000000000
58261  15.422  -40.436  66.506 0.0000000000
59548  15.031  -39.994  67.214 0.0000000000
97224  51.879  -10.631  28.874 0.0000000000
95969  53.316  -11.589  29.925 0.0000000000
95970  52.678  -11.563  29.741 0.0000000000
95959  51.324  -11.956  30.172 0.0000000000
94683  52.798  -12.326  30.601 0.0000000000
94666  52.589  -12.693  31.323 0.0000000000
94637  53.204  -12.462  32.796 0.0000000000
94652  52.473  -12.839  32.288 0.0000000000
94703  48.523  -12.632  29.019 0.0000000000
94702  49.295  -12.441  29.317 0.0000000000
93375  51.130  -13.690  33.373 0.0000000000
93396  51.042  -13.558  32.563 0.0000000000
94639  51.833  -13.282  33.828 0.0000000000
94618  52.446  -12.725  34.388 0.0000000000
94580  53.382  -12.153  36.320 0.0000000000
94599  52.360  -12.968  35.663 0.0000000000
94548  52.875  -13.092  39.471 0.0000000000
94557  53.301  -12.866  38.718 0.0000000000
93247  54.703  -13.712  41.872 0.0000000000
92022  54.190  -14.735  40.846 0.0000000000
92010  54.279  -14.518  41.572 0.0000000000
84195  52.651  -20.228  44.940 0.0000000000
84210  52.239  -20.443  44.542 0.0000000000
84194  53.370  -20.075  44.996 0.0000000000
84208  54.276  -20.113  44.577 0.0000000000
84225  55.230  -19.836  43.724 0.0000000000
85597  56.039  -19.446  43.652 0.0000000000
84224  55.773  -19.531  43.422 0.0000000000
77901  37.263  -25.571  41.567 0.0000000000
77892  37.847  -25.606  42.123 0.0000000000
77876  38.212  -25.988  42.583 0.0000000000
99744  50.031  -8.463  26.387 0.0000000000
104522  53.957  -4.786  19.237 0.0000000000
54187  11.479  -44.318  61.612 0.0000000000
52753  10.935  -44.433  62.265 0.0000000000
54162  9.336  -44.344  63.881 0.0000000000
54146  8.701  -44.230  64.658 0.0000000000
55580  8.137  -43.407  66.223 0.0000000000
52686  7.867  -44.110  65.897 0.0000000000
51306  7.653  -45.741  63.341 0.0000000000
51305  8.151  -45.357  63.096 0.0000000000
51298  7.641  -45.487  64.081 0.0000000000
85624  49.907  -18.596  41.964 0.0000000000
85600  49.432  -20.018  43.426 0.0000000000
86869  49.937  -18.931  45.016 0.0000000000
88204  50.992  -17.941  46.796 0.0000000000
89569  51.521  -17.578  46.395 0.0000000000
89554  51.683  -17.423  46.672 0.0000000000
86867  52.479  -18.258  46.659 0.0000000000
89536  52.085  -17.469  47.249 0.0000000000
81610  47.946  -22.219  43.974 0.0000000000
82908  48.412  -21.555  45.155 0.0000000000
84185  48.892  -20.787  46.491 0.0000000000
84163  50.383  -19.850  48.521 0.0000000000
84173  50.340  -19.875  48.120 0.0000000000
86831  51.132  -18.634  48.270 0.0000000000
88174  51.871  -17.839  48.390 0.0000000000
88151  52.265  -18.074  48.596 0.0000000000
86809  51.457  -19.010  48.689 0.0000000000
85510  50.212  -20.023  49.782 0.0000000000
85497  49.941  -20.320  50.472 0.0000000000
72394  31.208  -30.155  44.368 0.0000000000
72393  32.401  -30.248  44.544 0.0000000000
72372  32.303  -30.458  45.290 0.0000000000
72350  30.644  -30.163  46.585 0.0000000000
70974  34.715  -30.917  49.316 0.0000000000
71013  34.041  -30.540  47.393 0.0000000000
70973  35.943  -31.005  48.998 0.0000000000
70972  36.867  -31.015  49.360 0.0000000000
68463  39.629  -32.644  53.328 0.0000000000
68482  39.238  -32.339  52.668 0.0000000000
67129  40.613  -33.057  53.841 0.0000000000
67127  41.668  -33.096  53.707 0.0000000000
67104  41.453  -33.333  54.246 0.0000000000
69719  32.219  -31.237  52.642 0.0000000000
70921  32.480  -30.772  52.123 0.0000000000
69718  32.709  -31.327  52.559 0.0000000000
70905  34.232  -31.022  53.633 0.0000000000
70904  35.113  -30.838  53.546 0.0000000000
69678  36.645  -31.110  54.468 0.0000000000
68392  39.039  -32.258  56.394 0.0000000000
69639  38.640  -31.801  56.620 0.0000000000
69656  38.739  -31.957  55.590 0.0000000000
69677  37.516  -31.378  54.469 0.0000000000
68420  39.232  -32.518  55.595 0.0000000000
69675  38.946  -32.104  55.006 0.0000000000
68389  42.150  -33.012  56.163 0.0000000000
68417  42.432  -33.213  55.168 0.0000000000
66947  28.627  -33.153  63.610 0.0000000000
66948  28.108  -33.478  63.855 0.0000000000
68290  27.482  -33.660  63.716 0.0000000000
65660  25.965  -35.189  62.564 0.0000000000
65647  26.467  -34.522  63.452 0.0000000000
65638  26.012  -35.019  63.657 0.0000000000
64349  26.076  -35.531  64.335 0.0000000000
64357  25.406  -35.763  63.174 0.0000000000
63199  24.647  -35.767  58.863 0.0000000000
63186  24.586  -36.024  59.499 0.0000000000
63165  24.109  -37.178  61.688 0.0000000000
63157  24.161  -37.352  62.202 0.0000000000
62057  25.276  -37.429  63.654 0.0000000000
62058  24.634  -37.752  63.293 0.0000000000
60888  24.429  -38.388  63.231 0.0000000000
59601  22.660  -39.757  62.089 0.0000000000
59600  23.395  -39.260  62.382 0.0000000000
58317  22.457  -40.111  62.689 0.0000000000
58302  22.332  -40.339  63.322 0.0000000000
58318  21.803  -40.344  62.327 0.0000000000
62155  21.142  -38.202  53.531 0.0000000000
62154  21.428  -37.605  53.045 0.0000000000
60967  21.513  -38.711  55.190 0.0000000000
59770  20.262  -39.627  52.723 0.0000000000
59748  20.070  -40.365  54.534 0.0000000000
59683  20.239  -40.296  56.802 0.0000000000
59703  20.735  -39.797  56.173 0.0000000000
59682  20.796  -39.831  57.066 0.0000000000
59681  21.466  -39.344  57.271 0.0000000000
59645  21.582  -39.506  59.126 0.0000000000
59646  20.981  -39.775  58.919 0.0000000000
58360  20.054  -40.804  60.119 0.0000000000
58344  20.965  -40.318  60.500 0.0000000000
58319  20.934  -40.987  62.694 0.0000000000
58332  20.238  -41.134  62.184 0.0000000000
56960  19.705  -41.216  63.230 0.0000000000
56995  19.534  -41.447  61.891 0.0000000000
56996  18.744  -41.944  61.747 0.0000000000
56997  17.737  -42.185  61.642 0.0000000000
57103  16.906  -42.649  56.421 0.0000000000
57080  17.157  -42.469  57.527 0.0000000000
57056  16.371  -42.538  58.489 0.0000000000
57016  16.540  -42.064  60.499 0.0000000000
57017  15.569  -42.093  60.359 0.0000000000
57018  14.823  -42.645  60.263 0.0000000000
55656  12.057  -43.412  58.993 0.0000000000
54233  11.203  -43.652  58.835 0.0000000000
73565  26.876  -28.909  46.144 0.0000000000
73564  27.294  -28.866  46.631 0.0000000000
73541  28.426  -29.565  47.985 0.0000000000
72312  27.887  -29.905  47.770 0.0000000000
69795  26.754  -31.406  46.023 0.0000000000
71033  26.527  -30.468  45.752 0.0000000000
69794  27.388  -31.376  46.737 0.0000000000
68527  28.564  -32.120  49.254 0.0000000000
69770  28.262  -31.519  48.567 0.0000000000
69760  28.568  -31.485  49.576 0.0000000000
69761  28.333  -31.028  49.228 0.0000000000
70939  29.357  -31.466  50.993 0.0000000000
69739  29.533  -32.126  51.405 0.0000000000
67135  29.233  -33.431  53.555 0.0000000000
68466  30.035  -32.810  53.664 0.0000000000
67067  30.236  -33.362  56.519 0.0000000000
67091  29.717  -33.416  55.650 0.0000000000
65794  27.407  -34.659  53.630 0.0000000000
67114  27.992  -34.290  54.018 0.0000000000
67028  28.883  -33.931  58.683 0.0000000000
67027  29.852  -33.880  58.513 0.0000000000
66992  29.466  -33.630  60.482 0.0000000000
66977  30.302  -33.429  61.265 0.0000000000
66978  29.356  -33.582  61.460 0.0000000000
66980  27.705  -33.699  62.096 0.0000000000
66964  28.601  -33.271  62.779 0.0000000000
66922  27.860  -34.423  64.578 0.0000000000
60822  19.819  -39.012  66.485 0.0000000000
60843  20.483  -38.933  66.389 0.0000000000
59521  20.226  -39.639  66.666 0.0000000000
54144  11.049  -43.336  64.476 0.0000000000
55586  11.216  -42.987  64.998 0.0000000000
55577  10.988  -42.655  65.452 0.0000000000
58267  9.730  -41.115  67.409 0.0000000000
58245  10.206  -40.627  68.100 0.0000000000
58244  11.465  -40.303  68.173 0.0000000000
58230  10.708  -40.327  68.858 0.0000000000
98403  60.014  -10.099  34.008 0.0000000000
98389  60.232  -10.206  34.607 0.0000000000
95869  59.296  -11.419  36.056 0.0000000000
95943  54.662  -11.951  31.297 0.0000000000
95942  55.393  -11.646  31.653 0.0000000000
95933  55.521  -11.526  32.522 0.0000000000
95886  55.778  -11.112  35.218 0.0000000000
97142  56.177  -11.082  34.697 0.0000000000
97124  56.339  -10.874  35.473 0.0000000000
97123  57.158  -10.677  35.713 0.0000000000
97098  56.861  -11.002  37.208 0.0000000000
94555  55.807  -12.111  38.749 0.0000000000
94566  57.150  -12.153  37.835 0.0000000000
93286  57.433  -12.596  37.725 0.0000000000
94565  57.820  -12.320  37.637 0.0000000000
92170  45.745  -14.295  31.152 0.0000000000
93401  46.324  -14.393  31.348 0.0000000000
94670  46.849  -14.482  31.718 0.0000000000
93380  47.009  -14.435  32.588 0.0000000000
90805  51.284  -16.145  41.706 0.0000000000
89639  50.276  -16.052  39.440 0.0000000000
90804  51.754  -15.757  42.058 0.0000000000
89600  52.445  -16.151  42.090 0.0000000000
92013  51.905  -14.934  41.289 0.0000000000
92024  51.568  -14.522  40.278 0.0000000000
92057  50.157  -14.161  37.388 0.0000000000
92012  52.367  -14.310  40.957 0.0000000000
93269  51.753  -13.825  39.570 0.0000000000
91996  53.356  -14.731  42.117 0.0000000000
86993  51.158  -18.486  39.176 0.0000000000
88300  51.723  -17.537  39.535 0.0000000000
85671  50.767  -19.464  38.651 0.0000000000
82969  53.918  -21.018  40.717 0.0000000000
82970  53.175  -21.411  41.036 0.0000000000
84289  53.485  -20.743  39.203 0.0000000000
84290  52.829  -20.959  39.037 0.0000000000
84306  52.215  -21.002  38.655 0.0000000000
80509  40.348  -24.221  39.417 0.0000000000
80485  41.719  -23.958  40.147 0.0000000000
80460  43.349  -23.382  40.979 0.0000000000
80443  43.430  -23.418  42.207 0.0000000000
80446  40.484  -23.095  42.409 0.0000000000
80463  40.476  -23.440  41.926 0.0000000000
80423  41.626  -23.292  43.444 0.0000000000
80390  44.150  -23.933  45.768 0.0000000000
80389  45.126  -23.794  46.003 0.0000000000
80403  45.125  -23.542  44.920 0.0000000000
80373  46.332  -23.696  47.028 0.0000000000
81566  47.638  -22.786  48.441 0.0000000000
80358  47.194  -23.447  48.246 0.0000000000
82860  47.980  -21.862  50.580 0.0000000000
85485  49.924  -20.543  50.691 0.0000000000
84126  48.948  -21.057  51.044 0.0000000000
72323  37.803  -30.177  47.399 0.0000000000
73576  38.162  -28.893  45.960 0.0000000000
73597  37.093  -28.858  45.111 0.0000000000
73619  36.847  -28.842  44.478 0.0000000000
73629  37.242  -28.424  43.913 0.0000000000
74952  38.070  -28.041  44.298 0.0000000000
74908  40.263  -27.497  46.112 0.0000000000
74950  39.506  -27.300  44.751 0.0000000000
76388  39.860  -26.529  45.075 0.0000000000
76372  40.338  -26.596  45.705 0.0000000000
72232  43.885  -29.901  55.019 0.0000000000
72238  43.475  -29.769  54.190 0.0000000000
73485  42.213  -28.045  53.688 0.0000000000
73484  42.480  -28.833  53.156 0.0000000000
72263  42.210  -29.206  51.683 0.0000000000
76273  41.569  -26.488  51.150 0.0000000000
76255  41.601  -26.340  52.234 0.0000000000
74817  41.806  -27.445  50.791 0.0000000000
76312  41.580  -26.985  49.664 0.0000000000
74860  41.198  -27.030  48.891 0.0000000000
76313  41.239  -26.547  49.480 0.0000000000
77791  41.035  -25.568  48.191 0.0000000000
77806  40.988  -25.268  46.460 0.0000000000
79113  41.063  -24.719  47.578 0.0000000000
79123  40.956  -24.693  46.497 0.0000000000
80348  42.542  -23.689  48.665 0.0000000000
80333  43.919  -23.108  50.242 0.0000000000
81526  43.818  -23.267  51.687 0.0000000000
81495  45.305  -22.956  52.927 0.0000000000
81525  44.791  -22.951  51.787 0.0000000000
81524  45.518  -22.450  51.775 0.0000000000
81523  46.416  -22.402  51.531 0.0000000000
82833  47.249  -22.191  52.150 0.0000000000
104511  52.498  -4.867  20.618 0.0000000000
103195  50.471  -6.005  24.956 0.0000000000
103194  51.361  -6.400  24.771 0.0000000000
103238  53.436  -5.838  22.350 0.0000000000
102097  56.313  -6.299  25.078 0.0000000000
103189  55.840  -5.924  24.485 0.0000000000
102096  57.468  -6.855  25.269 0.0000000000
100965  57.326  -7.039  25.787 0.0000000000
100927  56.315  -8.039  27.312 0.0000000000
100926  57.170  -8.004  27.533 0.0000000000
99699  59.642  -8.587  29.460 0.0000000000
100925  58.212  -7.969  27.797 0.0000000000
100923  60.104  -7.630  28.587 0.0000000000
100910  60.346  -8.015  29.269 0.0000000000
99672  61.192  -8.673  31.198 0.0000000000
103259  59.309  -4.560  20.193 0.0000000000
104510  59.295  -4.488  19.673 0.0000000000
104509  59.866  -4.147  20.030 0.0000000000
69501  30.473  -31.900  63.913 0.0000000000
56981  14.198  -42.787  62.225 0.0000000000
56954  12.728  -42.199  64.943 0.0000000000
56955  12.020  -42.180  65.298 0.0000000000
73551  28.814  -29.049  47.622 0.0000000000
73550  29.619  -29.310  48.146 0.0000000000
73539  29.852  -29.679  49.002 0.0000000000
73537  30.544  -29.494  49.813 0.0000000000
72278  31.597  -29.845  50.757 0.0000000000
64498  24.053  -36.675  54.234 0.0000000000
64499  23.370  -36.792  54.066 0.0000000000
64500  22.843  -36.876  53.945 0.0000000000
64543  26.203  -35.517  52.918 0.0000000000
64516  24.583  -36.094  53.517 0.0000000000
59539  22.997  -40.056  65.700 0.0000000000
59540  22.081  -39.588  66.169 0.0000000000
58256  21.730  -40.087  66.461 0.0000000000
97206  56.350  -10.629  30.147 0.0000000000
97177  57.685  -11.055  31.837 0.0000000000
97178  56.992  -11.237  31.406 0.0000000000
95940  56.915  -11.413  31.982 0.0000000000
95931  57.204  -11.404  32.558 0.0000000000
94521  55.478  -13.533  41.295 0.0000000000
93258  55.621  -13.660  41.008 0.0000000000
90830  54.090  -14.833  40.211 0.0000000000
160460  50.982  -17.850  42.705 0.0000000000
84262  51.319  -20.871  41.965 0.0000000000
80448  37.656  -23.402  42.282 0.0000000000
81660  37.287  -22.846  41.962 0.0000000000
81659  38.130  -22.779  42.428 0.0000000000
81639  38.227  -23.034  43.022 0.0000000000
81616  39.467  -22.939  44.359 0.0000000000
81588  40.631  -23.283  45.531 0.0000000000
68479  41.345  -32.455  52.279 0.0000000000
68494  41.487  -32.276  51.918 0.0000000000
69713  41.953  -32.013  52.389 0.0000000000
69712  42.482  -31.576  52.605 0.0000000000
70915  42.740  -30.843  52.491 0.0000000000
99719  53.490  -8.964  28.213 0.0000000000
99718  55.086  -8.188  27.351 0.0000000000
98454  55.736  -8.319  27.761 0.0000000000
103235  56.323  -5.657  22.392 0.0000000000
103220  56.154  -5.733  23.182 0.0000000000
68421  31.233  -32.254  55.403 0.0000000000
69660  31.481  -32.003  55.402 0.0000000000
69643  31.489  -32.009  56.447 0.0000000000
69604  32.126  -31.816  57.852 0.0000000000
70843  32.864  -31.279  58.873 0.0000000000
56949  17.613  -41.405  64.324 0.0000000000
58291  17.987  -41.155  65.148 0.0000000000
58274  17.573  -40.814  65.829 0.0000000000
58259  17.222  -40.397  66.462 0.0000000000
58241  14.295  -40.381  67.269 0.0000000000
97212  50.748  -10.894  28.879 0.0000000000
97211  51.452  -10.927  29.169 0.0000000000
95972  50.820  -11.413  29.508 0.0000000000
95960  50.380  -12.038  30.096 0.0000000000
94669  49.553  -13.366  31.068 0.0000000000
93398  49.554  -13.810  31.694 0.0000000000
93376  50.488  -14.076  32.912 0.0000000000
93360  51.109  -13.578  34.306 0.0000000000
94600  51.678  -13.345  35.379 0.0000000000
93342  51.123  -13.486  35.156 0.0000000000
93305  52.084  -13.414  37.497 0.0000000000
93279  52.193  -13.368  39.169 0.0000000000
86887  52.563  -18.830  45.810 0.0000000000
84193  53.820  -19.948  44.984 0.0000000000
85582  54.493  -19.779  44.972 0.0000000000
85561  55.466  -19.970  45.111 0.0000000000
98459  50.173  -10.139  27.664 0.0000000000
52770  10.232  -44.741  60.844 0.0000000000
52754  10.427  -44.620  61.762 0.0000000000
52739  9.312  -44.989  62.460 0.0000000000
52724  8.553  -44.977  63.453 0.0000000000
84247  48.938  -20.616  42.691 0.0000000000
85566  49.545  -19.407  44.860 0.0000000000
85550  49.997  -18.941  46.382 0.0000000000
85539  50.119  -19.281  47.129 0.0000000000
81611  47.322  -22.609  44.201 0.0000000000
82900  48.269  -21.397  46.156 0.0000000000
84164  50.043  -20.163  48.909 0.0000000000
85529  50.445  -19.829  49.144 0.0000000000
84151  49.360  -20.566  49.662 0.0000000000
72395  30.127  -30.135  44.316 0.0000000000
70993  32.858  -30.758  48.678 0.0000000000
71015  32.162  -30.663  47.896 0.0000000000
70975  33.595  -30.802  49.557 0.0000000000
70951  35.507  -31.216  50.327 0.0000000000
70931  37.010  -31.532  51.030 0.0000000000
69737  37.141  -31.574  51.804 0.0000000000
69716  37.746  -31.605  52.505 0.0000000000
68464  38.955  -32.199  53.329 0.0000000000
70879  33.909  -31.037  55.630 0.0000000000
70891  34.102  -30.816  54.649 0.0000000000
70877  35.653  -30.734  55.419 0.0000000000
69659  36.438  -30.914  55.388 0.0000000000
68366  40.406  -32.388  57.591 0.0000000000
66981  26.886  -33.922  62.364 0.0000000000
68291  27.323  -33.753  63.654 0.0000000000
64382  26.257  -35.073  61.937 0.0000000000
64383  25.812  -35.300  61.403 0.0000000000
63201  23.268  -36.953  58.665 0.0000000000
63187  23.752  -36.790  59.705 0.0000000000
63188  23.213  -37.256  59.302 0.0000000000
62090  23.631  -37.456  60.400 0.0000000000
60911  23.486  -38.553  61.718 0.0000000000
60912  23.175  -38.877  61.171 0.0000000000
59615  22.613  -39.319  61.130 0.0000000000
59616  21.886  -39.594  60.832 0.0000000000
60992  20.636  -38.850  53.136 0.0000000000
59664  20.313  -40.334  57.668 0.0000000000
58374  20.611  -40.167  58.827 0.0000000000
57032  19.305  -41.461  59.831 0.0000000000
57013  19.392  -41.425  60.914 0.0000000000
57033  18.417  -42.062  59.706 0.0000000000
57057  15.556  -43.072  58.407 0.0000000000
57058  14.518  -43.408  58.169 0.0000000000
72331  26.961  -29.330  46.327 0.0000000000
67251  27.128  -33.443  47.579 0.0000000000
67250  27.468  -32.897  48.140 0.0000000000
68543  27.538  -32.388  47.649 0.0000000000
68505  28.897  -32.957  50.580 0.0000000000
69723  29.812  -32.555  51.860 0.0000000000
68498  29.475  -33.114  51.744 0.0000000000
67158  29.035  -33.561  52.740 0.0000000000
67113  28.731  -33.932  54.338 0.0000000000
65760  27.111  -34.662  55.841 0.0000000000
65743  27.276  -34.595  56.998 0.0000000000
65705  27.644  -34.690  58.341 0.0000000000
67012  27.846  -33.955  60.059 0.0000000000
66993  28.592  -33.736  60.745 0.0000000000
66994  27.775  -33.879  61.062 0.0000000000
56946  9.812  -41.945  66.283 0.0000000000
56925  8.925  -41.491  67.616 0.0000000000
97138  59.667  -10.448  35.192 0.0000000000
97105  59.302  -11.209  36.024 0.0000000000
94578  58.765  -12.283  36.618 0.0000000000
94579  58.188  -12.652  37.075 0.0000000000
95923  54.766  -11.635  33.345 0.0000000000
95904  54.910  -11.493  34.416 0.0000000000
95871  55.688  -10.986  36.032 0.0000000000
92155  45.483  -14.423  31.669 0.0000000000
88274  51.594  -17.734  41.477 0.0000000000
88286  51.820  -17.626  40.599 0.0000000000
86975  51.520  -18.243  40.248 0.0000000000
80462  41.334  -23.709  41.573 0.0000000000
80392  42.165  -23.469  45.388 0.0000000000
80406  41.947  -23.403  44.372 0.0000000000
80391  43.099  -23.808  45.582 0.0000000000
80375  44.259  -23.883  46.841 0.0000000000
80344  46.618  -23.729  49.028 0.0000000000
80315  47.039  -23.032  50.168 0.0000000000
81522  47.294  -22.382  51.181 0.0000000000
71010  39.515  -29.998  47.828 0.0000000000
72322  38.957  -29.473  47.279 0.0000000000
73560  39.001  -28.804  46.675 0.0000000000
73575  38.799  -28.644  46.060 0.0000000000
73595  38.591  -28.416  45.261 0.0000000000
73574  39.561  -28.264  46.178 0.0000000000
73573  40.130  -28.118  46.605 0.0000000000
74907  40.621  -27.488  46.758 0.0000000000
73475  43.311  -29.046  54.191 0.0000000000
73467  43.042  -28.192  54.911 0.0000000000
74768  42.491  -27.836  54.537 0.0000000000
74769  42.213  -27.401  54.373 0.0000000000
77761  41.239  -25.785  50.291 0.0000000000
77762  41.077  -26.052  49.796 0.0000000000
77775  41.485  -25.197  49.872 0.0000000000
80336  41.318  -24.062  48.810 0.0000000000
103193  52.357  -6.600  24.721 0.0000000000
103209  53.381  -6.438  23.915 0.0000000000
103208  54.357  -6.211  23.919 0.0000000000
102080  56.228  -6.965  25.742 0.0000000000
99700  58.284  -8.930  28.907 0.0000000000
103245  60.037  -4.453  21.141 0.0000000000
104502  60.042  -4.290  20.749 0.0000000000
104501  60.538  -4.112  21.133 0.0000000000
105654  61.210  -3.540  21.309 0.0000000000
102108  60.148  -6.137  24.963 0.0000000000
102076  60.784  -6.253  26.327 0.0000000000
102058  61.096  -6.830  27.880 0.0000000000
66976  30.938  -33.242  60.856 0.0000000000
68303  31.734  -32.563  61.151 0.0000000000
69544  32.269  -31.690  61.772 0.0000000000
56951  15.732  -41.923  64.424 0.0000000000
56953  13.789  -41.938  64.276 0.0000000000
58278  13.977  -41.088  65.951 0.0000000000
58242  13.574  -40.451  67.556 0.0000000000
59529  12.509  -39.935  68.478 0.0000000000
94687  48.052  -13.468  29.782 0.0000000000
93414  48.356  -13.996  30.668 0.0000000000
93399  48.551  -14.348  31.751 0.0000000000
88171  53.029  -18.654  47.504 0.0000000000
86865  54.060  -18.947  46.545 0.0000000000
86847  53.259  -18.839  47.233 0.0000000000
85538  53.706  -19.726  47.451 0.0000000000
85548  54.996  -20.014  45.813 0.0000000000
51319  8.542  -45.853  61.620 0.0000000000
49978  7.564  -46.116  62.555 0.0000000000
49973  7.351  -46.198  63.056 0.0000000000
49979  7.065  -47.198  62.203 0.0000000000
49974  7.052  -46.854  63.331 0.0000000000
49971  6.292  -46.650  64.855 0.0000000000
81652  46.012  -22.669  42.676 0.0000000000
81612  46.294  -23.136  44.584 0.0000000000
72328  30.594  -29.968  47.731 0.0000000000
73561  30.030  -29.461  47.739 0.0000000000
70994  31.927  -30.666  48.903 0.0000000000
70976  32.576  -30.652  49.674 0.0000000000
65707  25.738  -35.143  58.326 0.0000000000
65690  25.305  -35.204  58.855 0.0000000000
64444  24.376  -36.029  57.604 0.0000000000
63215  24.166  -36.216  57.522 0.0000000000
64481  24.022  -36.643  55.248 0.0000000000
63251  23.768  -36.678  56.022 0.0000000000
63216  23.502  -36.763  57.506 0.0000000000
62111  22.396  -37.812  57.339 0.0000000000
58421  18.984  -41.334  54.626 0.0000000000
57126  18.534  -41.628  55.410 0.0000000000
57079  18.094  -42.136  57.658 0.0000000000
65846  27.537  -34.882  50.111 0.0000000000
65831  27.633  -34.792  51.568 0.0000000000
65814  27.976  -34.454  52.259 0.0000000000
65795  26.847  -35.169  54.153 0.0000000000
64514  26.273  -35.531  53.877 0.0000000000
65778  26.462  -35.123  55.069 0.0000000000
65761  26.343  -35.262  56.072 0.0000000000
65745  25.799  -35.272  56.784 0.0000000000
97165  59.380  -10.235  33.643 0.0000000000
97107  58.244  -10.918  36.735 0.0000000000
95873  54.144  -11.717  36.522 0.0000000000
95859  54.575  -11.796  37.461 0.0000000000
93267  56.203  -13.234  39.902 0.0000000000
92020  55.519  -14.092  40.419 0.0000000000
89630  49.959  -16.724  39.795 0.0000000000
89612  50.834  -16.556  41.509 0.0000000000
88261  51.292  -17.436  42.182 0.0000000000
160457  51.251  -18.140  42.266 0.0000000000
85638  50.979  -19.530  40.987 0.0000000000
81747  37.379  -22.987  39.959 0.0000000000
80488  38.150  -23.104  40.971 0.0000000000
81679  39.273  -23.099  41.974 0.0000000000
81656  40.380  -22.745  42.834 0.0000000000
82957  39.289  -22.364  42.979 0.0000000000
82956  39.970  -22.427  42.987 0.0000000000
80407  41.183  -23.056  44.227 0.0000000000
72308  35.953  -30.235  47.777 0.0000000000
72325  35.880  -29.806  46.910 0.0000000000
72307  36.704  -30.533  47.985 0.0000000000
70989  38.244  -30.768  48.375 0.0000000000
69758  40.463  -31.193  49.839 0.0000000000
70969  39.953  -30.948  49.119 0.0000000000
70968  41.067  -30.389  49.507 0.0000000000
70986  40.810  -29.807  48.874 0.0000000000
72289  41.710  -29.327  49.627 0.0000000000
100966  50.684  -7.133  25.701 0.0000000000
102085  51.850  -7.246  25.996 0.0000000000
102084  52.411  -7.135  25.948 0.0000000000
102083  53.294  -7.188  25.922 0.0000000000
102082  54.456  -7.388  25.988 0.0000000000
102070  55.040  -7.617  26.506 0.0000000000
100939  55.544  -7.818  26.893 0.0000000000
99716  56.731  -8.331  27.938 0.0000000000
98453  56.525  -8.629  28.198 0.0000000000
99701  57.623  -8.938  28.680 0.0000000000
98439  58.525  -9.656  29.576 0.0000000000
97203  59.307  -10.085  30.899 0.0000000000
103271  58.302  -4.740  19.388 0.0000000000
103260  58.633  -4.813  20.066 0.0000000000
103261  57.643  -5.232  20.407 0.0000000000
103203  59.533  -6.010  24.241 0.0000000000
102109  59.321  -6.548  24.911 0.0000000000
102095  58.799  -6.944  25.806 0.0000000000
70937  30.479  -30.423  51.213 0.0000000000
72255  30.917  -29.995  51.285 0.0000000000
70923  30.885  -30.722  51.987 0.0000000000
69720  31.569  -31.263  52.691 0.0000000000
70907  32.684  -31.306  54.077 0.0000000000
70894  31.951  -31.599  55.193 0.0000000000
70893  32.556  -31.311  55.001 0.0000000000
70892  33.265  -30.986  54.814 0.0000000000
70854  34.943  -31.170  57.494 0.0000000000
68319  32.622  -32.457  60.191 0.0000000000
69559  33.022  -31.986  59.921 0.0000000000
69579  33.282  -31.551  59.641 0.0000000000
70801  34.044  -31.325  60.266 0.0000000000
70822  33.698  -31.105  59.428 0.0000000000
63323  23.186  -36.887  51.090 0.0000000000
58288  20.392  -40.588  64.573 0.0000000000
59560  20.413  -39.396  65.470 0.0000000000
59576  20.200  -39.999  65.181 0.0000000000
59543  19.487  -39.415  66.228 0.0000000000
59522  19.469  -39.803  66.649 0.0000000000
58273  18.480  -40.476  65.807 0.0000000000
59544  18.718  -39.965  66.525 0.0000000000
59511  19.003  -40.223  67.451 0.0000000000
58276  15.775  -40.771  65.718 0.0000000000
58260  16.338  -40.379  66.468 0.0000000000
59525  16.683  -39.982  67.964 0.0000000000
98444  52.855  -10.879  29.198 0.0000000000
97194  54.495  -11.492  30.151 0.0000000000
97195  53.772  -11.480  29.911 0.0000000000
95956  53.823  -11.861  30.369 0.0000000000
94664  54.112  -12.134  31.202 0.0000000000
95958  52.279  -12.020  30.112 0.0000000000
94665  53.547  -12.312  31.023 0.0000000000
94650  54.040  -12.260  31.658 0.0000000000
95924  53.958  -12.124  33.135 0.0000000000
95974  49.221  -12.069  28.889 0.0000000000
94668  50.111  -13.069  31.327 0.0000000000
94667  51.408  -13.135  31.665 0.0000000000
94638  52.495  -12.819  33.314 0.0000000000
94556  54.165  -12.420  38.756 0.0000000000
94581  52.651  -12.814  36.961 0.0000000000
94547  53.673  -12.726  39.633 0.0000000000
92009  55.214  -14.237  41.401 0.0000000000
90822  54.134  -14.755  40.637 0.0000000000
89628  52.182  -16.837  39.528 0.0000000000
88213  50.957  -19.023  44.449 0.0000000000
84244  52.095  -20.951  43.016 0.0000000000
84227  52.683  -20.908  43.640 0.0000000000
85581  55.223  -19.747  44.472 0.0000000000
79208  37.003  -24.964  41.487 0.0000000000
79193  38.299  -24.837  42.135 0.0000000000
79176  38.839  -24.697  42.625 0.0000000000
69655  43.814  -31.729  55.215 0.0000000000
70876  43.939  -30.652  55.466 0.0000000000
100957  50.200  -7.391  26.034 0.0000000000
98472  50.751  -9.435  27.310 0.0000000000
98471  51.041  -9.313  27.392 0.0000000000
98456  52.391  -10.613  28.955 0.0000000000
103276  53.886  -5.350  20.067 0.0000000000
54201  12.544  -43.926  60.990 0.0000000000
54172  12.361  -43.648  62.846 0.0000000000
54186  12.341  -43.950  62.005 0.0000000000
54173  11.304  -44.214  62.686 0.0000000000
52738  10.460  -44.435  62.716 0.0000000000
54145  9.872  -43.838  64.543 0.0000000000
55579  8.678  -43.129  66.100 0.0000000000
51313  8.342  -45.513  62.551 0.0000000000
52709  7.749  -44.867  64.551 0.0000000000
52696  7.763  -44.410  65.506 0.0000000000
52687  7.588  -44.330  66.110 0.0000000000
54110  7.205  -44.078  66.827 0.0000000000
160454  51.495  -18.841  45.044 0.0000000000
86888  51.877  -18.882  45.301 0.0000000000
88212  51.275  -18.139  45.929 0.0000000000
86849  52.271  -17.991  46.823 0.0000000000
86848  52.703  -18.453  47.229 0.0000000000
84197  48.939  -20.860  45.530 0.0000000000
85540  49.851  -19.770  46.891 0.0000000000
84174  49.896  -20.279  47.682 0.0000000000
89518  51.379  -17.619  47.616 0.0000000000
89517  51.605  -17.495  47.778 0.0000000000
89516  52.128  -17.467  48.180 0.0000000000
89515  52.457  -17.686  47.814 0.0000000000
88149  52.763  -18.040  48.236 0.0000000000
86806  52.691  -18.225  48.353 0.0000000000
86807  52.427  -18.556  48.404 0.0000000000
71059  32.980  -30.381  45.088 0.0000000000
71029  34.159  -30.279  46.521 0.0000000000
72375  29.552  -29.900  45.380 0.0000000000
72374  30.478  -30.165  45.450 0.0000000000
71031  32.445  -30.712  46.895 0.0000000000
71030  33.342  -30.511  46.641 0.0000000000
71012  34.726  -30.196  47.078 0.0000000000
72293  36.210  -30.433  48.443 0.0000000000
69734  39.681  -32.237  51.277 0.0000000000
69736  37.803  -31.684  51.425 0.0000000000
69735  38.677  -32.038  51.306 0.0000000000
68480  40.775  -32.660  52.375 0.0000000000
68461  41.443  -32.687  53.034 0.0000000000
68441  42.875  -32.901  54.262 0.0000000000
68440  43.185  -32.392  54.515 0.0000000000
72254  31.399  -29.961  51.619 0.0000000000
72266  31.879  -29.841  51.413 0.0000000000
72264  32.783  -30.592  51.570 0.0000000000
70936  32.811  -30.814  51.817 0.0000000000
70935  33.317  -31.056  51.710 0.0000000000
70918  35.210  -30.978  52.539 0.0000000000
69641  36.786  -31.228  56.424 0.0000000000
69658  37.222  -31.321  55.446 0.0000000000
69696  36.826  -31.204  53.505 0.0000000000
69695  37.672  -31.450  53.473 0.0000000000
68443  39.254  -32.471  54.377 0.0000000000
67082  41.178  -33.417  54.878 0.0000000000
66934  27.670  -33.918  64.303 0.0000000000
65636  27.171  -34.355  64.450 0.0000000000
66949  26.883  -34.179  63.826 0.0000000000
65637  26.608  -34.555  64.212 0.0000000000
65627  26.891  -34.830  64.808 0.0000000000
64339  26.680  -35.423  65.015 0.0000000000
64332  26.365  -36.187  65.612 0.0000000000
62027  26.117  -37.165  65.344 0.0000000000
65680  25.432  -35.287  59.549 0.0000000000
64398  25.223  -35.528  60.298 0.0000000000
64384  25.097  -35.868  61.378 0.0000000000
63164  24.474  -36.465  61.522 0.0000000000
64370  25.049  -36.152  62.233 0.0000000000
63147  25.637  -36.472  63.815 0.0000000000
62056  25.861  -37.040  64.163 0.0000000000
62012  26.159  -37.779  65.073 0.0000000000
60856  25.385  -38.262  65.003 0.0000000000
59571  24.786  -38.674  64.651 0.0000000000
59572  24.244  -39.405  64.413 0.0000000000
59587  23.931  -39.319  63.354 0.0000000000
58286  22.006  -40.473  64.123 0.0000000000
58287  21.243  -40.715  64.433 0.0000000000
64578  22.530  -36.943  51.620 0.0000000000
64519  22.566  -36.998  53.333 0.0000000000
63287  21.945  -37.223  53.311 0.0000000000
62132  22.028  -37.738  55.399 0.0000000000
62120  22.269  -37.865  56.559 0.0000000000
60946  22.084  -38.562  57.541 0.0000000000
60982  21.158  -38.928  54.282 0.0000000000
59723  20.687  -39.771  55.131 0.0000000000
60968  21.146  -39.211  55.049 0.0000000000
59702  21.330  -39.370  56.278 0.0000000000
60938  21.986  -38.859  58.225 0.0000000000
59661  22.004  -39.132  58.641 0.0000000000
59628  21.614  -39.607  60.053 0.0000000000
58343  21.466  -39.895  60.670 0.0000000000
58359  20.627  -40.281  59.464 0.0000000000
58330  21.499  -40.097  61.260 0.0000000000
58305  19.804  -40.916  63.819 0.0000000000
56976  18.936  -41.681  62.668 0.0000000000
56962  18.342  -41.535  63.592 0.0000000000
57034  17.424  -42.311  59.610 0.0000000000
56998  16.721  -41.833  61.501 0.0000000000
56979  15.898  -41.856  62.446 0.0000000000
57001  14.347  -43.066  61.075 0.0000000000
55637  13.530  -43.547  60.921 0.0000000000
55638  13.073  -43.618  60.183 0.0000000000
57039  12.825  -43.366  58.855 0.0000000000
55655  12.530  -43.538  59.562 0.0000000000
54203  10.823  -44.326  60.261 0.0000000000
54215  10.428  -44.234  59.372 0.0000000000
52790  10.033  -44.593  60.133 0.0000000000
74932  27.873  -28.463  45.544 0.0000000000
74898  27.888  -28.518  46.788 0.0000000000
72296  28.997  -30.290  49.167 0.0000000000
72352  26.880  -29.864  46.206 0.0000000000
71016  27.658  -30.571  47.226 0.0000000000
69783  27.843  -31.422  47.506 0.0000000000
70979  28.367  -30.660  48.894 0.0000000000
70978  28.686  -30.658  49.626 0.0000000000
72280  29.845  -30.048  50.395 0.0000000000
70938  30.026  -31.296  51.412 0.0000000000
69700  30.822  -32.095  53.630 0.0000000000
68484  29.798  -32.732  52.139 0.0000000000
69701  30.386  -32.393  53.333 0.0000000000
68445  30.563  -32.467  54.315 0.0000000000
68398  30.958  -32.602  56.367 0.0000000000
67046  30.880  -33.097  57.188 0.0000000000
67026  30.661  -33.445  58.258 0.0000000000
67137  27.945  -34.254  53.121 0.0000000000
67092  28.903  -33.931  55.433 0.0000000000
67069  28.072  -34.193  56.283 0.0000000000
67068  29.270  -34.062  56.651 0.0000000000
67009  30.477  -33.545  59.276 0.0000000000
66990  31.167  -33.270  60.075 0.0000000000
68288  29.784  -32.604  62.811 0.0000000000
66963  29.241  -33.257  62.331 0.0000000000
68289  29.183  -32.838  62.812 0.0000000000
69515  29.492  -32.204  63.510 0.0000000000
68257  29.044  -32.325  64.036 0.0000000000
60858  21.221  -38.960  65.889 0.0000000000
59541  21.467  -39.543  66.427 0.0000000000
54143  12.148  -43.188  64.146 0.0000000000
55576  11.603  -42.369  65.358 0.0000000000
56944  11.532  -41.875  65.725 0.0000000000
56933  10.204  -41.470  66.695 0.0000000000
56932  11.150  -41.336  66.493 0.0000000000
59530  11.865  -39.890  68.728 0.0000000000
98402  60.607  -9.993  33.924 0.0000000000
95954  55.444  -11.586  30.974 0.0000000000
95932  56.404  -11.385  32.593 0.0000000000
95921  56.823  -11.369  33.272 0.0000000000
97158  56.551  -11.226  34.057 0.0000000000
95858  55.835  -11.239  37.288 0.0000000000
94554  56.460  -12.344  38.595 0.0000000000
97097  57.642  -11.081  37.405 0.0000000000
93400  47.446  -14.478  31.516 0.0000000000
92131  48.532  -14.611  32.674 0.0000000000
92100  47.002  -15.039  34.041 0.0000000000
90879  47.766  -15.005  34.930 0.0000000000
90824  51.410  -15.252  40.998 0.0000000000
92047  49.980  -15.001  37.556 0.0000000000
92099  47.666  -14.755  34.389 0.0000000000
92117  47.795  -14.583  33.409 0.0000000000
93345  49.186  -14.311  34.785 0.0000000000
92097  49.322  -14.364  34.149 0.0000000000
93307  50.477  -13.903  36.541 0.0000000000
93268  52.431  -13.441  39.907 0.0000000000
93233  54.162  -14.077  42.122 0.0000000000
89619  52.926  -16.359  40.967 0.0000000000
89618  53.256  -15.783  41.331 0.0000000000
90813  53.635  -15.122  41.663 0.0000000000
89627  52.697  -16.372  40.068 0.0000000000
87016  50.946  -18.289  38.446 0.0000000000
82952  52.504  -21.148  42.447 0.0000000000
82971  52.181  -21.245  41.549 0.0000000000
82997  51.756  -21.276  39.898 0.0000000000
83009  51.830  -21.246  39.383 0.0000000000
82981  53.900  -20.800  40.204 0.0000000000
84288  54.395  -20.517  39.239 0.0000000000
84275  53.903  -20.678  39.797 0.0000000000
84307  51.364  -20.895  39.122 0.0000000000
84331  51.597  -20.552  38.056 0.0000000000
80442  44.513  -23.336  42.780 0.0000000000
81613  45.527  -23.257  44.230 0.0000000000
80487  38.927  -23.506  40.758 0.0000000000
80486  40.166  -23.677  40.812 0.0000000000
80422  42.625  -23.524  43.417 0.0000000000
80421  43.738  -23.607  43.548 0.0000000000
80402  45.820  -23.445  45.474 0.0000000000
81597  46.527  -23.234  45.700 0.0000000000
81575  47.484  -22.843  47.519 0.0000000000
82882  47.848  -22.126  48.720 0.0000000000
82871  48.706  -21.210  49.818 0.0000000000
80343  47.351  -23.328  49.103 0.0000000000
84137  49.661  -20.554  50.609 0.0000000000
72347  35.718  -29.530  46.086 0.0000000000
72369  35.518  -29.535  45.222 0.0000000000
72345  37.448  -29.371  46.373 0.0000000000
72368  36.395  -29.236  45.348 0.0000000000
74999  37.548  -27.250  42.576 0.0000000000
74951  38.729  -27.684  44.322 0.0000000000
74977  38.502  -27.469  43.796 0.0000000000
76409  38.297  -26.756  42.828 0.0000000000
77875  38.991  -25.788  42.827 0.0000000000
77858  39.641  -25.710  43.713 0.0000000000
70901  43.656  -30.619  53.861 0.0000000000
72244  43.275  -30.192  53.737 0.0000000000
72239  43.137  -29.221  54.001 0.0000000000
72251  42.401  -29.606  52.384 0.0000000000
72275  42.054  -29.388  50.634 0.0000000000
73518  41.857  -28.396  50.270 0.0000000000
74785  41.806  -27.193  53.197 0.0000000000
73536  41.798  -28.304  49.372 0.0000000000
73547  41.681  -28.143  48.499 0.0000000000
74874  41.361  -27.274  48.221 0.0000000000
76355  40.937  -26.648  47.006 0.0000000000
76339  41.060  -26.491  47.790 0.0000000000
77820  41.013  -26.166  46.614 0.0000000000
77821  40.820  -25.735  46.163 0.0000000000
77838  40.221  -25.625  45.491 0.0000000000
79146  40.278  -24.496  45.089 0.0000000000
79132  40.620  -24.239  45.683 0.0000000000
80394  40.447  -23.614  45.472 0.0000000000
80379  40.941  -23.738  45.942 0.0000000000
80350  41.267  -24.043  47.961 0.0000000000
80364  41.669  -23.615  47.272 0.0000000000
80299  42.960  -23.333  51.797 0.0000000000
80298  43.328  -23.222  51.744 0.0000000000
81507  45.378  -22.634  52.496 0.0000000000
81543  44.230  -23.092  51.228 0.0000000000
80332  45.064  -23.284  49.757 0.0000000000
81555  45.366  -23.150  50.243 0.0000000000
82847  47.814  -21.977  51.508 0.0000000000
82846  48.624  -21.765  51.439 0.0000000000
104523  53.134  -5.042  19.933 0.0000000000
103252  53.579  -5.682  21.510 0.0000000000
103207  55.218  -6.022  23.915 0.0000000000
103206  56.092  -5.874  23.956 0.0000000000
102111  57.000  -6.157  24.400 0.0000000000
102078  59.101  -7.141  26.576 0.0000000000
102068  56.011  -7.245  26.198 0.0000000000
100952  56.454  -7.213  26.264 0.0000000000
100937  57.688  -7.609  27.065 0.0000000000
100950  58.390  -7.362  26.564 0.0000000000
100949  59.209  -7.324  27.001 0.0000000000
100909  60.750  -7.730  29.191 0.0000000000
47266  6.366  -47.957  64.113 0.0000000000
49984  8.004  -46.014  61.991 0.0000000000
51307  7.281  -46.213  63.718 0.0000000000
51314  7.805  -45.719  62.792 0.0000000000
51318  8.982  -45.399  61.936 0.0000000000
52708  8.443  -44.664  64.187 0.0000000000
52722  10.236  -44.365  63.125 0.0000000000
52737  10.909  -44.378  62.554 0.0000000000
52740  8.745  -45.156  62.825 0.0000000000
54125  10.915  -43.112  65.080 0.0000000000
54128  8.289  -43.895  65.663 0.0000000000
54159  12.712  -43.221  63.569 0.0000000000
54161  10.483  -44.087  63.448 0.0000000000
54163  8.766  -44.573  64.061 0.0000000000
54171  13.059  -43.337  62.995 0.0000000000
55565  9.414  -42.173  66.356 0.0000000000
55578  9.796  -42.737  66.064 0.0000000000
55584  12.868  -42.738  64.072 0.0000000000
55585  11.836  -42.719  64.863 0.0000000000
55592  13.423  -42.958  63.318 0.0000000000
55593  13.024  -42.986  63.690 0.0000000000
55604  13.539  -43.241  62.531 0.0000000000
56975  19.638  -41.355  62.725 0.0000000000
58257  21.179  -40.022  66.401 0.0000000000
58320  20.171  -41.180  63.052 0.0000000000
59542  20.877  -39.591  66.458 0.0000000000
59561  19.755  -39.570  65.628 0.0000000000
59724  20.064  -40.420  55.440 0.0000000000
60821  20.003  -39.189  66.731 0.0000000000
60841  21.649  -39.202  66.292 0.0000000000
60842  21.243  -39.054  66.352 0.0000000000
60844  19.940  -38.825  66.015 0.0000000000
60859  20.516  -38.921  65.792 0.0000000000
60887  24.783  -38.076  63.727 0.0000000000
60901  23.901  -38.515  62.559 0.0000000000
60920  23.378  -38.382  61.004 0.0000000000
60921  22.983  -38.589  60.477 0.0000000000
60981  21.413  -38.437  54.439 0.0000000000
62028  25.858  -37.786  64.790 0.0000000000
62043  25.987  -37.105  64.787 0.0000000000
62044  25.650  -37.547  64.343 0.0000000000
62066  24.760  -37.278  63.012 0.0000000000
62067  24.294  -37.692  62.683 0.0000000000
62081  23.743  -37.785  61.154 0.0000000000
62091  23.217  -37.752  59.835 0.0000000000
63115  26.713  -36.439  66.140 0.0000000000
63126  26.139  -36.541  65.317 0.0000000000
63148  25.130  -36.681  63.081 0.0000000000
63214  24.361  -36.155  57.353 0.0000000000
63231  23.988  -36.495  56.735 0.0000000000
63320  25.365  -36.867  51.071 0.0000000000
64340  26.325  -35.971  65.178 0.0000000000
64358  25.019  -36.336  62.705 0.0000000000
64368  26.040  -35.262  62.189 0.0000000000
64410  24.934  -35.433  59.230 0.0000000000
64424  25.391  -35.210  57.863 0.0000000000
64426  24.369  -35.899  57.853 0.0000000000
64443  24.604  -35.915  57.378 0.0000000000
64462  25.310  -35.823  56.758 0.0000000000
64464  24.175  -36.442  56.015 0.0000000000
64517  23.894  -36.602  53.408 0.0000000000
64518  23.189  -36.829  53.339 0.0000000000
65617  26.899  -35.156  65.160 0.0000000000
65626  27.406  -34.789  64.777 0.0000000000
65648  25.913  -35.089  62.976 0.0000000000
65671  26.116  -34.997  60.899 0.0000000000
65688  26.664  -34.777  59.831 0.0000000000
65708  25.267  -35.215  58.489 0.0000000000
65726  27.336  -34.758  57.868 0.0000000000
65728  25.786  -34.973  57.453 0.0000000000
65779  25.933  -35.530  55.609 0.0000000000
65830  28.229  -34.368  51.924 0.0000000000
65847  26.758  -35.391  49.700 0.0000000000
66935  27.209  -33.950  64.055 0.0000000000
66966  27.038  -34.041  63.319 0.0000000000
67010  29.593  -33.686  59.482 0.0000000000
67029  27.941  -34.335  59.001 0.0000000000
67045  31.358  -32.595  57.439 0.0000000000
67066  30.647  -33.009  56.601 0.0000000000
67081  41.875  -33.439  54.791 0.0000000000
67103  42.129  -33.324  54.128 0.0000000000
67105  40.773  -33.256  54.335 0.0000000000
67128  41.072  -33.073  53.722 0.0000000000
67160  27.971  -34.341  52.635 0.0000000000
67177  28.631  -33.934  51.430 0.0000000000
67209  27.701  -33.567  49.073 0.0000000000
67228  27.222  -33.915  48.449 0.0000000000
68259  26.954  -33.679  64.039 0.0000000000
68272  29.594  -32.378  63.202 0.0000000000
68274  27.270  -33.845  63.962 0.0000000000
68275  27.123  -33.903  63.783 0.0000000000
68338  31.755  -32.527  58.696 0.0000000000
68350  32.137  -32.062  58.365 0.0000000000
68372  31.495  -32.198  57.242 0.0000000000
68397  31.253  -32.290  55.787 0.0000000000
68399  30.557  -32.980  56.329 0.0000000000
68422  30.842  -32.453  55.308 0.0000000000
68423  30.402  -32.943  55.841 0.0000000000
68444  38.730  -32.061  53.878 0.0000000000
68460  42.216  -32.798  53.527 0.0000000000
68462  40.498  -32.844  53.240 0.0000000000
68465  30.458  -32.441  53.728 0.0000000000
68495  41.070  -32.464  51.736 0.0000000000
68497  29.326  -33.348  52.311 0.0000000000
68515  28.550  -32.325  49.737 0.0000000000
68558  27.415  -31.881  47.107 0.0000000000
69503  29.417  -32.055  63.699 0.0000000000
69514  29.779  -32.180  63.325 0.0000000000
69531  30.042  -32.297  62.955 0.0000000000
69580  32.808  -31.689  59.374 0.0000000000
69602  32.834  -31.323  58.006 0.0000000000
69603  32.533  -31.522  58.386 0.0000000000
69623  32.279  -31.596  57.554 0.0000000000
69624  31.778  -31.811  57.215 0.0000000000
69625  31.366  -32.044  56.955 0.0000000000
69644  31.286  -32.250  56.733 0.0000000000
69661  31.198  -32.236  55.162 0.0000000000
69672  43.831  -31.195  54.107 0.0000000000
69690  43.756  -31.251  53.818 0.0000000000
69697  32.753  -31.457  53.173 0.0000000000
69698  32.104  -31.413  53.399 0.0000000000
69710  43.837  -31.237  53.550 0.0000000000
69711  43.596  -31.257  53.517 0.0000000000
69714  39.190  -32.263  51.986 0.0000000000
69732  41.536  -31.979  51.369 0.0000000000
69733  40.664  -32.184  51.089 0.0000000000
69738  29.954  -31.906  51.663 0.0000000000
69747  41.093  -31.422  50.502 0.0000000000
69750  38.216  -31.611  50.663 0.0000000000
69757  40.961  -30.977  49.977 0.0000000000
69769  28.544  -31.946  48.964 0.0000000000
70823  33.141  -31.252  59.191 0.0000000000
70852  36.638  -31.092  57.414 0.0000000000
70857  32.457  -31.455  57.184 0.0000000000
70858  32.085  -31.542  57.076 0.0000000000
70868  34.483  -31.110  56.521 0.0000000000
70869  33.571  -31.362  56.558 0.0000000000
70870  32.765  -31.393  56.588 0.0000000000
70871  32.196  -31.472  56.626 0.0000000000
70872  31.849  -31.618  56.728 0.0000000000
70887  43.939  -30.829  54.143 0.0000000000
70900  44.155  -30.899  53.865 0.0000000000
70913  44.066  -31.181  53.714 0.0000000000
70914  43.742  -30.876  53.477 0.0000000000
70948  38.228  -31.339  49.973 0.0000000000
70955  31.661  -30.147  50.268 0.0000000000
70956  30.372  -30.212  50.880 0.0000000000
70957  30.051  -30.490  50.807 0.0000000000
70971  37.683  -30.993  49.248 0.0000000000
70988  39.281  -30.719  48.354 0.0000000000
70990  35.925  -30.701  48.229 0.0000000000
71009  39.977  -29.753  47.917 0.0000000000
71041  33.742  -30.294  45.548 0.0000000000
71042  32.621  -30.504  45.828 0.0000000000
71043  32.016  -30.691  46.342 0.0000000000
72252  42.294  -29.017  52.280 0.0000000000
72253  32.068  -29.996  51.992 0.0000000000
72262  42.265  -29.867  51.613 0.0000000000
72265  32.537  -30.205  51.679 0.0000000000
72267  30.605  -29.911  51.092 0.0000000000
72268  29.945  -29.468  50.905 0.0000000000
72274  42.270  -29.864  51.117 0.0000000000
72276  32.814  -30.450  51.366 0.0000000000
72279  30.290  -30.032  50.631 0.0000000000
72281  29.237  -29.971  50.067 0.0000000000
72292  36.673  -30.623  48.745 0.0000000000
72295  30.693  -29.931  49.535 0.0000000000
72304  40.929  -29.200  48.399 0.0000000000
72305  40.323  -29.499  47.970 0.0000000000
72306  37.282  -30.698  48.468 0.0000000000
72309  35.343  -30.123  47.311 0.0000000000
72310  31.213  -30.259  49.216 0.0000000000
72326  35.178  -29.811  46.666 0.0000000000
72367  37.004  -29.087  45.740 0.0000000000
73477  42.383  -27.938  54.279 0.0000000000
73494  30.899  -29.565  51.230 0.0000000000
73495  30.667  -29.510  51.197 0.0000000000
73507  30.476  -29.064  51.117 0.0000000000
73509  29.486  -29.367  50.136 0.0000000000
73519  30.784  -29.444  50.602 0.0000000000
73520  30.276  -29.038  50.273 0.0000000000
73538  30.289  -29.586  49.455 0.0000000000
73562  29.605  -29.149  47.172 0.0000000000
73577  29.304  -29.212  46.215 0.0000000000
73594  39.215  -28.199  45.558 0.0000000000
73596  37.717  -28.804  45.381 0.0000000000
73618  37.603  -28.493  44.481 0.0000000000
74859  41.585  -27.378  49.189 0.0000000000
74873  41.545  -27.359  48.666 0.0000000000
74881  28.637  -28.656  47.182 0.0000000000
74882  28.294  -28.679  47.235 0.0000000000
74890  41.025  -27.450  47.418 0.0000000000
74925  39.813  -27.534  45.400 0.0000000000
74979  37.158  -28.176  43.524 0.0000000000
76293  41.551  -26.660  50.159 0.0000000000
76408  38.926  -26.950  43.502 0.0000000000
76449  37.363  -26.445  41.809 0.0000000000
79124  40.835  -25.134  46.262 0.0000000000
79145  40.208  -24.124  45.338 0.0000000000
79159  39.823  -24.559  44.205 0.0000000000
80329  47.319  -23.047  49.774 0.0000000000
80330  46.826  -23.417  49.750 0.0000000000
80331  45.936  -23.468  49.884 0.0000000000
80359  46.423  -23.767  48.094 0.0000000000
80372  46.998  -23.443  47.438 0.0000000000
80388  45.980  -23.656  46.211 0.0000000000
80408  39.746  -23.688  44.668 0.0000000000
80441  45.287  -23.106  43.016 0.0000000000
80445  41.008  -23.227  42.657 0.0000000000
80464  38.657  -23.247  41.412 0.0000000000
80465  38.203  -22.917  41.364 0.0000000000
80483  43.330  -23.358  40.396 0.0000000000
81539  47.469  -22.611  50.205 0.0000000000
81540  46.733  -22.758  50.746 0.0000000000
81541  45.735  -22.847  50.792 0.0000000000
81554  47.678  -22.677  49.298 0.0000000000
81557  44.480  -23.015  50.813 0.0000000000
81598  40.739  -22.844  44.758 0.0000000000
81600  39.839  -23.259  44.866 0.0000000000
81614  40.626  -22.772  43.979 0.0000000000
81618  38.383  -23.149  43.405 0.0000000000
81632  47.567  -22.164  43.315 0.0000000000
81633  46.673  -22.661  43.498 0.0000000000
81634  45.791  -23.047  43.626 0.0000000000
81635  40.594  -22.734  43.396 0.0000000000
81636  40.211  -22.543  43.548 0.0000000000
81637  39.816  -22.422  43.991 0.0000000000
81638  38.480  -23.266  43.180 0.0000000000
81650  47.441  -22.000  42.768 0.0000000000
81651  46.983  -22.268  42.635 0.0000000000
81654  44.425  -23.052  41.994 0.0000000000
81655  40.941  -22.978  42.890 0.0000000000
81658  39.053  -22.838  42.334 0.0000000000
81677  44.130  -23.067  41.249 0.0000000000
81678  40.062  -22.989  42.195 0.0000000000
81703  39.893  -23.338  41.653 0.0000000000
82920  48.464  -21.696  44.114 0.0000000000
82922  39.025  -22.789  43.936 0.0000000000
82923  38.685  -22.897  43.779 0.0000000000
82924  38.355  -22.767  43.147 0.0000000000
82937  52.601  -21.133  42.998 0.0000000000
82938  48.248  -21.549  43.059 0.0000000000
82939  47.692  -21.850  42.857 0.0000000000
82940  39.911  -22.383  43.240 0.0000000000
82941  39.329  -22.534  43.654 0.0000000000
82942  38.415  -22.667  42.944 0.0000000000
82955  46.956  -21.979  42.114 0.0000000000
82958  38.691  -22.537  42.802 0.0000000000
82959  38.462  -22.616  42.776 0.0000000000
82972  51.537  -21.098  41.347 0.0000000000
82985  47.683  -21.610  39.832 0.0000000000
84125  49.492  -20.903  50.895 0.0000000000
84213  38.994  -22.590  43.970 0.0000000000
84214  38.915  -22.625  43.680 0.0000000000
84215  38.675  -22.572  43.297 0.0000000000
84228  51.598  -20.572  43.789 0.0000000000
84232  39.050  -22.527  43.602 0.0000000000
84234  38.469  -22.269  43.046 0.0000000000
84245  51.433  -20.718  42.861 0.0000000000
84248  39.042  -22.394  43.258 0.0000000000
84249  38.826  -22.358  42.934 0.0000000000
84250  38.521  -22.408  42.903 0.0000000000
84261  51.883  -21.016  42.366 0.0000000000
85486  49.753  -20.661  50.808 0.0000000000
85496  50.347  -20.290  50.236 0.0000000000
85528  50.530  -19.445  48.377 0.0000000000
85551  49.719  -19.304  46.098 0.0000000000
85565  52.112  -20.181  45.159 0.0000000000
85583  51.967  -19.499  45.335 0.0000000000
85599  50.858  -19.891  43.724 0.0000000000
86850  50.670  -18.542  47.361 0.0000000000
86912  52.060  -19.243  45.340 0.0000000000
86959  51.529  -18.192  41.077 0.0000000000
88150  52.590  -17.931  48.465 0.0000000000
88172  52.749  -18.177  47.893 0.0000000000
88191  52.555  -17.982  47.601 0.0000000000
88192  52.321  -17.707  47.330 0.0000000000
88193  51.199  -17.990  47.493 0.0000000000
88203  52.211  -17.716  46.836 0.0000000000
88334  49.225  -17.116  37.601 0.0000000000
89489  52.592  -17.772  48.162 0.0000000000
89490  52.443  -17.670  48.284 0.0000000000
89537  51.657  -17.410  47.267 0.0000000000
89553  51.947  -17.476  46.459 0.0000000000
89555  51.212  -17.434  46.920 0.0000000000
89567  51.983  -17.715  45.907 0.0000000000
89568  51.703  -17.655  46.182 0.0000000000
89610  53.096  -15.751  41.941 0.0000000000
89611  52.673  -16.372  41.587 0.0000000000
89620  50.673  -16.298  40.858 0.0000000000
89621  50.199  -16.780  40.583 0.0000000000
89626  53.235  -15.836  40.600 0.0000000000
89629  50.384  -16.099  40.161 0.0000000000
89650  49.389  -16.407  37.752 0.0000000000
89651  49.215  -16.829  37.197 0.0000000000
89660  49.320  -16.138  36.876 0.0000000000
89661  48.989  -16.787  36.555 0.0000000000
90801  53.723  -14.862  42.271 0.0000000000
90802  53.336  -15.241  42.192 0.0000000000
90803  52.545  -15.483  42.210 0.0000000000
90812  53.738  -14.757  42.030 0.0000000000
90814  51.546  -15.502  41.580 0.0000000000
90815  51.094  -15.857  41.225 0.0000000000
90825  50.869  -15.435  40.502 0.0000000000
90831  53.380  -15.415  39.671 0.0000000000
90833  50.556  -15.387  39.716 0.0000000000
90841  50.360  -15.443  38.843 0.0000000000
90851  49.618  -15.445  37.268 0.0000000000
90864  49.456  -15.386  36.218 0.0000000000
90865  49.170  -15.124  35.712 0.0000000000
90877  49.180  -15.807  35.709 0.0000000000
90878  48.586  -15.346  35.208 0.0000000000
90894  47.647  -15.437  34.397 0.0000000000
91994  54.931  -14.222  42.004 0.0000000000
91995  53.955  -14.425  41.852 0.0000000000
91997  52.499  -14.734  41.851 0.0000000000
91998  51.903  -15.203  41.788 0.0000000000
92011  53.986  -14.973  40.972 0.0000000000
92023  52.250  -14.132  40.447 0.0000000000
92025  50.842  -14.892  40.003 0.0000000000
92034  51.276  -14.148  39.592 0.0000000000
92035  50.776  -14.526  39.306 0.0000000000
92046  50.266  -14.567  38.033 0.0000000000
92070  49.687  -14.885  36.159 0.0000000000
92071  48.983  -14.959  35.588 0.0000000000
92083  48.456  -14.613  34.976 0.0000000000
92084  47.981  -14.833  34.979 0.0000000000
92098  48.502  -14.504  34.249 0.0000000000
92101  46.583  -15.071  33.668 0.0000000000
92115  49.710  -14.395  33.541 0.0000000000
92116  48.862  -14.568  33.508 0.0000000000
92118  46.880  -14.679  33.608 0.0000000000
92129  49.966  -14.402  32.994 0.0000000000
92132  47.825  -14.576  32.662 0.0000000000
92133  45.554  -14.665  32.510 0.0000000000
92152  48.177  -14.568  32.302 0.0000000000
92153  47.853  -14.550  32.136 0.0000000000
92154  45.859  -14.365  31.392 0.0000000000
92171  45.135  -14.199  30.954 0.0000000000
93231  55.177  -14.080  42.264 0.0000000000
93232  54.790  -14.085  42.160 0.0000000000
93246  55.252  -13.858  41.819 0.0000000000
93248  53.928  -13.723  41.606 0.0000000000
93249  53.020  -13.732  41.305 0.0000000000
93259  52.535  -13.682  40.570 0.0000000000
93260  52.201  -13.951  40.093 0.0000000000
93266  56.574  -12.917  39.596 0.0000000000
93270  51.136  -13.884  39.215 0.0000000000
93280  51.506  -13.569  38.830 0.0000000000
93281  50.805  -13.864  38.536 0.0000000000
93291  52.082  -13.364  38.379 0.0000000000
93292  51.342  -13.556  37.991 0.0000000000
93294  49.982  -13.905  37.040 0.0000000000
93308  49.863  -14.145  36.357 0.0000000000
93309  49.612  -14.428  35.910 0.0000000000
93310  49.249  -14.226  35.764 0.0000000000
93324  51.386  -13.616  35.989 0.0000000000
93325  50.578  -13.806  35.644 0.0000000000
93326  48.828  -14.506  35.186 0.0000000000
93327  49.232  -14.065  35.293 0.0000000000
93344  49.886  -14.146  34.561 0.0000000000
93346  49.173  -14.050  34.940 0.0000000000
93362  49.879  -14.323  33.809 0.0000000000
93363  47.455  -14.514  32.914 0.0000000000
93364  47.052  -14.438  33.028 0.0000000000
93365  46.421  -14.549  33.088 0.0000000000
93381  45.986  -14.584  32.809 0.0000000000
93430  47.109  -13.734  29.596 0.0000000000
94522  55.164  -13.395  41.352 0.0000000000
94523  54.446  -13.305  41.218 0.0000000000
94537  53.093  -13.071  40.447 0.0000000000
94546  54.655  -12.268  39.710 0.0000000000
94558  52.647  -13.187  38.757 0.0000000000
94569  52.721  -12.995  37.996 0.0000000000
94582  50.150  -14.097  35.937 0.0000000000
94583  49.989  -14.241  36.139 0.0000000000
94584  49.321  -13.953  35.856 0.0000000000
94585  49.271  -13.985  35.565 0.0000000000
94601  50.179  -13.955  35.321 0.0000000000
94602  50.129  -14.032  35.454 0.0000000000
94603  49.723  -13.930  35.544 0.0000000000
94604  49.101  -13.990  35.420 0.0000000000
94621  49.863  -14.080  34.865 0.0000000000
94622  49.627  -14.036  34.980 0.0000000000
94623  49.367  -14.025  35.059 0.0000000000
94640  46.606  -14.445  32.817 0.0000000000
94641  46.226  -14.499  32.901 0.0000000000
94654  47.038  -14.511  32.077 0.0000000000
94655  46.667  -14.482  32.425 0.0000000000
94656  46.280  -14.509  32.624 0.0000000000
94671  46.537  -14.507  31.995 0.0000000000
94672  46.357  -14.507  32.317 0.0000000000
94682  53.319  -12.119  30.528 0.0000000000
95848  54.718  -12.030  38.444 0.0000000000
95860  53.879  -11.942  37.002 0.0000000000
95935  53.859  -12.353  32.359 0.0000000000
95944  54.183  -12.015  30.882 0.0000000000
95953  55.874  -11.434  31.265 0.0000000000
97095  58.548  -11.465  37.130 0.0000000000
97159  56.039  -11.294  34.231 0.0000000000
97209  53.117  -11.208  29.490 0.0000000000
97210  52.290  -11.098  29.316 0.0000000000
98452  57.187  -8.839  28.397 0.0000000000
100924  59.167  -7.786  28.091 0.0000000000
100934  61.377  -6.936  27.837 0.0000000000
102079  56.885  -6.877  25.642 0.0000000000
103277  53.405  -5.355  20.334 0.0000000000
