#!ascii label  , from subject HYGLY28_VISIT_2 vox2ras=TkReg
681
66932  29.663  -33.096  64.455 0.0000000000
84149  51.636  -20.406  49.331 0.0000000000
85649  58.580  -19.269  39.729 0.0000000000
76288  47.587  -26.641  50.626 0.0000000000
70853  35.872  -30.936  57.535 0.0000000000
68285  33.654  -32.605  62.387 0.0000000000
85579  56.534  -20.222  44.337 0.0000000000
81594  53.755  -22.225  45.575 0.0000000000
74784  44.036  -27.992  53.851 0.0000000000
67017  41.390  -33.405  57.938 0.0000000000
90861  51.750  -15.277  36.800 0.0000000000
84327  55.007  -20.004  37.599 0.0000000000
80300  42.100  -23.765  51.758 0.0000000000
80276  48.907  -23.527  51.735 0.0000000000
70767  32.752  -31.025  62.130 0.0000000000
68271  31.682  -32.498  63.611 0.0000000000
84172  53.757  -20.465  47.077 0.0000000000
82906  55.034  -21.352  45.129 0.0000000000
82880  52.536  -21.305  48.138 0.0000000000
69731  44.735  -31.640  51.247 0.0000000000
69555  38.392  -31.671  60.025 0.0000000000
70850  39.626  -31.307  57.979 0.0000000000
67019  40.080  -33.639  58.636 0.0000000000
89648  51.485  -16.624  37.765 0.0000000000
87092  51.368  -18.796  35.451 0.0000000000
85722  51.404  -19.340  36.393 0.0000000000
85636  57.237  -19.559  41.078 0.0000000000
84287  55.478  -20.332  39.481 0.0000000000
85669  56.701  -19.136  39.083 0.0000000000
87087  57.594  -17.680  36.211 0.0000000000
85715  58.472  -19.383  36.842 0.0000000000
76292  43.773  -26.486  50.052 0.0000000000
77707  42.049  -25.649  53.046 0.0000000000
79071  44.574  -24.517  51.487 0.0000000000
80264  45.741  -23.228  53.287 0.0000000000
77741  48.950  -25.754  51.528 0.0000000000
79112  50.592  -24.688  48.584 0.0000000000
77790  49.547  -26.110  48.752 0.0000000000
70799  35.710  -31.155  60.324 0.0000000000
85611  56.320  -19.389  43.122 0.0000000000
85621  57.709  -19.668  41.659 0.0000000000
82948  57.385  -21.215  42.558 0.0000000000
81646  56.202  -21.704  42.597 0.0000000000
68387  44.297  -32.242  55.532 0.0000000000
72242  45.336  -29.908  53.710 0.0000000000
73516  44.270  -28.936  50.828 0.0000000000
73531  47.191  -28.777  49.003 0.0000000000
76337  47.988  -26.889  47.624 0.0000000000
68389  42.150  -33.012  56.163 0.0000000000
64452  43.887  -34.521  56.182 0.0000000000
92081  52.477  -14.528  35.372 0.0000000000
85696  51.897  -20.074  37.100 0.0000000000
85719  54.651  -19.278  36.038 0.0000000000
85770  59.351  -18.421  34.118 0.0000000000
82858  50.513  -21.366  50.497 0.0000000000
80341  52.040  -22.841  47.947 0.0000000000
80399  52.416  -22.857  45.424 0.0000000000
65633  30.007  -33.461  64.402 0.0000000000
68255  30.398  -32.446  64.199 0.0000000000
66946  31.035  -33.277  63.738 0.0000000000
84162  52.747  -20.353  48.205 0.0000000000
82879  52.902  -20.902  47.765 0.0000000000
82869  51.988  -21.082  48.935 0.0000000000
68330  38.908  -32.424  59.710 0.0000000000
89647  52.037  -16.160  38.383 0.0000000000
88333  50.754  -17.733  37.208 0.0000000000
87038  50.749  -18.763  37.394 0.0000000000
85650  57.620  -19.001  40.556 0.0000000000
85651  57.011  -19.352  40.023 0.0000000000
86991  57.798  -18.381  39.623 0.0000000000
88314  58.542  -17.836  38.306 0.0000000000
76290  45.701  -26.704  50.083 0.0000000000
79087  44.014  -24.810  50.880 0.0000000000
77758  46.205  -25.742  50.561 0.0000000000
77724  46.406  -24.891  52.029 0.0000000000
74813  48.902  -27.116  51.072 0.0000000000
76286  50.736  -26.825  50.451 0.0000000000
74852  49.430  -27.389  50.030 0.0000000000
70781  33.643  -31.337  61.250 0.0000000000
69541  34.422  -31.634  61.530 0.0000000000
69539  35.921  -31.890  60.966 0.0000000000
85561  55.466  -19.970  45.111 0.0000000000
85580  56.147  -19.759  44.455 0.0000000000
85610  56.828  -19.496  42.733 0.0000000000
85595  57.274  -20.361  43.421 0.0000000000
84256  57.742  -20.598  42.121 0.0000000000
84223  56.735  -20.715  43.757 0.0000000000
81593  54.245  -21.801  45.234 0.0000000000
81606  55.358  -21.592  44.035 0.0000000000
81628  54.978  -21.943  43.652 0.0000000000
81670  55.599  -22.059  41.708 0.0000000000
81629  54.246  -22.431  44.038 0.0000000000
67102  45.219  -32.718  54.614 0.0000000000
69654  44.990  -30.718  54.880 0.0000000000
69689  45.436  -31.509  53.587 0.0000000000
70944  44.716  -30.775  50.534 0.0000000000
73533  45.245  -28.748  49.437 0.0000000000
68345  40.430  -32.629  58.354 0.0000000000
68365  41.388  -32.966  57.499 0.0000000000
68364  42.459  -33.181  57.019 0.0000000000
67057  43.388  -33.537  56.353 0.0000000000
65718  42.727  -34.160  57.110 0.0000000000
92042  55.609  -13.652  38.735 0.0000000000
92068  52.350  -14.738  36.679 0.0000000000
85748  53.004  -19.280  35.221 0.0000000000
84303  55.022  -20.240  38.331 0.0000000000
84288  54.395  -20.517  39.239 0.0000000000
84304  53.956  -20.416  38.415 0.0000000000
84330  52.501  -20.545  37.743 0.0000000000
84329  53.465  -20.343  37.628 0.0000000000
85695  52.951  -19.986  36.908 0.0000000000
85693  54.873  -19.718  37.015 0.0000000000
87085  59.714  -18.490  35.409 0.0000000000
88386  58.821  -17.649  35.108 0.0000000000
74746  43.648  -28.145  54.707 0.0000000000
74749  42.394  -27.178  54.892 0.0000000000
79057  42.072  -24.749  52.429 0.0000000000
76255  41.601  -26.340  52.234 0.0000000000
80278  47.591  -23.159  52.912 0.0000000000
81493  46.785  -22.651  53.209 0.0000000000
80277  48.479  -23.305  51.966 0.0000000000
81521  48.629  -22.197  51.715 0.0000000000
80295  49.879  -22.899  51.145 0.0000000000
81553  50.935  -22.561  49.781 0.0000000000
80328  50.764  -23.390  49.685 0.0000000000
79129  50.923  -23.799  46.260 0.0000000000
80371  51.644  -23.412  46.644 0.0000000000
80400  51.602  -23.204  44.872 0.0000000000
80437  52.115  -22.932  42.649 0.0000000000
70754  32.375  -31.766  62.426 0.0000000000
69510  32.982  -32.459  62.680 0.0000000000
66943  33.198  -33.182  62.594 0.0000000000
66944  32.750  -33.287  63.090 0.0000000000
84192  55.387  -20.685  45.351 0.0000000000
82905  55.695  -21.162  44.780 0.0000000000
82897  54.674  -21.171  45.739 0.0000000000
82898  54.117  -21.492  46.037 0.0000000000
81573  53.093  -22.031  46.794 0.0000000000
69578  37.424  -31.432  59.137 0.0000000000
69600  37.534  -31.424  58.343 0.0000000000
70817  38.644  -31.290  59.169 0.0000000000
68329  39.797  -32.529  59.204 0.0000000000
67018  40.740  -33.344  58.304 0.0000000000
64435  41.666  -34.707  57.306 0.0000000000
64436  40.795  -35.067  57.335 0.0000000000
90849  51.896  -15.578  37.535 0.0000000000
89659  50.713  -16.811  36.584 0.0000000000
89649  50.966  -16.945  37.297 0.0000000000
87062  51.196  -19.009  35.948 0.0000000000
84258  55.777  -20.224  41.780 0.0000000000
84286  56.261  -20.143  40.063 0.0000000000
85652  56.332  -19.800  39.434 0.0000000000
85670  56.044  -19.817  38.631 0.0000000000
85692  55.677  -19.642  37.584 0.0000000000
87037  57.124  -18.406  37.704 0.0000000000
87056  59.377  -18.063  36.571 0.0000000000
74797  43.860  -27.353  52.400 0.0000000000
77690  43.172  -26.320  54.105 0.0000000000
77726  43.239  -25.542  51.701 0.0000000000
79055  43.177  -24.623  51.866 0.0000000000
80282  43.079  -23.750  52.050 0.0000000000
81509  43.620  -23.404  51.802 0.0000000000
79053  45.539  -24.169  52.395 0.0000000000
79051  47.316  -24.166  52.675 0.0000000000
77721  48.908  -24.946  51.721 0.0000000000
79083  50.145  -24.454  50.307 0.0000000000
77756  50.070  -25.289  49.973 0.0000000000
77789  50.123  -25.434  48.216 0.0000000000
79130  50.354  -24.671  46.514 0.0000000000
69542  33.646  -31.613  60.748 0.0000000000
70821  34.607  -30.975  59.451 0.0000000000
70820  35.601  -31.071  59.485 0.0000000000
70798  36.827  -31.336  60.231 0.0000000000
66986  36.932  -32.618  60.193 0.0000000000
84257  56.619  -19.703  41.976 0.0000000000
85622  57.285  -19.613  41.732 0.0000000000
86957  58.324  -19.026  41.080 0.0000000000
84255  58.166  -20.239  41.488 0.0000000000
81666  58.213  -21.717  41.204 0.0000000000
81668  57.400  -21.975  41.426 0.0000000000
82934  56.411  -21.367  43.430 0.0000000000
81645  56.583  -21.541  42.784 0.0000000000
69637  44.150  -31.481  55.472 0.0000000000
70865  44.169  -30.489  55.887 0.0000000000
73464  44.524  -29.590  55.230 0.0000000000
73483  44.330  -28.662  53.686 0.0000000000
70927  44.942  -30.986  52.465 0.0000000000
72250  44.864  -29.608  52.981 0.0000000000
74815  44.116  -28.120  52.220 0.0000000000
73517  43.913  -28.042  50.634 0.0000000000
74856  45.144  -27.778  49.725 0.0000000000
74854  46.957  -27.956  49.379 0.0000000000
74870  48.760  -27.243  49.127 0.0000000000
74872  47.562  -28.072  48.244 0.0000000000
68388  43.326  -33.003  55.967 0.0000000000
67079  44.346  -33.081  55.371 0.0000000000
65752  44.849  -34.079  54.507 0.0000000000
64473  43.317  -35.310  55.843 0.0000000000
63260  44.386  -35.229  54.624 0.0000000000
93303  55.062  -13.499  36.443 0.0000000000
85697  50.939  -19.748  37.724 0.0000000000
85720  53.535  -19.605  35.968 0.0000000000
87090  55.142  -18.845  35.181 0.0000000000
87060  56.203  -18.664  36.183 0.0000000000
87089  56.030  -18.661  35.342 0.0000000000
85772  57.295  -18.662  34.328 0.0000000000
76237  41.791  -26.212  53.160 0.0000000000
82845  49.550  -21.475  51.151 0.0000000000
84135  51.020  -20.807  50.017 0.0000000000
82870  51.480  -21.389  49.548 0.0000000000
81564  52.250  -22.402  47.992 0.0000000000
81574  52.471  -22.405  47.134 0.0000000000
79097  51.078  -23.886  48.834 0.0000000000
80370  52.253  -22.993  46.919 0.0000000000
81609  53.255  -22.515  45.116 0.0000000000
81649  53.325  -22.650  43.373 0.0000000000
76336  48.857  -26.328  47.289 0.0000000000
77851  49.076  -24.999  45.528 0.0000000000
65634  29.203  -34.025  64.620 0.0000000000
66920  28.945  -33.617  64.690 0.0000000000
66931  30.547  -33.059  64.135 0.0000000000
84148  52.265  -20.530  48.729 0.0000000000
88317  50.759  -18.236  37.955 0.0000000000
86973  58.283  -18.811  40.193 0.0000000000
86990  58.349  -18.403  39.092 0.0000000000
85667  58.549  -19.220  38.765 0.0000000000
76289  46.834  -26.539  50.364 0.0000000000
77757  46.862  -25.979  50.740 0.0000000000
77743  47.011  -25.578  51.309 0.0000000000
74814  48.183  -26.984  50.729 0.0000000000
73515  49.386  -27.923  51.033 0.0000000000
74833  48.862  -27.319  50.406 0.0000000000
69527  33.481  -31.835  62.355 0.0000000000
70765  34.214  -31.435  61.955 0.0000000000
69526  34.435  -31.932  61.979 0.0000000000
68284  34.341  -32.518  61.514 0.0000000000
85560  56.039  -20.315  44.851 0.0000000000
85596  56.929  -19.805  43.749 0.0000000000
84206  56.220  -20.771  44.492 0.0000000000
81607  54.706  -21.810  44.522 0.0000000000
81608  53.995  -22.199  44.866 0.0000000000
67101  45.324  -33.370  54.224 0.0000000000
68439  45.556  -32.319  54.194 0.0000000000
68438  45.538  -33.026  53.714 0.0000000000
68344  40.981  -33.094  58.013 0.0000000000
68366  40.406  -32.388  57.591 0.0000000000
67039  41.983  -33.394  57.603 0.0000000000
67038  42.589  -33.592  57.229 0.0000000000
92043  54.863  -13.989  38.399 0.0000000000
92055  53.720  -14.120  37.337 0.0000000000
84328  54.386  -20.154  37.612 0.0000000000
84372  60.452  -20.552  35.215 0.0000000000
85744  60.625  -19.339  34.973 0.0000000000
74766  43.851  -27.855  54.392 0.0000000000
74747  43.253  -27.672  55.069 0.0000000000
76197  42.908  -27.164  55.340 0.0000000000
79073  41.591  -24.559  51.612 0.0000000000
79049  48.905  -23.987  51.752 0.0000000000
80297  48.740  -22.630  51.780 0.0000000000
80296  49.392  -23.261  51.440 0.0000000000
80312  50.160  -23.258  50.750 0.0000000000
80401  50.758  -23.605  44.434 0.0000000000
79142  50.916  -23.636  45.766 0.0000000000
80418  51.430  -23.364  43.661 0.0000000000
69500  31.000  -32.204  63.855 0.0000000000
69512  31.494  -31.960  63.132 0.0000000000
69511  32.486  -32.119  62.847 0.0000000000
68270  32.565  -32.710  63.302 0.0000000000
85538  53.706  -19.726  47.451 0.0000000000
84171  54.447  -20.344  46.592 0.0000000000
84181  54.735  -20.512  46.075 0.0000000000
84182  54.209  -20.914  46.296 0.0000000000
82888  53.106  -21.251  47.106 0.0000000000
84183  53.734  -21.223  46.522 0.0000000000
82899  53.654  -21.751  46.432 0.0000000000
70797  38.072  -31.184  59.984 0.0000000000
70796  38.748  -31.499  59.533 0.0000000000
67002  39.506  -33.167  59.281 0.0000000000
67001  40.242  -33.077  58.936 0.0000000000
65720  40.911  -34.545  57.831 0.0000000000
90840  52.660  -15.536  38.713 0.0000000000
90839  53.173  -15.174  38.956 0.0000000000
92044  53.684  -14.719  38.789 0.0000000000
92045  53.021  -15.018  38.646 0.0000000000
89658  51.119  -16.435  37.086 0.0000000000
87063  50.844  -18.633  36.312 0.0000000000
85750  51.456  -19.079  35.784 0.0000000000
85721  52.448  -19.560  36.156 0.0000000000
84272  56.536  -20.090  40.938 0.0000000000
86992  57.240  -18.782  39.386 0.0000000000
85691  56.604  -19.112  38.120 0.0000000000
87015  57.313  -18.483  38.748 0.0000000000
87012  59.267  -18.034  37.657 0.0000000000
88313  59.088  -17.734  37.704 0.0000000000
87057  59.081  -18.743  36.208 0.0000000000
87086  59.307  -19.037  35.621 0.0000000000
85746  58.756  -19.680  35.716 0.0000000000
74816  43.726  -27.421  51.453 0.0000000000
76254  43.462  -26.580  52.219 0.0000000000
76272  43.501  -26.280  50.983 0.0000000000
79072  43.693  -24.697  51.439 0.0000000000
79054  44.303  -24.139  51.968 0.0000000000
80281  43.970  -23.716  52.057 0.0000000000
76251  48.074  -25.537  51.801 0.0000000000
79052  46.615  -24.438  52.580 0.0000000000
77722  48.197  -25.180  51.988 0.0000000000
77739  49.815  -25.425  50.568 0.0000000000
77740  49.500  -25.693  51.192 0.0000000000
77772  49.678  -26.302  49.432 0.0000000000
77771  49.990  -25.640  49.351 0.0000000000
77803  50.082  -25.350  47.207 0.0000000000
70782  32.678  -31.315  61.719 0.0000000000
69543  33.020  -32.076  61.039 0.0000000000
70780  34.565  -31.405  61.142 0.0000000000
70800  34.700  -31.037  60.382 0.0000000000
70819  36.690  -31.243  59.515 0.0000000000
85597  56.039  -19.446  43.652 0.0000000000
84241  56.014  -19.582  42.860 0.0000000000
84240  56.485  -19.530  42.537 0.0000000000
85609  57.498  -19.959  42.867 0.0000000000
86958  57.965  -18.972  41.282 0.0000000000
85620  58.365  -19.660  41.214 0.0000000000
82966  57.660  -21.404  41.828 0.0000000000
81667  57.990  -21.848  41.308 0.0000000000
82967  57.144  -21.625  42.148 0.0000000000
82917  56.061  -21.270  44.145 0.0000000000
82918  55.318  -21.481  44.487 0.0000000000
81627  55.828  -21.617  43.369 0.0000000000
81626  56.433  -21.535  43.009 0.0000000000
81669  56.626  -21.873  41.762 0.0000000000
69636  44.421  -31.113  55.607 0.0000000000
70886  45.349  -30.312  54.338 0.0000000000
70863  44.864  -30.177  55.337 0.0000000000
72236  45.195  -29.649  54.348 0.0000000000
72231  44.463  -29.213  54.480 0.0000000000
72243  44.845  -29.307  53.682 0.0000000000
69709  45.022  -31.678  52.900 0.0000000000
69730  44.830  -31.661  52.056 0.0000000000
72273  44.511  -29.952  51.193 0.0000000000
72261  44.792  -30.217  52.310 0.0000000000
73503  44.547  -29.094  51.961 0.0000000000
73491  44.450  -28.773  52.958 0.0000000000
73504  44.084  -28.331  51.402 0.0000000000
73532  46.243  -28.867  49.274 0.0000000000
74855  46.004  -28.024  49.500 0.0000000000
74836  45.756  -27.446  49.863 0.0000000000
73530  47.579  -28.216  49.080 0.0000000000
69599  38.653  -31.445  58.403 0.0000000000
69620  38.204  -31.566  57.503 0.0000000000
69619  39.176  -31.690  57.769 0.0000000000
65736  43.429  -34.054  56.558 0.0000000000
67056  43.864  -33.457  55.921 0.0000000000
65735  44.028  -34.219  55.987 0.0000000000
65753  44.387  -33.958  55.304 0.0000000000
64471  44.684  -34.478  54.979 0.0000000000
64454  42.587  -34.854  56.700 0.0000000000
63277  44.817  -34.805  54.016 0.0000000000
92067  53.260  -14.022  35.923 0.0000000000
93304  54.185  -13.663  36.211 0.0000000000
92096  51.825  -14.983  34.753 0.0000000000
88350  50.601  -17.644  36.044 0.0000000000
84273  55.577  -20.494  40.637 0.0000000000
84274  54.553  -20.723  40.197 0.0000000000
84331  51.597  -20.552  38.056 0.0000000000
85694  53.978  -19.915  36.818 0.0000000000
85717  56.378  -18.910  37.118 0.0000000000
87059  57.004  -18.313  36.669 0.0000000000
87112  58.929  -17.862  34.551 0.0000000000
87113  57.855  -17.730  34.984 0.0000000000
87114  56.692  -18.500  34.817 0.0000000000
85771  58.369  -18.450  34.311 0.0000000000
77706  42.573  -26.035  53.508 0.0000000000
76217  41.988  -26.674  54.043 0.0000000000
81496  45.160  -23.162  52.644 0.0000000000
81506  46.403  -22.280  52.474 0.0000000000
81520  49.168  -22.182  51.535 0.0000000000
82846  48.624  -21.765  51.439 0.0000000000
82844  50.024  -21.391  50.952 0.0000000000
81537  51.014  -21.902  49.957 0.0000000000
81552  51.418  -22.532  49.211 0.0000000000
81565  51.879  -22.525  48.567 0.0000000000
79098  50.520  -24.599  49.472 0.0000000000
79111  51.130  -23.956  47.959 0.0000000000
80357  51.682  -23.423  47.406 0.0000000000
80385  52.339  -22.965  46.226 0.0000000000
81595  53.092  -22.601  45.882 0.0000000000
81630  53.515  -22.566  44.382 0.0000000000
80417  52.540  -22.869  44.252 0.0000000000
81695  52.797  -22.524  40.537 0.0000000000
76325  48.200  -27.189  48.211 0.0000000000
76324  48.882  -26.840  48.290 0.0000000000
76351  48.276  -26.312  46.854 0.0000000000
68254  31.008  -32.765  63.972 0.0000000000
66930  31.234  -32.927  63.852 0.0000000000
84161  53.161  -20.582  47.613 0.0000000000
68331  38.041  -32.632  59.916 0.0000000000
68312  38.615  -32.006  59.980 0.0000000000
67003  38.554  -33.136  59.423 0.0000000000
67020  39.145  -33.753  58.757 0.0000000000
88332  51.126  -17.236  37.637 0.0000000000
85723  50.863  -19.188  36.926 0.0000000000
87014  57.767  -18.066  38.890 0.0000000000
88298  58.129  -18.044  39.075 0.0000000000
87013  58.926  -18.321  38.161 0.0000000000
77774  44.279  -26.122  49.839 0.0000000000
77760  43.959  -25.520  50.296 0.0000000000
77759  45.040  -25.771  50.097 0.0000000000
79085  45.527  -25.092  50.712 0.0000000000
79070  45.364  -24.694  51.422 0.0000000000
77725  45.811  -24.744  51.881 0.0000000000
77742  47.640  -25.632  51.569 0.0000000000
76269  48.653  -26.146  51.408 0.0000000000
76268  49.579  -26.518  51.305 0.0000000000
74812  49.491  -27.205  51.308 0.0000000000
74851  50.408  -27.669  50.232 0.0000000000
76308  49.431  -26.801  49.275 0.0000000000
70766  33.657  -31.116  62.020 0.0000000000
70779  35.711  -31.468  60.761 0.0000000000
69540  34.908  -31.774  61.165 0.0000000000
85548  54.996  -20.014  45.813 0.0000000000
84239  57.418  -20.670  42.954 0.0000000000
82933  56.998  -21.075  43.126 0.0000000000
82919  54.696  -21.578  44.958 0.0000000000
81647  55.279  -22.033  42.703 0.0000000000
81648  54.317  -22.498  42.924 0.0000000000
68415  44.655  -32.610  55.275 0.0000000000
68386  44.671  -31.540  55.535 0.0000000000
68414  45.145  -31.958  55.171 0.0000000000
69671  45.296  -31.220  54.303 0.0000000000
70899  45.343  -30.666  53.713 0.0000000000
70928  44.805  -30.870  51.605 0.0000000000
72288  44.533  -29.616  49.984 0.0000000000
72287  45.358  -29.652  49.276 0.0000000000
69597  40.054  -31.771  58.308 0.0000000000
69618  39.846  -31.674  57.733 0.0000000000
68391  39.846  -32.466  56.708 0.0000000000
68390  40.963  -32.888  56.576 0.0000000000
68363  42.843  -33.319  56.813 0.0000000000
65717  42.968  -33.923  56.956 0.0000000000
93289  55.222  -13.560  37.475 0.0000000000
93290  54.504  -13.692  37.006 0.0000000000
92082  51.744  -15.083  35.828 0.0000000000
87091  51.729  -18.883  35.270 0.0000000000
84305  53.082  -20.765  38.413 0.0000000000
88366  58.893  -17.463  35.715 0.0000000000
88367  58.312  -17.406  35.931 0.0000000000
88365  59.373  -17.742  35.293 0.0000000000
87111  59.821  -18.022  34.616 0.0000000000
73466  43.675  -28.888  54.574 0.0000000000
79038  42.251  -25.462  52.889 0.0000000000
77727  41.674  -25.444  52.370 0.0000000000
77746  41.424  -25.511  51.396 0.0000000000
79033  46.923  -23.417  53.262 0.0000000000
81494  45.938  -22.639  53.210 0.0000000000
80262  46.951  -23.044  53.425 0.0000000000
81505  47.309  -22.414  52.564 0.0000000000
82832  47.864  -22.088  51.985 0.0000000000
81504  48.149  -22.409  52.079 0.0000000000
81519  49.933  -22.229  51.046 0.0000000000
81538  50.589  -22.433  50.335 0.0000000000
80327  51.270  -23.272  48.982 0.0000000000
79121  50.994  -23.924  47.090 0.0000000000
80386  51.554  -23.316  45.850 0.0000000000
70768  32.217  -31.340  62.026 0.0000000000
70755  32.106  -31.693  62.309 0.0000000000
69528  32.940  -31.535  62.329 0.0000000000
66945  31.856  -33.313  63.540 0.0000000000
84191  55.889  -20.757  44.900 0.0000000000
82907  54.416  -21.572  45.466 0.0000000000
81582  54.017  -21.903  45.862 0.0000000000
81583  53.508  -22.244  46.221 0.0000000000
68458  45.333  -33.227  53.143 0.0000000000
69601  37.000  -31.538  58.920 0.0000000000
70838  36.977  -31.334  57.889 0.0000000000
69576  38.609  -31.286  58.875 0.0000000000
70836  39.300  -31.384  58.541 0.0000000000
70795  39.133  -31.618  59.424 0.0000000000
70816  39.450  -31.413  59.063 0.0000000000
70815  40.114  -31.422  58.857 0.0000000000
65699  41.223  -33.662  58.105 0.0000000000
65719  41.850  -34.013  57.856 0.0000000000
64455  41.544  -35.239  56.647 0.0000000000
92056  52.773  -14.819  38.005 0.0000000000
90850  51.399  -16.087  37.232 0.0000000000
85749  51.964  -19.096  35.457 0.0000000000
85747  54.166  -19.213  35.004 0.0000000000
87058  57.593  -17.790  37.285 0.0000000000
87036  57.676  -17.926  38.261 0.0000000000
88330  58.700  -17.545  37.403 0.0000000000
88348  58.820  -17.408  36.517 0.0000000000
88347  59.344  -17.669  36.104 0.0000000000
85745  59.743  -19.589  35.384 0.0000000000
76253  43.920  -26.960  52.927 0.0000000000
76214  43.614  -26.861  54.437 0.0000000000
76235  43.564  -26.567  53.089 0.0000000000
77705  43.088  -25.935  52.884 0.0000000000
77745  43.575  -25.316  51.019 0.0000000000
79037  42.485  -25.361  52.651 0.0000000000
79056  42.603  -24.572  52.187 0.0000000000
80283  42.497  -23.957  52.088 0.0000000000
81510  43.158  -23.289  51.956 0.0000000000
80280  45.052  -23.485  52.343 0.0000000000
80279  45.450  -23.508  52.933 0.0000000000
79034  46.326  -23.743  53.135 0.0000000000
79050  48.185  -24.144  52.214 0.0000000000
80313  49.817  -24.040  50.831 0.0000000000
79068  49.815  -24.795  50.600 0.0000000000
76287  49.912  -26.209  50.241 0.0000000000
79122  50.651  -24.721  47.592 0.0000000000
70840  35.301  -31.211  58.497 0.0000000000
70839  36.449  -31.301  58.460 0.0000000000
69556  37.608  -31.684  60.234 0.0000000000
70778  36.282  -31.574  60.589 0.0000000000
69557  36.701  -31.816  60.440 0.0000000000
85635  57.714  -19.219  41.185 0.0000000000
85634  58.627  -19.460  40.598 0.0000000000
84271  58.523  -20.317  40.920 0.0000000000
82980  58.398  -21.256  40.515 0.0000000000
82965  58.198  -21.183  41.326 0.0000000000
82935  55.787  -21.461  43.873 0.0000000000
82949  56.818  -21.469  42.765 0.0000000000
70876  43.939  -30.652  55.466 0.0000000000
72225  43.897  -29.896  55.726 0.0000000000
70864  44.539  -30.315  55.763 0.0000000000
72224  44.283  -29.757  55.976 0.0000000000
73453  44.121  -29.518  55.380 0.0000000000
73465  44.096  -29.171  54.677 0.0000000000
73474  44.197  -28.714  54.199 0.0000000000
68459  45.379  -32.409  53.337 0.0000000000
70912  45.125  -30.943  53.152 0.0000000000
72249  45.113  -30.324  53.145 0.0000000000
74796  44.063  -27.820  53.133 0.0000000000
74837  43.635  -27.210  50.424 0.0000000000
73534  44.362  -28.405  49.911 0.0000000000
73535  43.884  -27.736  49.989 0.0000000000
74858  43.746  -27.179  49.738 0.0000000000
76310  44.926  -26.961  49.731 0.0000000000
74835  46.494  -27.379  49.954 0.0000000000
74834  47.582  -27.240  50.114 0.0000000000
74853  47.989  -27.675  49.343 0.0000000000
74871  48.011  -27.632  48.605 0.0000000000
74887  47.830  -27.507  48.137 0.0000000000
73546  47.361  -28.577  48.453 0.0000000000
74888  47.332  -27.799  47.750 0.0000000000
69621  37.307  -31.415  57.347 0.0000000000
69639  38.640  -31.801  56.620 0.0000000000
69655  43.814  -31.729  55.215 0.0000000000
67077  45.021  -33.652  54.396 0.0000000000
65768  45.169  -34.131  53.916 0.0000000000
64434  42.238  -34.437  57.282 0.0000000000
65737  43.095  -34.444  56.708 0.0000000000
64453  43.521  -34.744  56.356 0.0000000000
63240  43.885  -35.514  55.157 0.0000000000
64472  44.332  -34.953  55.488 0.0000000000
64489  44.631  -35.103  54.887 0.0000000000
93321  54.912  -13.617  35.422 0.0000000000
85718  55.536  -19.173  36.605 0.0000000000
87088  56.887  -18.229  35.661 0.0000000000
87061  55.471  -18.827  35.850 0.0000000000
85773  56.276  -18.955  34.236 0.0000000000
84136  50.563  -20.633  50.339 0.0000000000
76199  42.298  -26.904  54.670 0.0000000000
84124  50.081  -20.832  50.809 0.0000000000
81551  52.045  -21.910  48.812 0.0000000000
82889  52.653  -21.858  47.373 0.0000000000
80342  51.689  -23.119  48.269 0.0000000000
80356  52.109  -22.901  47.601 0.0000000000
81584  52.793  -22.495  46.496 0.0000000000
81694  53.838  -22.425  40.711 0.0000000000
81672  53.155  -22.567  41.841 0.0000000000
77804  49.434  -25.890  47.755 0.0000000000
77818  48.546  -25.908  46.409 0.0000000000
77817  49.291  -25.588  46.711 0.0000000000
79144  49.664  -24.757  45.746 0.0000000000
63239  44.244  -35.325  55.119 0.0000000000
63259  44.605  -34.923  54.308 0.0000000000
64488  44.774  -34.715  54.395 0.0000000000
65700  40.815  -33.948  58.212 0.0000000000
65751  45.114  -33.849  54.239 0.0000000000
65769  44.929  -34.356  54.171 0.0000000000
67037  43.037  -33.545  56.712 0.0000000000
67078  44.791  -33.173  54.802 0.0000000000
68269  33.051  -32.846  62.871 0.0000000000
68313  38.188  -32.111  60.148 0.0000000000
68314  37.333  -32.329  60.230 0.0000000000
69554  38.904  -31.841  59.723 0.0000000000
69558  33.578  -31.716  60.182 0.0000000000
69574  39.857  -32.126  58.975 0.0000000000
69575  39.388  -31.942  59.390 0.0000000000
69577  38.108  -31.363  58.941 0.0000000000
69598  39.018  -31.523  58.044 0.0000000000
69635  44.712  -30.941  55.414 0.0000000000
70783  32.361  -31.279  61.832 0.0000000000
70818  37.661  -31.247  59.576 0.0000000000
70835  39.958  -31.060  58.423 0.0000000000
70837  38.861  -31.266  58.796 0.0000000000
70851  39.386  -31.492  57.956 0.0000000000
70875  45.230  -30.019  54.877 0.0000000000
72223  44.682  -29.738  55.633 0.0000000000
72230  44.742  -29.625  54.882 0.0000000000
72237  44.667  -29.211  54.228 0.0000000000
72260  44.983  -30.625  52.802 0.0000000000
73452  44.356  -29.582  55.449 0.0000000000
73500  50.209  -28.058  51.282 0.0000000000
73501  49.817  -27.914  51.345 0.0000000000
73502  49.428  -27.620  51.224 0.0000000000
73513  50.420  -28.085  51.066 0.0000000000
73514  49.977  -28.368  50.983 0.0000000000
73528  50.383  -28.117  50.683 0.0000000000
73529  49.996  -28.107  50.417 0.0000000000
73545  47.639  -28.190  48.845 0.0000000000
73556  47.290  -28.721  47.983 0.0000000000
74748  42.658  -27.599  54.964 0.0000000000
74767  43.567  -27.375  54.873 0.0000000000
74769  42.213  -27.401  54.373 0.0000000000
74810  50.790  -26.999  51.192 0.0000000000
74811  50.359  -27.436  51.296 0.0000000000
74830  50.974  -27.260  50.905 0.0000000000
74831  50.726  -27.789  50.780 0.0000000000
74832  49.568  -27.962  50.593 0.0000000000
74850  50.908  -27.426  50.405 0.0000000000
74857  44.340  -27.487  49.720 0.0000000000
74903  46.995  -27.429  47.188 0.0000000000
76198  42.594  -26.929  55.081 0.0000000000
76215  43.162  -26.682  55.029 0.0000000000
76216  42.544  -26.562  54.398 0.0000000000
76234  43.897  -27.022  53.710 0.0000000000
76236  42.205  -26.269  53.632 0.0000000000
76252  47.974  -25.720  51.651 0.0000000000
76266  51.004  -26.765  50.958 0.0000000000
76267  50.346  -26.470  50.982 0.0000000000
76270  47.940  -26.234  51.153 0.0000000000
76271  47.274  -26.167  50.810 0.0000000000
76291  45.094  -26.427  49.870 0.0000000000
76306  50.650  -27.215  50.158 0.0000000000
76307  50.108  -26.801  49.895 0.0000000000
76309  45.386  -27.228  49.850 0.0000000000
76311  44.201  -26.735  49.529 0.0000000000
76350  48.804  -26.085  46.767 0.0000000000
77689  43.513  -26.449  53.795 0.0000000000
77691  42.872  -26.390  54.350 0.0000000000
77704  43.519  -26.462  53.437 0.0000000000
77723  47.418  -25.182  52.054 0.0000000000
77744  46.059  -25.102  51.351 0.0000000000
77773  44.692  -26.375  49.747 0.0000000000
77816  49.931  -25.229  46.647 0.0000000000
77834  49.303  -25.127  46.075 0.0000000000
79035  45.733  -23.635  53.074 0.0000000000
79036  42.765  -25.163  52.313 0.0000000000
79069  49.548  -24.620  51.125 0.0000000000
79084  49.830  -24.509  50.668 0.0000000000
79086  44.736  -24.885  50.682 0.0000000000
79131  49.731  -25.078  46.334 0.0000000000
80263  46.442  -23.085  53.473 0.0000000000
80265  45.326  -23.232  52.932 0.0000000000
80387  50.974  -23.477  45.317 0.0000000000
80455  52.194  -22.760  41.703 0.0000000000
81495  45.305  -22.956  52.927 0.0000000000
81508  44.764  -23.251  52.100 0.0000000000
81527  43.306  -23.334  51.757 0.0000000000
82831  48.200  -22.027  51.880 0.0000000000
82857  50.989  -21.301  50.055 0.0000000000
82950  56.664  -21.611  42.528 0.0000000000
82968  56.843  -21.643  42.354 0.0000000000
84170  54.705  -20.336  46.402 0.0000000000
84222  57.141  -20.717  43.318 0.0000000000
86974  57.975  -18.734  40.731 0.0000000000
87034  59.277  -17.900  37.270 0.0000000000
87035  59.053  -18.435  37.247 0.0000000000
87084  60.329  -18.715  35.092 0.0000000000
87110  60.383  -18.574  34.840 0.0000000000
87130  60.072  -18.538  34.016 0.0000000000
88297  58.269  -17.964  38.819 0.0000000000
88315  58.078  -17.825  38.768 0.0000000000
88316  51.238  -17.625  38.302 0.0000000000
88329  59.158  -17.622  36.965 0.0000000000
88331  58.162  -17.656  37.861 0.0000000000
88349  58.218  -17.509  36.877 0.0000000000
88385  59.247  -17.752  34.855 0.0000000000
88387  58.485  -17.503  35.412 0.0000000000
92054  54.550  -13.824  37.556 0.0000000000
