#!ascii label  , from subject HYGLY28_VISIT_2 vox2ras=TkReg
1217
73695  30.622  -28.973  40.673 0.0000000000
95996  43.505  -11.519  28.413 0.0000000000
80584  37.943  -23.501  34.846 0.0000000000
58493  15.981  -40.387  52.413 0.0000000000
79118  25.211  -23.880  48.447 0.0000000000
87146  37.776  -18.541  32.824 0.0000000000
65882  20.700  -34.737  47.933 0.0000000000
61010  19.784  -38.654  50.794 0.0000000000
67275  24.095  -33.275  45.711 0.0000000000
96012  49.222  -11.321  27.931 0.0000000000
79211  32.485  -25.359  41.568 0.0000000000
80514  32.949  -23.510  38.938 0.0000000000
73666  35.918  -28.182  41.756 0.0000000000
100944  46.428  -6.713  26.910 0.0000000000
102086  49.929  -6.827  25.683 0.0000000000
97182  40.727  -10.081  31.325 0.0000000000
92121  44.405  -15.102  32.512 0.0000000000
89718  40.664  -16.531  32.062 0.0000000000
82999  46.802  -22.029  39.459 0.0000000000
73620  28.766  -29.090  44.454 0.0000000000
57106  13.778  -43.227  55.689 0.0000000000
55723  9.697  -42.269  56.341 0.0000000000
57021  6.676  -41.123  60.349 0.0000000000
77862  28.119  -25.023  44.306 0.0000000000
72376  25.590  -29.221  45.445 0.0000000000
84342  32.515  -20.370  36.933 0.0000000000
81747  37.379  -22.987  39.959 0.0000000000
105640  50.988  -3.578  23.250 0.0000000000
96015  46.724  -11.256  27.339 0.0000000000
94705  46.068  -13.244  28.848 0.0000000000
75023  31.813  -26.987  40.790 0.0000000000
76510  33.517  -27.271  38.757 0.0000000000
72485  32.763  -29.039  40.400 0.0000000000
98445  43.587  -8.778  28.807 0.0000000000
100913  45.809  -7.359  29.358 0.0000000000
99738  45.326  -8.658  27.477 0.0000000000
98495  47.175  -9.335  26.606 0.0000000000
49994  6.883  -46.427  60.564 0.0000000000
93407  39.606  -12.725  31.525 0.0000000000
93386  38.511  -13.204  32.620 0.0000000000
83109  38.108  -21.943  32.863 0.0000000000
83123  40.787  -21.513  32.368 0.0000000000
81793  41.852  -23.079  35.253 0.0000000000
81746  42.055  -23.830  38.313 0.0000000000
59792  18.360  -40.097  51.796 0.0000000000
59748  20.070  -40.365  54.534 0.0000000000
57149  17.811  -41.674  54.268 0.0000000000
57103  16.906  -42.649  56.421 0.0000000000
57170  15.028  -41.768  53.351 0.0000000000
59730  10.508  -40.377  55.531 0.0000000000
57062  7.464  -41.232  58.037 0.0000000000
79126  26.401  -23.633  47.040 0.0000000000
76395  25.996  -26.145  44.161 0.0000000000
76379  24.200  -26.720  45.682 0.0000000000
64638  24.908  -36.419  48.103 0.0000000000
65901  25.807  -34.900  47.051 0.0000000000
79210  35.916  -23.838  40.784 0.0000000000
82987  34.378  -22.583  39.256 0.0000000000
90915  37.284  -15.815  33.299 0.0000000000
85802  36.575  -19.743  33.890 0.0000000000
83086  35.466  -21.391  34.451 0.0000000000
63371  22.253  -37.076  48.325 0.0000000000
63324  21.675  -37.300  51.611 0.0000000000
63361  20.022  -36.939  49.179 0.0000000000
62190  18.051  -37.670  50.481 0.0000000000
62177  16.107  -38.127  51.611 0.0000000000
73567  23.616  -28.045  47.219 0.0000000000
71017  24.337  -30.698  47.887 0.0000000000
67267  22.688  -33.994  46.523 0.0000000000
81662  31.141  -22.639  42.477 0.0000000000
81736  30.584  -22.421  39.401 0.0000000000
77934  31.756  -24.959  39.269 0.0000000000
76488  35.105  -26.431  39.323 0.0000000000
105632  48.862  -4.094  25.500 0.0000000000
102088  48.394  -6.568  25.696 0.0000000000
98492  49.496  -8.903  26.522 0.0000000000
97215  41.774  -10.604  29.732 0.0000000000
93434  43.513  -13.412  29.356 0.0000000000
93421  41.320  -12.763  30.288 0.0000000000
90914  43.146  -15.965  32.504 0.0000000000
85625  49.564  -19.429  41.500 0.0000000000
89726  39.115  -17.018  31.756 0.0000000000
84405  44.833  -20.897  34.001 0.0000000000
72442  29.344  -29.299  42.487 0.0000000000
72439  31.479  -29.989  42.100 0.0000000000
98423  43.071  -8.570  31.330 0.0000000000
59774  13.723  -39.742  53.442 0.0000000000
57154  12.508  -41.407  54.625 0.0000000000
55720  11.916  -43.182  56.199 0.0000000000
54257  11.009  -43.704  58.062 0.0000000000
54235  9.313  -43.866  58.045 0.0000000000
52812  7.329  -43.889  58.435 0.0000000000
54204  6.381  -43.363  60.316 0.0000000000
54176  5.195  -43.323  61.825 0.0000000000
76435  29.387  -26.503  42.373 0.0000000000
74986  27.403  -27.038  43.020 0.0000000000
74934  26.583  -27.865  45.050 0.0000000000
71045  24.891  -30.439  45.700 0.0000000000
83045  34.199  -21.628  35.895 0.0000000000
84297  31.971  -21.634  37.889 0.0000000000
81751  34.347  -22.841  37.773 0.0000000000
80548  38.163  -24.170  37.655 0.0000000000
72411  35.066  -29.298  43.386 0.0000000000
105658  52.020  -4.312  21.571 0.0000000000
104482  49.888  -4.467  24.067 0.0000000000
103225  51.189  -5.563  23.276 0.0000000000
95995  44.878  -11.573  27.771 0.0000000000
94725  46.639  -12.649  28.262 0.0000000000
94727  44.419  -12.420  28.333 0.0000000000
75048  30.892  -28.152  40.673 0.0000000000
73693  32.475  -28.430  40.077 0.0000000000
72486  32.140  -29.334  40.461 0.0000000000
97229  43.130  -10.084  28.694 0.0000000000
99739  44.633  -8.912  27.852 0.0000000000
97251  44.836  -10.135  27.459 0.0000000000
97250  45.495  -10.231  27.212 0.0000000000
51320  6.202  -46.265  60.886 0.0000000000
94624  38.623  -12.060  33.938 0.0000000000
95908  38.503  -12.244  34.814 0.0000000000
81841  37.551  -22.695  33.561 0.0000000000
81840  38.676  -22.567  33.473 0.0000000000
81796  39.138  -23.197  34.817 0.0000000000
81762  41.590  -23.400  36.596 0.0000000000
80559  39.523  -23.732  36.169 0.0000000000
58492  16.910  -40.728  52.054 0.0000000000
58491  17.918  -40.790  52.159 0.0000000000
58467  16.518  -41.343  52.641 0.0000000000
57169  16.116  -42.054  53.203 0.0000000000
58468  15.508  -41.084  52.763 0.0000000000
79127  25.427  -23.931  47.480 0.0000000000
77829  24.954  -24.763  46.473 0.0000000000
77813  24.236  -25.427  47.367 0.0000000000
64619  24.740  -36.915  49.397 0.0000000000
85645  31.074  -19.492  40.621 0.0000000000
80449  36.781  -23.285  41.818 0.0000000000
84410  35.988  -20.288  33.932 0.0000000000
85786  35.613  -20.190  34.512 0.0000000000
64641  21.382  -35.863  47.841 0.0000000000
64622  21.134  -36.669  48.419 0.0000000000
64643  20.050  -35.555  48.604 0.0000000000
64604  18.225  -35.566  49.500 0.0000000000
63349  17.201  -36.709  50.485 0.0000000000
62176  16.874  -37.632  51.036 0.0000000000
74867  23.931  -27.521  49.395 0.0000000000
67231  21.531  -33.259  48.212 0.0000000000
67252  22.838  -33.124  46.912 0.0000000000
65903  22.056  -34.664  46.998 0.0000000000
64659  21.976  -35.552  47.393 0.0000000000
80469  30.981  -23.684  41.133 0.0000000000
77916  32.251  -25.511  40.044 0.0000000000
73711  34.381  -28.034  39.553 0.0000000000
76489  34.003  -26.620  38.853 0.0000000000
75044  35.776  -27.538  40.318 0.0000000000
76466  36.375  -26.365  40.410 0.0000000000
75021  36.752  -27.488  41.660 0.0000000000
100928  46.084  -6.876  28.589 0.0000000000
104470  47.602  -5.166  26.787 0.0000000000
102089  47.509  -6.737  26.066 0.0000000000
98475  47.713  -9.901  26.931 0.0000000000
98493  48.884  -9.078  26.556 0.0000000000
98474  48.686  -9.829  27.022 0.0000000000
97198  41.390  -10.415  30.291 0.0000000000
94710  41.593  -12.017  29.719 0.0000000000
94691  40.630  -11.924  30.676 0.0000000000
92138  40.456  -14.729  32.054 0.0000000000
93384  40.807  -14.058  31.483 0.0000000000
90922  41.213  -15.624  31.973 0.0000000000
87095  47.386  -19.098  34.967 0.0000000000
85798  44.877  -19.279  33.207 0.0000000000
88416  37.841  -17.629  32.769 0.0000000000
90926  37.570  -15.861  32.791 0.0000000000
88415  38.211  -17.721  32.201 0.0000000000
83083  42.884  -21.840  34.156 0.0000000000
84438  41.825  -20.900  32.201 0.0000000000
83061  45.089  -21.712  35.496 0.0000000000
84265  48.471  -20.789  40.894 0.0000000000
72417  29.114  -29.221  43.537 0.0000000000
72416  29.735  -29.791  43.318 0.0000000000
98414  41.331  -9.188  32.315 0.0000000000
98424  41.760  -8.900  31.563 0.0000000000
97197  42.145  -9.385  30.410 0.0000000000
62174  20.480  -38.285  51.034 0.0000000000
60992  20.636  -38.850  53.136 0.0000000000
57104  16.016  -42.791  56.154 0.0000000000
57056  16.371  -42.538  58.489 0.0000000000
57082  15.328  -43.297  57.192 0.0000000000
57083  14.168  -43.376  56.934 0.0000000000
59751  13.002  -39.503  54.210 0.0000000000
58470  13.407  -40.689  53.569 0.0000000000
59752  12.123  -39.768  54.532 0.0000000000
58405  9.848  -40.850  56.179 0.0000000000
57134  10.775  -41.355  55.579 0.0000000000
55722  10.632  -42.587  56.356 0.0000000000
55701  11.244  -43.414  57.181 0.0000000000
55702  10.001  -43.018  56.885 0.0000000000
54234  10.294  -43.926  58.452 0.0000000000
54259  9.162  -43.364  57.293 0.0000000000
57041  6.980  -41.138  59.445 0.0000000000
54237  6.856  -43.107  58.286 0.0000000000
54238  6.698  -42.613  58.883 0.0000000000
52794  6.714  -43.828  59.612 0.0000000000
55640  6.559  -42.537  60.121 0.0000000000
76393  29.521  -25.347  44.381 0.0000000000
76414  29.496  -25.818  43.138 0.0000000000
76415  28.397  -25.525  43.405 0.0000000000
75007  28.035  -27.008  42.431 0.0000000000
76416  27.349  -26.111  43.422 0.0000000000
74935  25.614  -27.685  44.900 0.0000000000
74960  26.251  -27.051  44.205 0.0000000000
73601  25.944  -28.486  45.394 0.0000000000
71046  24.433  -30.636  46.233 0.0000000000
72378  24.323  -29.632  45.919 0.0000000000
69809  24.673  -31.281  45.863 0.0000000000
67264  26.615  -33.349  46.508 0.0000000000
92173  43.559  -14.204  30.555 0.0000000000
93417  44.877  -13.974  30.152 0.0000000000
92119  46.011  -14.851  33.231 0.0000000000
85734  33.231  -19.442  36.472 0.0000000000
84363  33.778  -20.614  35.904 0.0000000000
83030  33.778  -21.935  36.393 0.0000000000
80515  31.992  -23.481  38.947 0.0000000000
83004  30.912  -21.561  38.581 0.0000000000
81734  32.365  -22.769  38.875 0.0000000000
81730  36.053  -22.490  39.761 0.0000000000
83000  34.447  -22.594  38.846 0.0000000000
81750  35.172  -23.060  38.311 0.0000000000
80550  36.052  -23.796  37.606 0.0000000000
80534  37.719  -23.810  39.113 0.0000000000
80533  39.196  -24.260  38.589 0.0000000000
72412  34.120  -29.770  43.280 0.0000000000
105649  51.819  -3.815  22.142 0.0000000000
103197  48.740  -5.862  25.403 0.0000000000
104475  48.971  -4.487  25.024 0.0000000000
103213  49.895  -5.448  24.630 0.0000000000
103193  52.357  -6.600  24.721 0.0000000000
103192  53.392  -6.770  24.582 0.0000000000
67232  20.638  -33.712  48.304 0.0000000000
67233  20.004  -34.250  48.523 0.0000000000
96014  47.692  -11.344  27.422 0.0000000000
95974  49.221  -12.069  28.889 0.0000000000
94724  47.678  -12.529  28.349 0.0000000000
76469  32.246  -26.725  40.260 0.0000000000
77915  32.719  -25.964  40.140 0.0000000000
76491  32.433  -27.230  39.502 0.0000000000
73713  33.259  -28.170  39.609 0.0000000000
73668  34.040  -28.814  41.083 0.0000000000
99702  45.958  -7.422  29.728 0.0000000000
99703  45.246  -7.691  29.434 0.0000000000
99721  45.006  -8.037  28.228 0.0000000000
99737  45.949  -8.315  27.115 0.0000000000
100961  46.464  -8.056  26.678 0.0000000000
98496  46.672  -9.386  26.738 0.0000000000
98476  46.869  -9.882  26.802 0.0000000000
51328  8.511  -46.046  60.703 0.0000000000
97162  40.197  -9.873  33.349 0.0000000000
95945  39.852  -11.015  31.690 0.0000000000
95937  39.286  -11.575  32.415 0.0000000000
94658  38.695  -12.621  32.724 0.0000000000
92139  39.436  -14.802  32.305 0.0000000000
84442  37.593  -20.282  32.536 0.0000000000
85822  38.686  -19.560  31.703 0.0000000000
83125  38.737  -21.269  32.321 0.0000000000
81838  40.276  -22.258  33.368 0.0000000000
83043  43.923  -22.466  36.572 0.0000000000
81743  44.506  -22.897  38.631 0.0000000000
81699  44.777  -22.850  40.555 0.0000000000
73599  28.331  -28.809  45.297 0.0000000000
59807  19.285  -39.489  51.572 0.0000000000
59790  20.032  -39.577  52.218 0.0000000000
58490  18.718  -40.611  52.391 0.0000000000
58443  18.672  -41.334  53.866 0.0000000000
57126  18.534  -41.628  55.410 0.0000000000
57128  16.341  -42.645  55.201 0.0000000000
57130  14.382  -42.949  55.035 0.0000000000
59728  11.484  -39.335  55.204 0.0000000000
59690  9.974  -39.276  56.927 0.0000000000
58390  9.042  -40.542  56.997 0.0000000000
55704  8.494  -42.066  57.023 0.0000000000
58377  8.179  -40.381  57.831 0.0000000000
58346  7.654  -39.684  59.331 0.0000000000
58321  7.432  -39.290  61.192 0.0000000000
79136  27.263  -23.854  45.544 0.0000000000
77880  26.834  -25.529  43.822 0.0000000000
79165  25.834  -24.491  45.151 0.0000000000
74962  24.897  -26.421  44.865 0.0000000000
74936  24.552  -27.382  45.307 0.0000000000
64673  24.288  -35.222  46.650 0.0000000000
65932  25.195  -33.935  45.723 0.0000000000
64655  25.662  -35.314  47.642 0.0000000000
88318  49.321  -17.556  38.230 0.0000000000
85707  32.144  -19.725  37.553 0.0000000000
80489  34.526  -23.566  39.806 0.0000000000
81710  33.559  -22.782  39.383 0.0000000000
80467  35.499  -23.296  40.544 0.0000000000
81707  36.326  -22.492  40.579 0.0000000000
106816  51.206  -2.369  24.731 0.0000000000
51322  4.598  -45.553  61.021 0.0000000000
90898  37.522  -15.735  34.450 0.0000000000
88405  37.672  -17.586  33.332 0.0000000000
85801  37.185  -19.432  33.417 0.0000000000
84443  37.082  -20.479  32.805 0.0000000000
83110  36.957  -21.696  33.008 0.0000000000
81843  35.868  -22.319  34.005 0.0000000000
63358  23.190  -37.023  49.398 0.0000000000
64578  22.530  -36.943  51.620 0.0000000000
63345  21.669  -37.372  50.497 0.0000000000
63346  20.617  -37.811  49.998 0.0000000000
62188  19.895  -38.280  50.130 0.0000000000
64625  18.841  -35.585  49.217 0.0000000000
63362  19.191  -36.383  49.406 0.0000000000
61021  19.241  -38.537  50.536 0.0000000000
61012  17.977  -38.526  51.005 0.0000000000
61013  17.032  -38.659  51.397 0.0000000000
61014  16.491  -38.864  51.814 0.0000000000
77800  24.047  -25.441  48.296 0.0000000000
76320  23.924  -26.445  48.868 0.0000000000
72354  24.177  -29.845  46.987 0.0000000000
69796  24.323  -31.654  46.445 0.0000000000
69784  24.374  -31.626  47.549 0.0000000000
68561  23.504  -32.755  46.535 0.0000000000
67266  23.327  -33.435  46.026 0.0000000000
64674  23.486  -35.321  46.627 0.0000000000
64639  23.596  -36.780  48.262 0.0000000000
82961  30.884  -21.564  42.115 0.0000000000
84268  30.752  -20.710  41.309 0.0000000000
81711  30.319  -22.384  40.430 0.0000000000
80517  30.780  -23.189  39.639 0.0000000000
79246  32.322  -24.305  38.748 0.0000000000
77932  33.018  -25.710  38.939 0.0000000000
79244  33.825  -24.820  38.924 0.0000000000
77929  35.948  -25.348  39.888 0.0000000000
77901  37.263  -25.571  41.567 0.0000000000
104469  48.111  -4.498  26.775 0.0000000000
103182  48.025  -5.414  25.986 0.0000000000
102105  48.993  -6.428  25.534 0.0000000000
99746  48.042  -8.422  26.139 0.0000000000
99745  49.008  -8.331  26.247 0.0000000000
95997  42.828  -10.710  28.821 0.0000000000
94728  43.741  -12.385  28.538 0.0000000000
94709  42.155  -12.324  29.460 0.0000000000
93420  41.958  -13.277  29.995 0.0000000000
93404  42.309  -14.034  30.802 0.0000000000
93406  40.260  -13.140  31.161 0.0000000000
93383  41.873  -14.228  31.396 0.0000000000
90913  43.659  -15.561  32.486 0.0000000000
87064  48.516  -18.348  36.765 0.0000000000
85624  49.907  -18.596  41.964 0.0000000000
93367  37.434  -13.929  33.642 0.0000000000
90924  38.958  -15.605  32.297 0.0000000000
88413  40.105  -17.232  31.773 0.0000000000
85820  40.064  -19.392  31.333 0.0000000000
87144  41.241  -19.093  31.433 0.0000000000
85810  43.325  -19.341  32.398 0.0000000000
84333  47.616  -20.842  36.754 0.0000000000
73696  29.863  -29.091  40.991 0.0000000000
72463  30.996  -29.966  41.325 0.0000000000
72441  30.114  -29.673  42.316 0.0000000000
72393  32.401  -30.248  44.544 0.0000000000
99705  43.521  -8.479  30.244 0.0000000000
97213  42.719  -9.752  29.001 0.0000000000
59795  15.412  -39.429  52.448 0.0000000000
59772  14.760  -38.958  52.888 0.0000000000
58495  14.667  -39.942  52.788 0.0000000000
57171  14.039  -41.594  53.442 0.0000000000
57153  13.270  -41.957  54.149 0.0000000000
55718  13.254  -43.046  55.003 0.0000000000
58447  11.411  -40.656  54.908 0.0000000000
57132  12.246  -41.969  55.093 0.0000000000
57084  13.060  -43.384  56.584 0.0000000000
55675  12.638  -43.375  57.434 0.0000000000
57060  12.483  -43.357  58.308 0.0000000000
52791  9.377  -44.802  59.585 0.0000000000
54260  8.387  -42.888  57.129 0.0000000000
54217  8.630  -44.289  58.327 0.0000000000
52792  8.343  -44.866  58.950 0.0000000000
52773  7.288  -45.354  59.494 0.0000000000
51330  6.435  -45.736  60.253 0.0000000000
52775  5.873  -44.774  60.721 0.0000000000
55622  6.364  -42.423  61.262 0.0000000000
54189  5.715  -43.639  61.214 0.0000000000
52757  5.420  -44.697  61.078 0.0000000000
75025  30.576  -27.503  41.327 0.0000000000
75004  30.425  -26.988  42.253 0.0000000000
75026  29.731  -27.641  41.472 0.0000000000
73672  28.805  -27.771  41.919 0.0000000000
73650  28.450  -27.797  42.541 0.0000000000
73633  28.290  -28.279  43.489 0.0000000000
76417  26.593  -26.226  43.803 0.0000000000
74959  27.113  -27.555  44.018 0.0000000000
73600  27.878  -28.481  44.930 0.0000000000
76345  23.592  -26.866  46.867 0.0000000000
73603  24.437  -28.618  45.591 0.0000000000
71044  25.659  -30.251  45.446 0.0000000000
67273  25.905  -33.271  45.801 0.0000000000
69807  26.041  -31.368  45.422 0.0000000000
71033  26.527  -30.468  45.752 0.0000000000
93433  44.473  -13.573  29.396 0.0000000000
84384  35.069  -20.764  35.027 0.0000000000
83064  35.266  -21.717  34.916 0.0000000000
81798  36.028  -23.337  35.386 0.0000000000
84299  30.504  -20.582  39.483 0.0000000000
84319  30.856  -20.646  38.214 0.0000000000
84317  32.151  -21.140  37.379 0.0000000000
82988  33.675  -22.616  39.111 0.0000000000
84295  32.998  -22.274  37.809 0.0000000000
83014  33.507  -22.387  37.157 0.0000000000
81765  34.174  -22.712  36.972 0.0000000000
81779  36.070  -23.941  36.542 0.0000000000
80572  37.637  -23.748  35.683 0.0000000000
80547  39.431  -23.993  37.295 0.0000000000
72438  32.528  -29.937  42.061 0.0000000000
72437  33.707  -29.495  42.007 0.0000000000
73647  35.375  -28.781  42.317 0.0000000000
73619  36.847  -28.842  44.478 0.0000000000
73646  36.299  -28.393  42.524 0.0000000000
105657  52.444  -3.945  21.029 0.0000000000
105630  49.972  -3.150  24.830 0.0000000000
105641  50.521  -4.027  23.535 0.0000000000
103194  51.361  -6.400  24.771 0.0000000000
103226  50.684  -5.550  23.758 0.0000000000
104488  50.708  -4.460  23.153 0.0000000000
103240  51.777  -5.463  22.538 0.0000000000
103239  52.537  -5.842  22.439 0.0000000000
73694  31.491  -28.780  40.413 0.0000000000
97228  44.149  -10.461  27.791 0.0000000000
96017  44.996  -10.712  27.446 0.0000000000
49987  5.555  -46.603  61.420 0.0000000000
81817  38.326  -23.158  34.382 0.0000000000
80570  39.608  -23.509  35.308 0.0000000000
80571  38.555  -23.603  35.325 0.0000000000
59794  16.401  -39.629  52.007 0.0000000000
77812  24.768  -24.625  46.994 0.0000000000
77799  24.585  -24.570  47.859 0.0000000000
63342  24.498  -37.088  50.402 0.0000000000
63341  25.217  -37.063  50.666 0.0000000000
85631  31.311  -19.466  41.506 0.0000000000
64642  20.563  -35.685  48.240 0.0000000000
67254  21.342  -34.060  47.606 0.0000000000
67253  22.133  -33.595  47.345 0.0000000000
65904  21.467  -34.934  47.522 0.0000000000
79213  31.606  -24.526  40.883 0.0000000000
79212  32.043  -25.064  41.278 0.0000000000
73690  35.114  -27.968  40.365 0.0000000000
75045  34.978  -27.794  40.013 0.0000000000
75022  35.906  -27.865  41.207 0.0000000000
100945  45.903  -7.072  27.399 0.0000000000
102062  46.673  -6.425  28.659 0.0000000000
102072  46.488  -6.435  27.538 0.0000000000
102071  46.874  -6.292  26.836 0.0000000000
97247  48.239  -10.644  27.209 0.0000000000
97246  49.346  -10.654  27.482 0.0000000000
97245  49.923  -10.273  27.587 0.0000000000
52771  9.390  -45.252  60.511 0.0000000000
97199  40.884  -10.539  30.721 0.0000000000
95962  40.660  -11.135  30.712 0.0000000000
90923  40.060  -15.614  32.197 0.0000000000
89717  41.831  -16.606  32.186 0.0000000000
88410  43.574  -17.722  32.296 0.0000000000
88411  42.424  -17.671  32.019 0.0000000000
87145  38.152  -18.544  32.194 0.0000000000
83042  44.808  -22.142  36.345 0.0000000000
83082  43.509  -21.805  34.580 0.0000000000
83011  46.404  -22.291  38.201 0.0000000000
73632  28.680  -28.757  43.750 0.0000000000
72396  29.312  -29.676  44.386 0.0000000000
98415  40.691  -9.659  32.254 0.0000000000
99667  41.648  -8.892  32.101 0.0000000000
98425  41.346  -9.321  31.681 0.0000000000
97181  41.565  -9.460  31.071 0.0000000000
62166  20.945  -38.018  52.312 0.0000000000
61002  20.062  -39.020  51.916 0.0000000000
57105  14.903  -43.223  55.999 0.0000000000
57058  14.518  -43.408  58.169 0.0000000000
57111  9.439  -41.449  56.322 0.0000000000
57110  10.230  -41.641  55.967 0.0000000000
55703  9.085  -42.644  56.779 0.0000000000
55679  6.947  -42.009  58.764 0.0000000000
55657  6.626  -41.848  59.774 0.0000000000
54219  6.609  -43.109  59.319 0.0000000000
77844  28.475  -25.091  45.340 0.0000000000
77843  29.400  -25.195  45.403 0.0000000000
77861  28.851  -25.186  44.705 0.0000000000
76394  28.731  -25.230  44.153 0.0000000000
77879  27.551  -25.332  43.750 0.0000000000
72353  26.402  -29.375  45.738 0.0000000000
68572  24.543  -32.300  45.755 0.0000000000
92157  43.529  -14.457  31.248 0.0000000000
92156  44.509  -14.487  31.492 0.0000000000
92120  45.183  -15.040  32.763 0.0000000000
85706  32.616  -18.873  37.472 0.0000000000
84364  33.118  -20.426  36.427 0.0000000000
84341  33.102  -21.335  36.551 0.0000000000
81748  36.760  -22.930  39.461 0.0000000000
81749  35.924  -22.951  38.959 0.0000000000
80535  36.552  -23.469  38.569 0.0000000000
106828  51.748  -2.927  22.772 0.0000000000
102104  49.458  -6.358  25.440 0.0000000000
103196  49.425  -5.551  25.017 0.0000000000
102103  50.238  -6.573  25.374 0.0000000000
67214  20.806  -33.070  49.077 0.0000000000
67213  21.851  -32.794  49.166 0.0000000000
95993  47.165  -12.023  27.726 0.0000000000
75046  32.150  -27.536  39.919 0.0000000000
73692  33.426  -28.671  40.325 0.0000000000
73669  33.484  -29.051  40.901 0.0000000000
99704  44.062  -8.152  29.691 0.0000000000
99722  44.281  -8.348  28.606 0.0000000000
100946  45.486  -7.835  27.713 0.0000000000
98477  46.023  -9.425  26.972 0.0000000000
96016  45.745  -11.048  27.353 0.0000000000
97249  46.347  -10.438  27.042 0.0000000000
97248  47.274  -10.593  27.106 0.0000000000
51329  7.583  -46.234  59.997 0.0000000000
95936  39.681  -10.729  32.856 0.0000000000
95926  39.200  -11.385  33.487 0.0000000000
94643  38.348  -12.680  33.299 0.0000000000
92140  38.230  -14.483  32.675 0.0000000000
83126  37.793  -21.092  32.527 0.0000000000
84441  38.413  -20.365  31.975 0.0000000000
81815  40.479  -22.646  33.991 0.0000000000
81839  39.658  -22.360  33.446 0.0000000000
81814  41.576  -22.884  34.295 0.0000000000
81813  42.431  -22.580  34.640 0.0000000000
83013  44.562  -22.692  38.008 0.0000000000
81775  42.774  -23.096  36.450 0.0000000000
80530  42.214  -23.773  37.625 0.0000000000
81744  43.679  -23.133  38.501 0.0000000000
81726  43.203  -23.704  39.138 0.0000000000
81701  43.283  -23.392  39.893 0.0000000000
59808  18.699  -39.459  51.455 0.0000000000
59791  19.571  -40.014  52.065 0.0000000000
57167  17.638  -41.572  53.502 0.0000000000
58465  18.392  -41.153  52.940 0.0000000000
58444  18.026  -41.418  53.490 0.0000000000
57148  18.521  -41.499  54.550 0.0000000000
57127  17.314  -42.430  55.419 0.0000000000
57150  16.805  -42.340  54.221 0.0000000000
57151  15.704  -42.590  54.092 0.0000000000
57129  15.337  -42.793  55.111 0.0000000000
57152  14.507  -42.457  54.146 0.0000000000
59691  9.510  -40.174  56.977 0.0000000000
58376  8.893  -40.283  57.384 0.0000000000
58391  8.576  -40.699  57.115 0.0000000000
59672  9.026  -39.549  57.857 0.0000000000
58333  7.516  -39.449  60.232 0.0000000000
77811  27.295  -23.646  47.608 0.0000000000
77828  27.371  -23.687  46.563 0.0000000000
77810  28.186  -23.955  47.257 0.0000000000
79150  26.352  -24.148  45.299 0.0000000000
79137  26.407  -23.803  46.053 0.0000000000
76362  24.276  -26.128  46.004 0.0000000000
77847  24.737  -25.563  45.640 0.0000000000
76378  24.556  -26.239  45.316 0.0000000000
64672  24.804  -35.133  46.750 0.0000000000
64656  25.047  -35.542  47.244 0.0000000000
85682  32.154  -18.963  38.511 0.0000000000
85683  31.171  -19.772  38.515 0.0000000000
79226  35.537  -24.175  39.983 0.0000000000
81660  37.287  -22.846  41.962 0.0000000000
81683  35.933  -22.775  40.846 0.0000000000
81682  36.652  -22.639  41.398 0.0000000000
89710  37.484  -16.692  33.749 0.0000000000
84427  37.194  -20.106  32.936 0.0000000000
84428  36.561  -20.569  33.233 0.0000000000
84411  35.590  -20.855  34.181 0.0000000000
84429  35.952  -20.847  33.714 0.0000000000
83111  35.907  -21.574  33.709 0.0000000000
81842  36.500  -22.490  33.813 0.0000000000
63370  22.675  -36.923  48.598 0.0000000000
63344  22.615  -37.093  50.452 0.0000000000
63359  22.068  -37.360  49.046 0.0000000000
64623  20.379  -36.340  48.730 0.0000000000
63360  20.955  -37.396  49.112 0.0000000000
63347  19.520  -37.438  49.602 0.0000000000
67216  19.278  -34.177  48.943 0.0000000000
67234  19.609  -34.670  48.676 0.0000000000
65849  18.665  -34.428  49.254 0.0000000000
63348  18.374  -36.699  49.786 0.0000000000
63363  18.648  -36.023  49.494 0.0000000000
62189  18.992  -38.048  50.024 0.0000000000
61022  18.681  -38.391  50.594 0.0000000000
77784  23.872  -25.284  49.372 0.0000000000
77785  23.614  -25.117  50.033 0.0000000000
72332  24.074  -29.677  48.205 0.0000000000
73553  23.715  -28.555  48.698 0.0000000000
71034  24.436  -30.905  46.974 0.0000000000
65919  23.609  -34.483  46.057 0.0000000000
65920  22.820  -34.890  46.504 0.0000000000
64640  22.352  -36.499  47.854 0.0000000000
64658  22.850  -35.767  47.133 0.0000000000
82962  30.520  -22.005  41.670 0.0000000000
81685  30.501  -22.581  41.292 0.0000000000
79228  31.610  -24.466  40.058 0.0000000000
80492  31.139  -23.691  39.908 0.0000000000
79247  31.775  -24.343  39.190 0.0000000000
79266  31.856  -24.813  38.839 0.0000000000
76490  32.853  -26.825  39.044 0.0000000000
76509  33.702  -27.055  38.679 0.0000000000
77931  34.361  -25.601  39.070 0.0000000000
79243  34.662  -24.598  39.379 0.0000000000
77930  35.386  -25.291  39.591 0.0000000000
76450  36.861  -26.414  41.208 0.0000000000
77902  36.789  -25.468  41.022 0.0000000000
100912  46.483  -7.078  29.597 0.0000000000
105625  48.587  -3.786  27.443 0.0000000000
103183  47.519  -5.915  26.367 0.0000000000
99747  47.186  -8.587  26.371 0.0000000000
100960  46.943  -7.416  26.294 0.0000000000
100958  49.223  -7.534  25.994 0.0000000000
95976  42.628  -11.477  28.978 0.0000000000
95977  41.690  -11.253  29.644 0.0000000000
94689  41.575  -12.494  29.857 0.0000000000
94675  39.504  -12.261  31.583 0.0000000000
94674  40.089  -12.056  31.234 0.0000000000
92137  41.621  -14.773  31.903 0.0000000000
90921  42.556  -15.593  32.189 0.0000000000
92136  42.727  -14.705  31.744 0.0000000000
89708  44.125  -16.290  32.619 0.0000000000
88401  46.703  -17.692  33.204 0.0000000000
88402  45.621  -17.676  32.711 0.0000000000
85698  48.958  -19.540  37.953 0.0000000000
85639  49.689  -18.818  40.930 0.0000000000
93348  37.524  -13.669  34.429 0.0000000000
92123  37.358  -14.679  33.616 0.0000000000
89720  38.562  -16.636  32.122 0.0000000000
90925  38.038  -15.735  32.516 0.0000000000
89719  39.562  -16.513  32.005 0.0000000000
88414  39.528  -17.094  31.767 0.0000000000
84440  39.344  -20.646  31.804 0.0000000000
85821  39.321  -19.383  31.492 0.0000000000
84452  39.745  -20.020  31.456 0.0000000000
84406  43.689  -21.127  33.821 0.0000000000
85812  41.507  -19.824  31.747 0.0000000000
85811  42.679  -19.977  32.268 0.0000000000
87143  41.906  -18.769  31.783 0.0000000000
85799  43.830  -19.870  33.020 0.0000000000
85780  44.785  -19.989  33.769 0.0000000000
84354  46.664  -20.939  35.856 0.0000000000
72465  29.751  -29.356  41.636 0.0000000000
72394  31.208  -30.155  44.368 0.0000000000
72415  30.742  -30.113  43.057 0.0000000000
98434  42.811  -8.898  30.311 0.0000000000
98447  42.593  -9.407  29.659 0.0000000000
97214  42.282  -10.122  29.305 0.0000000000
97230  42.728  -10.319  28.918 0.0000000000
64603  22.004  -37.139  51.375 0.0000000000
64579  21.982  -36.991  51.934 0.0000000000
59771  19.986  -40.347  53.367 0.0000000000
57080  17.157  -42.469  57.527 0.0000000000
61004  15.712  -38.626  52.187 0.0000000000
59750  13.942  -38.759  54.192 0.0000000000
60995  14.476  -38.619  53.679 0.0000000000
59773  14.366  -39.436  53.161 0.0000000000
59796  14.853  -39.585  52.722 0.0000000000
58469  14.403  -40.586  52.939 0.0000000000
58445  12.686  -40.645  54.209 0.0000000000
55746  13.467  -42.546  54.544 0.0000000000
57131  12.813  -42.229  54.816 0.0000000000
59729  10.838  -39.974  55.242 0.0000000000
59753  11.517  -40.004  54.739 0.0000000000
57109  11.114  -42.037  55.914 0.0000000000
57133  11.467  -41.490  55.314 0.0000000000
57108  11.904  -42.565  55.724 0.0000000000
57107  12.725  -43.019  55.337 0.0000000000
57085  12.303  -43.431  56.025 0.0000000000
55700  12.234  -43.357  56.858 0.0000000000
55676  12.296  -43.346  57.683 0.0000000000
55677  11.882  -43.409  58.285 0.0000000000
54216  9.445  -44.401  58.749 0.0000000000
57086  8.142  -41.315  57.360 0.0000000000
55678  7.639  -42.330  57.641 0.0000000000
54236  8.064  -43.659  57.739 0.0000000000
52811  7.868  -44.361  58.391 0.0000000000
52772  8.455  -45.454  59.845 0.0000000000
52793  7.191  -44.410  59.100 0.0000000000
52774  6.289  -44.522  60.345 0.0000000000
55621  6.569  -41.939  61.175 0.0000000000
57003  6.370  -41.903  61.702 0.0000000000
55605  5.810  -42.956  62.014 0.0000000000
54175  5.561  -43.307  61.684 0.0000000000
54190  4.845  -43.942  61.552 0.0000000000
75024  31.315  -27.254  41.131 0.0000000000
76413  30.230  -26.357  42.880 0.0000000000
75005  29.513  -27.023  41.853 0.0000000000
75027  29.130  -27.627  41.714 0.0000000000
75006  28.730  -27.104  41.997 0.0000000000
73651  27.881  -27.400  42.761 0.0000000000
73634  27.784  -27.705  43.290 0.0000000000
77864  26.150  -25.236  44.246 0.0000000000
73622  27.807  -28.086  44.216 0.0000000000
74933  27.430  -28.095  45.116 0.0000000000
74917  27.073  -28.066  45.776 0.0000000000
74884  23.470  -27.406  47.633 0.0000000000
76332  23.681  -26.477  47.729 0.0000000000
74899  23.562  -27.467  47.001 0.0000000000
72377  24.971  -29.464  45.448 0.0000000000
65917  25.835  -34.120  46.261 0.0000000000
67265  26.169  -33.672  46.203 0.0000000000
68544  27.097  -32.906  47.032 0.0000000000
67272  26.477  -32.845  46.068 0.0000000000
68559  26.918  -32.310  46.590 0.0000000000
69795  26.754  -31.406  46.023 0.0000000000
94708  43.081  -12.476  28.803 0.0000000000
94707  43.998  -13.031  28.725 0.0000000000
85759  34.499  -19.746  35.373 0.0000000000
84362  34.493  -21.066  35.622 0.0000000000
83044  34.773  -21.937  35.476 0.0000000000
81799  35.464  -22.486  35.120 0.0000000000
82990  30.316  -21.452  39.971 0.0000000000
83005  30.555  -21.293  39.101 0.0000000000
83003  31.819  -21.990  38.508 0.0000000000
84298  31.345  -21.260  38.048 0.0000000000
84318  31.593  -20.354  37.743 0.0000000000
81709  34.140  -22.790  39.673 0.0000000000
82989  33.360  -22.646  39.082 0.0000000000
81732  34.571  -22.697  38.505 0.0000000000
83001  33.600  -22.578  38.262 0.0000000000
84316  32.783  -21.884  37.314 0.0000000000
80562  36.598  -23.943  37.172 0.0000000000
81763  35.664  -23.971  37.173 0.0000000000
81778  36.686  -23.838  36.378 0.0000000000
81797  36.782  -23.684  35.898 0.0000000000
80561  37.184  -23.892  36.698 0.0000000000
80560  38.428  -24.012  36.434 0.0000000000
80485  41.719  -23.958  40.147 0.0000000000
72462  31.910  -29.934  41.151 0.0000000000
72436  34.592  -29.290  42.560 0.0000000000
73648  34.556  -28.885  41.848 0.0000000000
73630  36.585  -28.705  43.557 0.0000000000
75000  36.947  -27.868  42.974 0.0000000000
104503  52.151  -4.692  21.273 0.0000000000
105628  48.787  -3.763  26.285 0.0000000000
104483  49.498  -4.709  24.512 0.0000000000
105631  49.412  -3.589  25.146 0.0000000000
105636  49.608  -3.995  24.365 0.0000000000
105635  50.206  -3.561  24.151 0.0000000000
103211  51.279  -6.168  24.097 0.0000000000
104496  51.240  -4.600  22.618 0.0000000000
95994  46.103  -11.919  27.668 0.0000000000
94726  45.507  -12.576  28.183 0.0000000000
75047  31.609  -27.886  40.304 0.0000000000
98461  43.289  -9.310  28.655 0.0000000000
98460  43.818  -9.328  28.138 0.0000000000
98479  44.482  -9.681  27.659 0.0000000000
98478  45.132  -9.521  27.420 0.0000000000
95907  39.193  -11.385  34.858 0.0000000000
93366  37.761  -13.454  33.457 0.0000000000
81816  39.342  -22.745  34.202 0.0000000000
81795  39.918  -23.092  34.785 0.0000000000
81777  41.236  -23.340  35.949 0.0000000000
80569  40.169  -23.450  35.176 0.0000000000
80558  40.350  -23.518  35.753 0.0000000000
80546  40.711  -23.598  36.884 0.0000000000
59793  17.378  -40.005  51.786 0.0000000000
58466  17.546  -41.398  52.801 0.0000000000
57168  17.109  -41.804  53.407 0.0000000000
59653  9.064  -38.717  58.787 0.0000000000
79138  25.517  -24.244  46.503 0.0000000000
76344  23.963  -26.141  46.775 0.0000000000
85646  30.731  -19.839  39.815 0.0000000000
79209  36.589  -24.281  41.265 0.0000000000
80466  36.087  -23.257  41.276 0.0000000000
79195  37.068  -23.822  41.893 0.0000000000
64621  21.781  -36.868  48.146 0.0000000000
65850  17.985  -34.562  49.748 0.0000000000
64605  17.505  -35.584  50.006 0.0000000000
62191  17.446  -37.481  50.678 0.0000000000
67230  22.667  -32.858  48.143 0.0000000000
68530  23.420  -32.672  48.180 0.0000000000
79227  31.778  -25.023  40.395 0.0000000000
77917  31.839  -25.145  39.736 0.0000000000
75083  34.122  -27.157  38.761 0.0000000000
75065  34.583  -27.540  39.296 0.0000000000
75064  35.401  -27.119  39.558 0.0000000000
76467  35.790  -26.719  39.802 0.0000000000
76487  35.903  -25.921  39.810 0.0000000000
75043  36.452  -26.983  40.882 0.0000000000
75020  37.417  -26.958  42.063 0.0000000000
103177  47.210  -5.498  27.369 0.0000000000
98494  47.973  -9.251  26.494 0.0000000000
98473  49.882  -9.613  27.080 0.0000000000
98459  50.173  -10.139  27.664 0.0000000000
95961  41.152  -11.178  30.130 0.0000000000
94690  41.092  -11.933  30.128 0.0000000000
94673  40.754  -12.559  30.688 0.0000000000
93385  39.509  -13.690  31.969 0.0000000000
89716  42.984  -16.627  32.283 0.0000000000
88409  43.991  -17.298  32.568 0.0000000000
87136  45.165  -18.563  32.790 0.0000000000
85797  45.477  -19.092  33.066 0.0000000000
85725  47.386  -20.167  35.660 0.0000000000
89721  37.707  -16.706  32.763 0.0000000000
88423  38.735  -17.834  31.820 0.0000000000
83105  41.859  -21.719  33.270 0.0000000000
84426  42.012  -21.381  32.712 0.0000000000
83104  42.499  -21.658  33.560 0.0000000000
84379  43.889  -21.593  34.666 0.0000000000
83041  45.902  -21.712  36.077 0.0000000000
83010  47.390  -21.632  37.494 0.0000000000
82973  48.416  -20.926  41.362 0.0000000000
73649  28.792  -28.679  42.873 0.0000000000
72395  30.127  -30.135  44.316 0.0000000000
98405  41.613  -8.890  33.382 0.0000000000
98413  42.000  -8.632  32.208 0.0000000000
97169  42.513  -8.521  31.787 0.0000000000
97179  42.669  -8.531  31.533 0.0000000000
97196  42.533  -8.727  30.932 0.0000000000
63325  21.132  -37.663  51.253 0.0000000000
63303  21.403  -37.508  52.022 0.0000000000
57081  16.254  -42.809  57.389 0.0000000000
57057  15.556  -43.072  58.407 0.0000000000
57038  13.813  -43.592  59.020 0.0000000000
58423  10.330  -40.831  55.698 0.0000000000
58422  10.802  -40.781  55.226 0.0000000000
55721  11.518  -42.856  56.363 0.0000000000
54258  10.184  -43.613  57.617 0.0000000000
57063  7.289  -41.099  58.775 0.0000000000
54218  6.904  -43.693  58.930 0.0000000000
55606  5.012  -42.279  62.349 0.0000000000
76436  28.620  -26.341  42.603 0.0000000000
76437  27.897  -26.364  42.858 0.0000000000
74961  25.424  -26.762  44.631 0.0000000000
73580  26.634  -28.488  45.775 0.0000000000
73581  23.911  -28.569  46.442 0.0000000000
69808  25.223  -31.327  45.558 0.0000000000
65880  26.612  -34.360  47.829 0.0000000000
65900  26.428  -34.058  46.901 0.0000000000
67228  27.222  -33.915  48.449 0.0000000000
93418  43.952  -13.987  29.983 0.0000000000
92172  44.274  -14.282  30.712 0.0000000000
92171  45.135  -14.199  30.954 0.0000000000
85733  33.825  -19.376  35.810 0.0000000000
81735  31.447  -22.590  38.901 0.0000000000
81731  35.131  -22.603  39.142 0.0000000000
81764  35.039  -23.538  37.253 0.0000000000
80537  35.320  -23.576  38.025 0.0000000000
80549  37.046  -23.924  37.822 0.0000000000
72413  33.055  -29.977  43.226 0.0000000000
72391  34.461  -29.758  44.235 0.0000000000
72390  35.268  -29.492  44.364 0.0000000000
106837  52.034  -3.153  22.188 0.0000000000
104476  48.585  -4.762  25.637 0.0000000000
103210  52.283  -6.427  23.976 0.0000000000
103224  52.362  -6.153  23.180 0.0000000000
103209  53.381  -6.438  23.915 0.0000000000
67215  19.822  -33.474  48.978 0.0000000000
67229  23.434  -32.663  48.757 0.0000000000
96013  48.588  -11.348  27.642 0.0000000000
95991  48.789  -11.867  28.315 0.0000000000
95992  48.054  -11.942  27.919 0.0000000000
94723  48.290  -12.296  28.354 0.0000000000
76468  32.542  -26.293  40.413 0.0000000000
77904  32.374  -25.640  40.938 0.0000000000
75067  32.823  -27.671  39.480 0.0000000000
75066  33.553  -27.690  39.022 0.0000000000
73712  33.981  -28.197  39.495 0.0000000000
73691  34.474  -28.195  40.112 0.0000000000
73667  35.169  -28.305  41.107 0.0000000000
100929  45.636  -7.337  28.620 0.0000000000
99748  46.588  -8.862  26.710 0.0000000000
97170  40.180  -10.139  32.342 0.0000000000
95946  39.428  -11.849  31.687 0.0000000000
94642  38.954  -12.182  32.997 0.0000000000
94657  39.074  -12.485  32.105 0.0000000000
85814  38.088  -19.352  32.195 0.0000000000
83124  39.757  -21.362  32.275 0.0000000000
83108  39.154  -22.022  32.770 0.0000000000
83107  40.100  -22.052  32.810 0.0000000000
83106  40.910  -22.009  33.185 0.0000000000
83084  42.071  -22.107  33.986 0.0000000000
83063  43.137  -22.283  34.848 0.0000000000
83012  45.173  -22.617  38.025 0.0000000000
81697  46.376  -22.363  41.115 0.0000000000
81674  46.505  -22.292  41.961 0.0000000000
81760  42.768  -23.380  37.239 0.0000000000
81724  44.690  -23.042  39.614 0.0000000000
81675  45.769  -22.620  41.708 0.0000000000
73598  28.992  -29.251  45.325 0.0000000000
98407  40.427  -9.730  32.744 0.0000000000
61003  19.586  -39.405  51.644 0.0000000000
58464  19.188  -40.799  53.106 0.0000000000
58442  19.418  -40.869  54.127 0.0000000000
55734  16.896  -42.689  55.863 0.0000000000
55717  16.403  -42.662  55.762 0.0000000000
59709  10.685  -39.155  55.949 0.0000000000
59710  10.131  -40.083  56.082 0.0000000000
59711  9.706  -40.449  56.472 0.0000000000
55724  9.021  -41.956  56.521 0.0000000000
57112  8.759  -41.269  56.729 0.0000000000
59654  8.306  -39.363  58.706 0.0000000000
58361  7.893  -40.027  58.613 0.0000000000
58378  7.607  -40.617  58.462 0.0000000000
58362  7.452  -40.493  59.114 0.0000000000
58347  7.149  -40.336  59.892 0.0000000000
58334  6.919  -40.243  60.827 0.0000000000
77827  28.160  -24.482  46.164 0.0000000000
77845  27.661  -24.570  45.040 0.0000000000
77863  27.092  -24.789  44.190 0.0000000000
79149  26.847  -24.254  44.790 0.0000000000
79164  26.114  -24.533  44.743 0.0000000000
76396  25.377  -25.888  44.537 0.0000000000
79151  25.773  -24.463  45.671 0.0000000000
77865  25.252  -25.023  44.989 0.0000000000
73602  25.124  -28.512  45.172 0.0000000000
65933  24.365  -33.993  45.557 0.0000000000
67274  24.903  -33.192  45.628 0.0000000000
65918  24.859  -34.643  46.316 0.0000000000
65902  25.123  -35.088  46.808 0.0000000000
64637  25.645  -35.697  48.174 0.0000000000
65881  26.106  -35.033  48.117 0.0000000000
89704  47.770  -16.814  33.460 0.0000000000
89692  47.465  -16.092  33.760 0.0000000000
80513  33.654  -24.004  39.209 0.0000000000
80491  33.319  -23.036  39.310 0.0000000000
80490  33.662  -23.234  39.497 0.0000000000
81708  35.191  -22.668  40.074 0.0000000000
81729  36.896  -22.426  40.213 0.0000000000
106821  51.423  -2.620  24.006 0.0000000000
100967  50.283  -6.983  25.711 0.0000000000
49988  4.692  -46.569  61.219 0.0000000000
92103  37.568  -14.720  34.823 0.0000000000
85815  37.531  -19.558  32.741 0.0000000000
83127  37.106  -20.858  32.687 0.0000000000
81818  37.134  -23.317  34.737 0.0000000000
63343  23.566  -36.976  50.382 0.0000000000
64602  22.191  -37.137  51.019 0.0000000000
65883  20.060  -34.977  48.391 0.0000000000
65884  19.665  -35.159  48.684 0.0000000000
64624  19.630  -35.794  49.009 0.0000000000
61020  19.509  -38.402  50.333 0.0000000000
61011  19.191  -39.003  51.135 0.0000000000
59809  17.749  -39.344  51.505 0.0000000000
62175  17.610  -37.832  50.805 0.0000000000
59810  17.016  -39.302  51.690 0.0000000000
77783  24.390  -24.580  48.639 0.0000000000
73554  23.432  -28.078  47.937 0.0000000000
74883  23.604  -27.394  48.428 0.0000000000
73566  23.860  -28.774  47.570 0.0000000000
68573  23.844  -32.831  45.945 0.0000000000
68546  23.405  -32.668  47.501 0.0000000000
68545  24.038  -32.345  47.072 0.0000000000
68560  24.038  -32.398  46.270 0.0000000000
64657  24.044  -36.043  47.146 0.0000000000
64620  23.888  -37.094  49.189 0.0000000000
63357  23.980  -37.088  49.765 0.0000000000
82976  30.807  -21.057  41.639 0.0000000000
82977  30.452  -21.522  41.145 0.0000000000
80470  30.451  -22.997  40.754 0.0000000000
80493  30.472  -23.179  40.152 0.0000000000
80516  31.275  -23.286  39.333 0.0000000000
77933  32.089  -25.418  39.138 0.0000000000
77951  32.363  -25.120  38.692 0.0000000000
79264  32.391  -24.764  38.597 0.0000000000
79245  32.963  -24.642  38.614 0.0000000000
80512  34.147  -24.251  39.351 0.0000000000
79225  36.067  -24.463  40.495 0.0000000000
77913  36.309  -25.243  40.371 0.0000000000
79208  37.003  -24.964  41.487 0.0000000000
102087  49.378  -6.866  25.718 0.0000000000
100959  48.177  -7.544  25.885 0.0000000000
100957  50.200  -7.391  26.034 0.0000000000
95975  43.052  -11.850  28.694 0.0000000000
93435  42.687  -13.145  29.457 0.0000000000
93419  43.019  -13.722  30.169 0.0000000000
93403  43.031  -14.219  30.792 0.0000000000
92135  43.821  -14.871  32.020 0.0000000000
93405  41.321  -13.446  30.843 0.0000000000
93382  42.414  -14.352  31.338 0.0000000000
90912  44.705  -15.682  32.602 0.0000000000
88400  47.331  -17.254  33.314 0.0000000000
88301  49.626  -17.622  39.365 0.0000000000
160459  50.180  -17.463  41.743 0.0000000000
87094  47.829  -18.754  35.471 0.0000000000
86976  49.640  -18.261  40.208 0.0000000000
93347  37.593  -13.258  34.040 0.0000000000
92141  37.589  -15.272  32.879 0.0000000000
87152  38.739  -18.580  31.753 0.0000000000
87151  39.719  -18.628  31.432 0.0000000000
84451  40.267  -19.898  31.458 0.0000000000
85813  40.718  -19.594  31.450 0.0000000000
88421  40.312  -18.003  31.492 0.0000000000
88420  40.842  -18.197  31.450 0.0000000000
88412  41.172  -17.670  31.769 0.0000000000
87142  43.011  -18.727  31.985 0.0000000000
84376  46.332  -20.457  34.593 0.0000000000
85640  49.336  -19.604  40.688 0.0000000000
84264  48.891  -20.282  41.503 0.0000000000
84278  48.830  -20.293  40.391 0.0000000000
85612  49.603  -19.718  42.405 0.0000000000
72488  30.495  -29.514  40.998 0.0000000000
72489  30.101  -29.422  41.256 0.0000000000
72464  30.383  -29.599  41.560 0.0000000000
72414  31.900  -29.875  43.214 0.0000000000
98446  43.033  -9.183  29.324 0.0000000000
63302  21.731  -37.253  52.424 0.0000000000
59770  20.262  -39.627  52.723 0.0000000000
58494  15.141  -40.166  52.653 0.0000000000
55745  13.880  -42.641  54.486 0.0000000000
55736  13.665  -42.938  54.859 0.0000000000
58446  12.060  -40.576  54.655 0.0000000000
57155  11.969  -41.181  54.926 0.0000000000
57059  13.195  -43.399  57.836 0.0000000000
57039  12.825  -43.366  58.855 0.0000000000
51331  5.897  -45.118  60.669 0.0000000000
55639  6.618  -41.908  60.713 0.0000000000
56983  6.038  -41.774  62.270 0.0000000000
52756  5.797  -44.286  60.880 0.0000000000
82960  31.506  -21.712  43.014 0.0000000000
73670  30.065  -28.351  41.026 0.0000000000
73671  29.172  -28.470  41.687 0.0000000000
73621  28.274  -28.607  44.369 0.0000000000
74987  26.884  -26.814  43.604 0.0000000000
76363  23.873  -26.728  46.191 0.0000000000
74918  24.083  -28.045  45.796 0.0000000000
74937  24.036  -27.103  45.796 0.0000000000
68571  25.479  -32.318  45.485 0.0000000000
68570  26.319  -32.290  45.733 0.0000000000
94706  44.985  -13.201  28.734 0.0000000000
93432  45.472  -13.653  29.508 0.0000000000
90893  48.279  -15.781  34.653 0.0000000000
87100  34.842  -19.009  35.150 0.0000000000
84385  34.448  -20.535  35.479 0.0000000000
81820  35.668  -22.030  34.467 0.0000000000
81819  36.015  -22.760  34.519 0.0000000000
84281  30.581  -20.497  40.504 0.0000000000
85665  30.672  -19.875  39.029 0.0000000000
83016  30.655  -21.110  38.686 0.0000000000
84343  32.085  -20.353  37.367 0.0000000000
81733  33.130  -22.835  39.045 0.0000000000
83002  32.831  -22.471  38.573 0.0000000000
84296  32.662  -22.088  37.853 0.0000000000
83029  34.418  -22.557  36.274 0.0000000000
81780  35.057  -23.238  35.836 0.0000000000
80585  37.802  -23.585  35.134 0.0000000000
80531  41.443  -23.935  37.796 0.0000000000
80532  40.445  -24.117  38.110 0.0000000000
80508  41.382  -23.896  38.809 0.0000000000
81727  42.281  -23.587  39.052 0.0000000000
72487  31.245  -29.531  40.712 0.0000000000
72461  32.976  -29.468  40.982 0.0000000000
72460  33.552  -29.232  41.228 0.0000000000
72410  35.836  -29.277  43.732 0.0000000000
73631  35.903  -29.018  43.047 0.0000000000
74999  37.548  -27.250  42.576 0.0000000000
106817  50.576  -2.665  24.968 0.0000000000
106822  50.694  -2.948  24.246 0.0000000000
105634  50.772  -3.123  23.888 0.0000000000
103195  50.471  -6.005  24.956 0.0000000000
103212  50.331  -5.497  24.229 0.0000000000
104489  50.328  -4.730  23.613 0.0000000000
104504  51.849  -4.827  21.918 0.0000000000
103254  52.086  -5.440  22.068 0.0000000000
103253  52.524  -5.447  21.535 0.0000000000
55658  6.668  -42.426  59.294 0.0000000000
55680  6.776  -42.363  58.975 0.0000000000
55699  12.797  -43.377  57.212 0.0000000000
55716  16.579  -42.674  55.988 0.0000000000
55719  12.917  -42.713  54.912 0.0000000000
55735  16.705  -42.665  55.640 0.0000000000
55737  13.208  -42.562  54.704 0.0000000000
57040  12.332  -43.364  58.625 0.0000000000
57061  12.251  -43.354  58.414 0.0000000000
58406  9.272  -40.749  56.585 0.0000000000
58407  8.864  -40.773  56.798 0.0000000000
59673  8.359  -39.820  58.269 0.0000000000
64601  25.133  -37.001  50.183 0.0000000000
65865  19.077  -34.946  48.855 0.0000000000
65866  18.417  -34.990  49.150 0.0000000000
65916  26.262  -33.823  46.451 0.0000000000
65934  23.747  -33.812  45.663 0.0000000000
72389  36.123  -29.297  44.435 0.0000000000
72440  30.772  -29.842  42.047 0.0000000000
73582  23.721  -27.901  46.713 0.0000000000
74919  23.817  -27.520  46.215 0.0000000000
75084  33.934  -27.403  38.766 0.0000000000
76333  23.495  -27.036  47.333 0.0000000000
76397  24.846  -25.808  44.849 0.0000000000
76434  29.899  -26.642  42.237 0.0000000000
77798  27.272  -23.568  48.164 0.0000000000
77830  24.561  -25.372  46.469 0.0000000000
77846  25.183  -24.971  45.984 0.0000000000
77866  24.748  -25.624  45.145 0.0000000000
77881  26.390  -25.767  43.977 0.0000000000
77914  35.950  -24.879  39.986 0.0000000000
77952  31.890  -25.084  38.823 0.0000000000
77953  31.745  -24.878  39.005 0.0000000000
79163  26.538  -24.654  44.450 0.0000000000
79265  32.060  -24.790  38.698 0.0000000000
80536  35.787  -23.418  38.246 0.0000000000
80544  42.234  -23.565  37.194 0.0000000000
80545  41.733  -23.596  37.155 0.0000000000
80551  35.558  -23.695  37.822 0.0000000000
81663  30.705  -22.353  41.924 0.0000000000
81684  30.824  -22.939  41.810 0.0000000000
81698  45.592  -22.612  40.817 0.0000000000
81700  43.903  -23.138  40.295 0.0000000000
81702  42.651  -23.638  39.728 0.0000000000
81723  45.465  -22.684  39.909 0.0000000000
81725  43.893  -23.247  39.348 0.0000000000
81745  42.916  -23.708  38.190 0.0000000000
81758  44.113  -22.716  38.042 0.0000000000
81759  43.552  -22.947  37.624 0.0000000000
81761  42.192  -23.375  36.795 0.0000000000
81774  43.373  -22.908  36.859 0.0000000000
81776  42.055  -23.092  36.138 0.0000000000
81791  43.366  -22.704  36.174 0.0000000000
81792  42.816  -22.781  35.547 0.0000000000
81794  40.824  -23.387  34.952 0.0000000000
82974  47.838  -21.362  41.069 0.0000000000
82986  46.961  -21.904  40.529 0.0000000000
82998  47.529  -21.703  38.673 0.0000000000
83015  30.697  -20.964  38.485 0.0000000000
83024  47.222  -21.392  36.880 0.0000000000
83025  46.625  -21.673  36.780 0.0000000000
83026  45.616  -22.327  37.074 0.0000000000
83027  44.458  -22.615  37.337 0.0000000000
83028  43.804  -22.683  37.110 0.0000000000
83040  46.430  -21.472  36.219 0.0000000000
83060  45.702  -21.583  35.475 0.0000000000
83062  43.865  -22.047  35.476 0.0000000000
83085  41.397  -22.336  33.695 0.0000000000
83122  41.502  -21.579  32.693 0.0000000000
84279  48.387  -21.022  40.132 0.0000000000
84280  30.981  -20.118  41.179 0.0000000000
84293  48.762  -20.441  39.453 0.0000000000
84294  48.316  -21.167  39.115 0.0000000000
84309  48.658  -20.555  38.669 0.0000000000
84310  48.196  -20.944  37.980 0.0000000000
84320  30.617  -20.652  38.741 0.0000000000
84334  47.049  -21.221  36.577 0.0000000000
84353  47.412  -20.440  36.110 0.0000000000
84355  46.044  -21.447  35.536 0.0000000000
84377  45.665  -21.226  34.893 0.0000000000
84378  44.514  -21.450  34.720 0.0000000000
84403  45.969  -19.975  34.237 0.0000000000
84404  45.558  -20.365  34.181 0.0000000000
84407  42.935  -21.419  33.612 0.0000000000
84424  43.322  -20.586  33.173 0.0000000000
84425  42.639  -20.984  32.984 0.0000000000
84437  42.437  -20.672  32.409 0.0000000000
84439  40.501  -20.519  31.759 0.0000000000
84453  39.042  -20.045  31.490 0.0000000000
85655  49.597  -19.047  40.151 0.0000000000
85656  49.217  -19.619  39.680 0.0000000000
85672  48.980  -19.787  38.751 0.0000000000
85673  48.806  -20.235  38.077 0.0000000000
85684  30.703  -20.208  38.533 0.0000000000
85699  48.449  -19.926  37.273 0.0000000000
85724  47.824  -19.683  36.222 0.0000000000
85751  47.585  -19.571  35.393 0.0000000000
85752  46.974  -19.832  34.990 0.0000000000
85778  46.414  -19.653  34.218 0.0000000000
85779  45.694  -19.530  33.678 0.0000000000
85781  44.270  -20.447  33.699 0.0000000000
85800  43.141  -20.378  32.834 0.0000000000
86960  49.839  -17.946  41.062 0.0000000000
86995  49.466  -18.701  39.369 0.0000000000
86996  49.272  -19.250  39.034 0.0000000000
87018  49.415  -18.177  38.837 0.0000000000
87019  49.149  -18.763  38.433 0.0000000000
87039  48.719  -18.792  37.488 0.0000000000
87040  48.366  -19.093  36.773 0.0000000000
87065  48.206  -18.621  36.170 0.0000000000
87120  47.502  -18.400  34.784 0.0000000000
87121  46.940  -18.812  34.268 0.0000000000
87122  46.423  -19.113  33.676 0.0000000000
87134  46.631  -18.518  33.577 0.0000000000
87135  46.106  -18.734  32.964 0.0000000000
87137  44.408  -18.774  32.646 0.0000000000
87141  43.736  -18.788  32.405 0.0000000000
87149  41.193  -18.474  31.467 0.0000000000
87150  40.608  -18.757  31.291 0.0000000000
88275  50.024  -17.262  41.032 0.0000000000
88287  49.852  -17.426  40.349 0.0000000000
88319  48.957  -18.181  37.874 0.0000000000
88335  48.876  -17.635  37.249 0.0000000000
88351  48.491  -17.594  36.102 0.0000000000
88352  48.099  -18.145  35.743 0.0000000000
88369  48.392  -17.099  35.523 0.0000000000
88370  47.934  -17.597  35.189 0.0000000000
88389  47.398  -17.673  34.040 0.0000000000
88390  46.899  -18.174  33.794 0.0000000000
88403  44.502  -17.723  32.609 0.0000000000
88404  44.053  -18.242  32.504 0.0000000000
88422  39.360  -17.707  31.656 0.0000000000
89603  50.545  -16.974  41.734 0.0000000000
89613  50.395  -16.879  41.264 0.0000000000
89672  49.221  -16.111  36.195 0.0000000000
89673  48.785  -16.457  35.644 0.0000000000
89674  48.324  -16.744  35.146 0.0000000000
89690  48.616  -16.163  34.883 0.0000000000
89691  48.052  -16.536  34.358 0.0000000000
89705  46.968  -16.543  33.228 0.0000000000
89706  46.111  -16.679  32.880 0.0000000000
89707  45.031  -16.642  32.588 0.0000000000
89709  43.503  -16.231  32.575 0.0000000000
89714  44.261  -16.943  32.592 0.0000000000
89715  43.722  -16.835  32.525 0.0000000000
89727  38.758  -17.369  31.850 0.0000000000
90895  46.753  -15.570  33.590 0.0000000000
90896  46.269  -15.232  33.422 0.0000000000
90910  46.406  -16.050  33.148 0.0000000000
90911  45.823  -15.658  32.978 0.0000000000
90920  43.185  -15.153  32.170 0.0000000000
92122  37.612  -14.109  33.267 0.0000000000
92134  44.809  -14.693  32.230 0.0000000000
92158  42.790  -14.377  31.218 0.0000000000
94607  37.691  -13.300  35.077 0.0000000000
94625  37.870  -12.810  34.288 0.0000000000
94626  37.662  -13.093  34.852 0.0000000000
97180  42.100  -8.708  31.297 0.0000000000
98406  40.832  -9.420  33.014 0.0000000000
98426  40.978  -9.555  31.876 0.0000000000
98435  42.444  -9.453  29.877 0.0000000000
99666  41.722  -8.845  31.890 0.0000000000
99681  41.624  -9.019  31.736 0.0000000000
99682  41.530  -9.045  31.963 0.0000000000
