#!ascii label  , from subject HYGLY28_VISIT_2 vox2ras=TkReg
1133
64302  15.733  -35.245  69.678 0.0000000000
61006  9.507  -38.549  51.912 0.0000000000
61992  5.361  -36.903  68.121 0.0000000000
69499  7.130  -31.630  64.935 0.0000000000
73462  6.505  -27.941  56.484 0.0000000000
61971  10.391  -36.777  70.294 0.0000000000
69470  10.400  -31.996  70.000 0.0000000000
63142  17.799  -36.292  64.972 0.0000000000
62017  13.079  -37.192  66.284 0.0000000000
62022  8.417  -37.507  65.968 0.0000000000
76071  8.568  -26.671  66.427 0.0000000000
72196  5.869  -30.308  60.854 0.0000000000
77586  6.301  -24.745  61.917 0.0000000000
60908  3.935  -38.691  62.703 0.0000000000
63178  5.646  -36.746  61.147 0.0000000000
65613  6.339  -34.198  66.903 0.0000000000
74580  9.853  -27.000  70.913 0.0000000000
65715  8.581  -34.350  58.569 0.0000000000
67075  6.028  -32.683  55.502 0.0000000000
69742  5.568  -31.651  51.757 0.0000000000
77770  8.803  -26.016  50.549 0.0000000000
63083  13.093  -35.830  69.783 0.0000000000
66875  13.012  -33.824  70.717 0.0000000000
63108  17.135  -36.537  67.289 0.0000000000
60863  16.083  -37.373  65.353 0.0000000000
61985  14.765  -37.522  68.249 0.0000000000
60814  12.051  -38.118  68.580 0.0000000000
77567  8.369  -25.319  63.737 0.0000000000
60870  3.647  -38.020  65.503 0.0000000000
63143  4.180  -36.766  64.765 0.0000000000
65607  6.150  -34.975  67.476 0.0000000000
72098  11.954  -29.599  70.626 0.0000000000
72100  9.936  -29.580  70.641 0.0000000000
60820  6.522  -37.637  67.547 0.0000000000
59565  6.368  -38.978  65.100 0.0000000000
59567  4.893  -39.052  65.195 0.0000000000
58313  4.384  -40.069  63.580 0.0000000000
65651  6.720  -34.660  63.318 0.0000000000
64401  6.703  -35.724  60.445 0.0000000000
66984  7.211  -33.475  61.967 0.0000000000
73442  6.083  -29.130  58.355 0.0000000000
69617  5.871  -31.122  57.925 0.0000000000
70885  5.503  -30.743  55.999 0.0000000000
69708  4.366  -32.210  54.033 0.0000000000
72248  5.873  -29.524  53.651 0.0000000000
61982  7.465  -36.565  68.461 0.0000000000
65596  8.090  -34.619  69.060 0.0000000000
65586  10.421  -34.378  69.191 0.0000000000
69459  12.844  -31.701  70.097 0.0000000000
63167  18.281  -34.931  62.301 0.0000000000
62094  16.133  -35.455  60.306 0.0000000000
60913  16.200  -36.342  62.758 0.0000000000
60892  14.116  -37.491  63.672 0.0000000000
61999  10.461  -37.145  67.011 0.0000000000
60817  9.135  -37.162  68.055 0.0000000000
72126  9.238  -28.901  66.770 0.0000000000
70753  6.506  -30.693  63.706 0.0000000000
73386  8.570  -28.219  63.194 0.0000000000
74677  8.274  -27.034  60.667 0.0000000000
76176  7.523  -26.396  58.576 0.0000000000
66893  17.311  -34.462  67.441 0.0000000000
70809  20.400  -30.107  60.336 0.0000000000
76116  20.345  -26.304  62.708 0.0000000000
64350  19.562  -34.690  64.070 0.0000000000
65608  19.897  -34.390  67.147 0.0000000000
58349  3.817  -40.535  60.665 0.0000000000
59638  4.593  -39.469  59.721 0.0000000000
62078  4.371  -37.847  62.022 0.0000000000
64353  5.305  -35.733  64.053 0.0000000000
66928  6.527  -33.253  65.717 0.0000000000
68219  7.702  -32.641  68.789 0.0000000000
70729  7.613  -30.868  69.199 0.0000000000
72114  8.864  -29.972  68.396 0.0000000000
74600  9.512  -27.342  67.546 0.0000000000
62115  5.196  -38.285  57.852 0.0000000000
62125  6.936  -37.430  56.747 0.0000000000
63256  9.109  -36.077  55.083 0.0000000000
68328  7.111  -32.138  60.323 0.0000000000
68409  8.561  -32.464  57.024 0.0000000000
64523  8.844  -34.888  53.284 0.0000000000
64555  5.831  -35.485  52.304 0.0000000000
65853  5.391  -34.219  50.802 0.0000000000
80194  6.241  -23.363  59.683 0.0000000000
77676  7.296  -25.155  56.081 0.0000000000
80275  8.925  -23.866  53.874 0.0000000000
76249  7.351  -26.407  53.517 0.0000000000
73511  6.384  -28.445  51.469 0.0000000000
63081  14.901  -35.959  70.078 0.0000000000
65583  14.421  -34.377  70.517 0.0000000000
65592  15.315  -34.499  69.568 0.0000000000
63089  16.518  -35.792  68.591 0.0000000000
61984  15.586  -37.135  68.086 0.0000000000
63091  15.247  -36.644  69.442 0.0000000000
61975  13.616  -37.124  69.110 0.0000000000
59827  8.782  -39.661  50.736 0.0000000000
61015  8.987  -38.556  50.895 0.0000000000
62006  4.147  -37.405  66.956 0.0000000000
64328  3.892  -36.216  66.749 0.0000000000
63106  5.016  -36.387  67.884 0.0000000000
63217  17.471  -34.418  59.830 0.0000000000
62004  5.332  -37.899  67.654 0.0000000000
59550  5.593  -38.740  66.279 0.0000000000
60852  4.597  -38.349  66.565 0.0000000000
59568  4.315  -38.516  65.622 0.0000000000
66957  6.939  -33.557  63.854 0.0000000000
66973  7.348  -33.591  62.924 0.0000000000
68282  6.738  -32.593  63.488 0.0000000000
73451  6.177  -28.828  57.501 0.0000000000
72221  5.518  -29.578  57.730 0.0000000000
73463  6.145  -28.750  56.550 0.0000000000
70897  5.495  -30.346  54.920 0.0000000000
73473  6.254  -28.357  55.607 0.0000000000
63095  9.411  -36.425  68.959 0.0000000000
64310  9.230  -35.404  68.345 0.0000000000
64308  10.846  -35.381  69.368 0.0000000000
68206  12.534  -32.739  70.224 0.0000000000
72096  13.151  -30.195  69.565 0.0000000000
62068  18.335  -35.682  63.309 0.0000000000
62070  17.092  -36.394  62.890 0.0000000000
62061  17.326  -36.615  63.669 0.0000000000
60864  14.874  -37.411  65.885 0.0000000000
60877  14.455  -37.582  64.710 0.0000000000
60878  13.180  -37.316  64.644 0.0000000000
60848  11.750  -37.525  66.673 0.0000000000
61978  10.734  -37.445  69.764 0.0000000000
60816  9.889  -37.665  68.315 0.0000000000
60810  9.298  -37.367  68.774 0.0000000000
60811  8.795  -37.002  68.252 0.0000000000
74613  8.702  -27.578  66.027 0.0000000000
73374  8.432  -28.653  64.356 0.0000000000
74620  8.630  -27.608  65.115 0.0000000000
77584  8.099  -25.023  62.597 0.0000000000
76121  8.646  -26.074  62.777 0.0000000000
76146  8.182  -25.839  60.919 0.0000000000
74696  7.926  -27.116  59.392 0.0000000000
77635  7.205  -25.233  60.037 0.0000000000
65661  19.444  -34.130  63.168 0.0000000000
59625  3.996  -39.672  61.366 0.0000000000
60926  4.167  -39.121  61.065 0.0000000000
62079  4.038  -38.356  62.203 0.0000000000
65623  5.465  -35.125  65.866 0.0000000000
64354  4.863  -36.011  64.443 0.0000000000
65632  5.231  -35.263  64.928 0.0000000000
65631  5.965  -34.333  65.365 0.0000000000
66919  6.472  -33.718  66.861 0.0000000000
66887  9.185  -33.296  69.307 0.0000000000
66889  7.751  -33.513  68.848 0.0000000000
68217  8.803  -32.565  69.672 0.0000000000
73337  9.424  -28.600  70.189 0.0000000000
72101  9.073  -29.752  70.285 0.0000000000
73338  8.805  -29.316  70.036 0.0000000000
72115  8.150  -30.383  68.667 0.0000000000
73344  9.101  -29.156  68.655 0.0000000000
72113  9.379  -29.230  67.834 0.0000000000
73340  9.519  -28.319  69.161 0.0000000000
60931  15.521  -35.902  60.335 0.0000000000
60939  15.192  -36.309  58.799 0.0000000000
60866  8.690  -37.894  64.914 0.0000000000
59579  8.444  -38.110  63.700 0.0000000000
60867  8.030  -38.157  64.810 0.0000000000
58281  5.589  -39.533  64.701 0.0000000000
58295  6.484  -39.725  63.777 0.0000000000
59596  3.934  -39.350  63.278 0.0000000000
58335  3.825  -40.611  61.704 0.0000000000
62097  5.100  -38.101  59.659 0.0000000000
60942  4.801  -38.762  58.256 0.0000000000
62105  5.457  -37.582  58.955 0.0000000000
65698  7.442  -35.035  59.383 0.0000000000
63221  6.543  -36.508  57.936 0.0000000000
64450  7.802  -35.844  57.631 0.0000000000
63235  8.318  -36.248  56.253 0.0000000000
65750  8.939  -34.563  57.149 0.0000000000
70775  5.974  -30.630  62.165 0.0000000000
69551  6.323  -31.636  61.428 0.0000000000
69552  5.789  -31.369  61.026 0.0000000000
68384  6.424  -31.712  56.694 0.0000000000
68382  7.681  -31.873  57.544 0.0000000000
68435  7.360  -32.559  55.916 0.0000000000
67120  8.404  -33.704  54.903 0.0000000000
67121  7.439  -33.520  54.760 0.0000000000
64525  6.858  -35.076  53.062 0.0000000000
65785  5.859  -33.766  53.766 0.0000000000
69743  5.252  -32.200  52.251 0.0000000000
67169  4.890  -33.425  52.659 0.0000000000
68510  5.211  -32.941  51.336 0.0000000000
81457  6.471  -22.572  58.630 0.0000000000
79002  6.974  -24.493  57.965 0.0000000000
80221  7.439  -23.297  57.046 0.0000000000
79096  9.612  -24.373  50.032 0.0000000000
79082  9.089  -25.190  51.963 0.0000000000
77719  8.299  -25.469  53.422 0.0000000000
76263  8.337  -26.362  51.971 0.0000000000
76265  6.936  -27.168  52.657 0.0000000000
76305  6.873  -27.279  50.728 0.0000000000
63084  12.086  -36.083  69.634 0.0000000000
64307  11.626  -35.292  69.938 0.0000000000
64300  13.502  -34.564  70.480 0.0000000000
63119  17.262  -36.702  66.579 0.0000000000
60861  17.043  -37.721  65.141 0.0000000000
62014  16.692  -37.188  66.738 0.0000000000
62016  15.075  -37.373  66.568 0.0000000000
60824  13.972  -38.135  67.539 0.0000000000
60825  12.809  -38.221  67.472 0.0000000000
60813  13.222  -38.101  68.130 0.0000000000
61976  12.724  -37.167  69.439 0.0000000000
76081  7.525  -25.505  66.209 0.0000000000
77539  8.512  -26.078  65.611 0.0000000000
77554  7.735  -25.051  65.293 0.0000000000
78931  7.373  -24.406  63.859 0.0000000000
78933  5.944  -23.808  62.926 0.0000000000
60898  3.954  -38.363  63.857 0.0000000000
60897  4.151  -38.020  63.610 0.0000000000
62053  3.721  -37.360  65.007 0.0000000000
64345  3.979  -35.835  65.739 0.0000000000
65614  5.924  -34.859  66.858 0.0000000000
70720  11.568  -30.607  70.507 0.0000000000
70721  10.511  -30.572  70.527 0.0000000000
72099  10.987  -29.596  70.703 0.0000000000
73332  10.915  -28.057  71.072 0.0000000000
76026  11.008  -25.965  71.800 0.0000000000
76046  9.954  -26.206  70.389 0.0000000000
62003  7.154  -37.992  66.315 0.0000000000
60849  7.171  -38.333  65.887 0.0000000000
59531  6.318  -38.467  66.426 0.0000000000
59566  5.645  -39.203  65.422 0.0000000000
58297  4.821  -39.976  64.368 0.0000000000
58312  4.613  -40.294  63.722 0.0000000000
59582  4.577  -39.366  64.575 0.0000000000
59583  4.172  -38.908  64.506 0.0000000000
64389  6.017  -36.058  61.754 0.0000000000
63177  6.154  -36.790  60.529 0.0000000000
64388  6.620  -35.405  61.538 0.0000000000
65675  7.315  -34.449  61.151 0.0000000000
65684  7.923  -34.085  60.289 0.0000000000
73424  6.669  -29.375  59.547 0.0000000000
69573  5.779  -30.937  59.725 0.0000000000
72215  5.406  -30.249  58.479 0.0000000000
70862  5.632  -30.753  57.705 0.0000000000
69653  5.845  -31.375  56.160 0.0000000000
68436  5.314  -32.479  54.727 0.0000000000
70898  5.383  -31.049  55.028 0.0000000000
70911  5.284  -31.204  54.260 0.0000000000
70926  5.707  -30.695  52.793 0.0000000000
77787  8.651  -25.598  49.313 0.0000000000
76335  6.641  -27.066  48.916 0.0000000000
76347  6.213  -26.897  47.718 0.0000000000
63104  6.339  -36.775  68.339 0.0000000000
63099  6.393  -35.828  68.268 0.0000000000
64317  7.460  -35.448  68.765 0.0000000000
65588  8.758  -34.796  68.547 0.0000000000
66885  10.630  -33.334  69.413 0.0000000000
65585  11.297  -34.498  69.729 0.0000000000
68207  11.684  -32.519  69.938 0.0000000000
69460  12.081  -31.622  70.234 0.0000000000
70719  12.473  -30.611  70.369 0.0000000000
63175  18.004  -34.720  61.302 0.0000000000
62102  16.942  -34.897  60.312 0.0000000000
62083  17.165  -35.465  61.658 0.0000000000
60890  16.139  -37.522  64.041 0.0000000000
60904  14.656  -37.004  62.810 0.0000000000
59617  14.184  -36.967  62.042 0.0000000000
62036  10.510  -36.981  65.514 0.0000000000
62000  9.593  -37.062  66.958 0.0000000000
60827  10.495  -37.845  67.567 0.0000000000
60828  9.782  -37.121  67.678 0.0000000000
60829  8.874  -37.325  67.532 0.0000000000
60818  8.219  -37.340  68.061 0.0000000000
61990  6.993  -37.124  68.247 0.0000000000
70743  8.374  -30.364  66.197 0.0000000000
70748  6.814  -30.937  64.525 0.0000000000
72143  7.733  -29.872  64.393 0.0000000000
73388  7.275  -29.480  63.431 0.0000000000
73400  7.184  -29.413  62.471 0.0000000000
76104  8.621  -26.411  63.884 0.0000000000
73398  8.584  -27.844  62.181 0.0000000000
73413  7.600  -29.166  61.404 0.0000000000
73432  8.001  -28.034  59.671 0.0000000000
74715  7.415  -27.387  58.268 0.0000000000
74729  6.920  -27.379  57.220 0.0000000000
65590  16.374  -34.984  68.926 0.0000000000
67014  18.795  -32.339  60.319 0.0000000000
76088  21.035  -26.955  64.390 0.0000000000
77549  20.132  -25.861  64.216 0.0000000000
76115  21.044  -26.933  62.539 0.0000000000
72176  20.186  -29.287  60.873 0.0000000000
69566  19.756  -31.126  60.837 0.0000000000
65682  19.104  -33.570  61.701 0.0000000000
63149  19.087  -35.049  63.478 0.0000000000
63140  18.888  -35.399  64.224 0.0000000000
65629  19.910  -34.476  65.974 0.0000000000
63117  18.560  -35.477  65.696 0.0000000000
64326  18.337  -35.391  67.444 0.0000000000
64321  17.349  -35.362  68.338 0.0000000000
60925  4.649  -38.749  60.568 0.0000000000
63170  4.916  -37.021  61.893 0.0000000000
62071  4.370  -37.719  63.144 0.0000000000
63152  4.888  -36.370  63.204 0.0000000000
63160  5.135  -36.404  62.561 0.0000000000
65652  6.067  -35.301  63.482 0.0000000000
65640  6.399  -34.123  64.443 0.0000000000
68253  6.956  -32.464  65.334 0.0000000000
65598  6.681  -34.668  68.158 0.0000000000
66891  6.737  -34.149  68.022 0.0000000000
66897  6.833  -33.654  67.935 0.0000000000
69464  8.332  -31.280  70.042 0.0000000000
69472  7.680  -31.792  69.006 0.0000000000
68224  7.104  -32.767  67.975 0.0000000000
69487  7.205  -31.933  67.833 0.0000000000
68232  7.538  -31.776  67.181 0.0000000000
69492  8.434  -30.909  66.886 0.0000000000
72120  9.383  -29.149  67.117 0.0000000000
73347  9.377  -28.307  67.180 0.0000000000
74601  8.942  -27.371  66.989 0.0000000000
74594  9.884  -27.268  68.578 0.0000000000
76061  9.540  -26.436  67.971 0.0000000000
76062  8.643  -26.284  67.291 0.0000000000
59594  7.821  -38.469  62.752 0.0000000000
59581  6.681  -39.147  64.326 0.0000000000
63207  6.086  -37.064  58.551 0.0000000000
62126  5.982  -37.775  57.336 0.0000000000
62146  9.380  -36.935  53.883 0.0000000000
69523  6.315  -31.625  63.025 0.0000000000
68310  7.644  -32.962  61.055 0.0000000000
67016  8.312  -33.393  59.765 0.0000000000
69615  6.771  -31.627  58.960 0.0000000000
68358  8.336  -32.529  58.841 0.0000000000
67054  9.186  -33.866  57.756 0.0000000000
65767  9.091  -34.594  56.118 0.0000000000
65798  9.449  -34.934  54.306 0.0000000000
63305  9.435  -36.493  52.685 0.0000000000
64583  8.029  -36.215  51.835 0.0000000000
67148  4.693  -33.652  53.289 0.0000000000
65836  5.347  -34.582  51.630 0.0000000000
80154  5.451  -23.128  61.901 0.0000000000
80166  5.528  -23.132  61.210 0.0000000000
78967  6.285  -24.224  60.865 0.0000000000
78990  6.476  -24.344  59.092 0.0000000000
77665  7.079  -25.461  57.418 0.0000000000
76196  6.638  -26.531  56.074 0.0000000000
79021  8.243  -24.267  55.348 0.0000000000
77687  7.356  -25.441  55.344 0.0000000000
76212  6.442  -26.683  55.233 0.0000000000
73481  6.549  -28.153  53.898 0.0000000000
72258  6.410  -28.892  52.449 0.0000000000
72272  6.157  -29.463  51.244 0.0000000000
72284  5.714  -29.436  50.287 0.0000000000
64303  15.343  -35.220  70.141 0.0000000000
65581  15.543  -34.788  69.822 0.0000000000
64313  16.197  -35.474  69.238 0.0000000000
63090  16.027  -36.247  69.142 0.0000000000
64314  15.729  -35.870  69.829 0.0000000000
59797  9.360  -39.587  52.030 0.0000000000
59811  9.327  -39.453  51.265 0.0000000000
61023  8.884  -39.085  50.646 0.0000000000
63110  4.447  -36.747  67.345 0.0000000000
65709  18.232  -32.955  60.210 0.0000000000
65710  18.095  -33.247  59.775 0.0000000000
64427  17.801  -34.229  60.114 0.0000000000
61991  5.886  -37.460  68.105 0.0000000000
62005  4.820  -37.414  67.646 0.0000000000
60834  4.374  -37.980  67.041 0.0000000000
68268  6.753  -32.531  64.433 0.0000000000
73450  6.560  -28.224  57.079 0.0000000000
61972  9.813  -36.513  69.920 0.0000000000
63087  9.794  -36.190  68.902 0.0000000000
63086  10.316  -36.140  69.614 0.0000000000
62060  18.061  -35.891  63.819 0.0000000000
62046  17.401  -36.599  64.549 0.0000000000
60865  13.722  -37.311  65.618 0.0000000000
62033  12.871  -37.017  65.613 0.0000000000
62018  12.317  -37.035  66.312 0.0000000000
61979  9.563  -37.046  69.618 0.0000000000
76080  8.650  -26.806  65.678 0.0000000000
77585  7.130  -24.777  62.215 0.0000000000
77600  7.617  -25.234  61.895 0.0000000000
77601  6.951  -25.156  61.582 0.0000000000
77619  7.227  -25.254  60.796 0.0000000000
77602  6.250  -25.067  61.225 0.0000000000
59611  3.772  -39.569  62.244 0.0000000000
65622  6.123  -34.382  66.371 0.0000000000
68216  9.550  -32.627  69.711 0.0000000000
68208  9.909  -32.169  70.055 0.0000000000
73341  8.822  -29.136  69.505 0.0000000000
62038  8.244  -37.833  65.333 0.0000000000
62039  7.685  -38.087  65.366 0.0000000000
58296  5.610  -40.141  63.927 0.0000000000
58323  3.986  -40.427  62.597 0.0000000000
62087  5.217  -37.754  61.016 0.0000000000
62086  5.798  -37.294  60.560 0.0000000000
65697  7.904  -34.651  59.274 0.0000000000
64432  7.938  -35.160  58.536 0.0000000000
64449  8.479  -35.163  57.677 0.0000000000
65734  8.809  -34.571  57.842 0.0000000000
72168  5.805  -30.406  61.844 0.0000000000
69538  5.266  -31.117  61.326 0.0000000000
70794  5.336  -30.608  60.923 0.0000000000
68412  6.421  -32.089  55.803 0.0000000000
68411  6.737  -32.150  56.106 0.0000000000
67098  6.623  -33.045  55.495 0.0000000000
67122  6.448  -33.547  54.373 0.0000000000
67099  5.792  -33.185  55.008 0.0000000000
68501  5.302  -32.434  51.682 0.0000000000
68509  5.376  -32.449  50.838 0.0000000000
82784  6.052  -21.661  58.921 0.0000000000
82794  6.407  -21.666  57.806 0.0000000000
81466  7.081  -22.697  57.400 0.0000000000
81477  7.275  -22.320  56.881 0.0000000000
77769  9.347  -25.203  50.295 0.0000000000
79081  9.522  -24.490  51.186 0.0000000000
77754  9.237  -25.423  51.133 0.0000000000
77737  8.515  -25.904  52.538 0.0000000000
77755  8.836  -26.011  51.601 0.0000000000
76284  7.313  -27.023  51.369 0.0000000000
76304  7.482  -26.792  50.546 0.0000000000
64306  12.749  -34.994  70.105 0.0000000000
64305  13.662  -35.172  70.237 0.0000000000
66876  14.232  -33.845  69.787 0.0000000000
63120  16.830  -37.060  66.362 0.0000000000
62013  17.069  -37.008  67.100 0.0000000000
61996  14.920  -37.647  67.363 0.0000000000
60845  14.476  -37.738  66.895 0.0000000000
60812  13.711  -38.141  68.053 0.0000000000
61986  13.874  -37.694  68.287 0.0000000000
63093  13.391  -36.527  69.629 0.0000000000
63094  12.684  -36.506  69.686 0.0000000000
61969  12.219  -36.929  70.011 0.0000000000
77541  7.409  -24.928  66.173 0.0000000000
78921  6.766  -24.218  64.616 0.0000000000
80131  6.404  -23.363  64.222 0.0000000000
78932  6.612  -23.950  63.513 0.0000000000
80142  5.916  -23.277  63.524 0.0000000000
60884  3.626  -38.133  64.688 0.0000000000
62063  3.678  -37.867  64.452 0.0000000000
64327  4.787  -35.850  67.093 0.0000000000
64337  3.888  -35.932  66.351 0.0000000000
64336  4.852  -35.778  66.205 0.0000000000
73330  12.214  -27.788  71.031 0.0000000000
74578  10.840  -27.257  71.266 0.0000000000
77487  12.181  -25.601  71.763 0.0000000000
78845  11.192  -24.622  71.463 0.0000000000
60831  6.781  -37.805  66.757 0.0000000000
59532  6.101  -38.265  66.646 0.0000000000
60851  5.123  -38.536  66.708 0.0000000000
58282  5.213  -39.447  64.930 0.0000000000
64373  6.474  -35.441  62.429 0.0000000000
65674  7.652  -33.831  60.914 0.0000000000
73433  6.133  -29.200  59.091 0.0000000000
70833  5.710  -30.147  59.405 0.0000000000
72214  5.566  -29.781  58.704 0.0000000000
72229  5.155  -30.136  56.975 0.0000000000
72222  5.293  -30.280  57.895 0.0000000000
70874  5.648  -30.670  56.994 0.0000000000
69669  5.529  -31.752  54.988 0.0000000000
72241  5.848  -29.454  54.750 0.0000000000
70910  5.591  -30.459  53.985 0.0000000000
69706  5.284  -31.403  53.403 0.0000000000
79109  9.279  -24.479  49.016 0.0000000000
77801  8.276  -25.154  48.388 0.0000000000
77802  7.895  -25.861  48.394 0.0000000000
76346  7.318  -26.234  47.605 0.0000000000
63098  6.842  -36.225  68.519 0.0000000000
63097  7.859  -36.135  68.491 0.0000000000
64309  10.008  -35.411  68.993 0.0000000000
64311  8.664  -35.154  68.397 0.0000000000
65587  9.516  -34.700  68.739 0.0000000000
65594  9.686  -33.904  69.030 0.0000000000
65593  10.177  -33.718  69.181 0.0000000000
65580  12.815  -34.273  70.493 0.0000000000
65584  12.084  -34.423  70.280 0.0000000000
66879  12.569  -33.695  70.412 0.0000000000
63176  17.662  -35.109  61.467 0.0000000000
63168  17.685  -35.277  61.980 0.0000000000
62077  16.686  -35.920  62.138 0.0000000000
60875  16.486  -37.797  64.764 0.0000000000
60876  15.575  -37.628  64.761 0.0000000000
60891  15.157  -37.557  63.828 0.0000000000
59603  14.142  -37.083  62.537 0.0000000000
60905  13.911  -37.292  62.901 0.0000000000
59589  12.664  -37.618  62.992 0.0000000000
62019  11.333  -36.938  66.360 0.0000000000
62020  10.408  -36.843  66.294 0.0000000000
62021  9.439  -37.069  66.116 0.0000000000
60826  11.600  -38.185  67.403 0.0000000000
60815  10.822  -38.257  68.416 0.0000000000
60830  7.908  -37.678  67.326 0.0000000000
61981  8.086  -36.763  68.375 0.0000000000
61989  7.611  -37.248  68.183 0.0000000000
72127  8.884  -29.407  66.567 0.0000000000
72135  7.902  -30.046  65.014 0.0000000000
72134  8.267  -29.530  65.268 0.0000000000
73387  8.010  -29.100  63.266 0.0000000000
77553  8.391  -25.652  64.878 0.0000000000
76093  8.713  -26.654  64.876 0.0000000000
74659  8.621  -26.920  61.802 0.0000000000
73411  8.519  -27.601  61.624 0.0000000000
73412  8.287  -28.157  61.210 0.0000000000
73423  7.637  -29.005  60.097 0.0000000000
73422  8.122  -27.968  60.291 0.0000000000
76161  7.517  -25.956  59.292 0.0000000000
74714  7.737  -26.688  58.808 0.0000000000
76177  7.302  -26.286  57.910 0.0000000000
65602  16.835  -34.823  68.416 0.0000000000
66894  15.691  -34.944  67.934 0.0000000000
66904  16.337  -34.356  66.837 0.0000000000
72190  21.070  -29.290  60.024 0.0000000000
69588  20.196  -30.573  59.533 0.0000000000
68339  19.323  -31.672  60.430 0.0000000000
77563  20.081  -25.680  63.634 0.0000000000
77550  20.264  -25.121  64.561 0.0000000000
76100  20.481  -26.296  63.849 0.0000000000
76129  20.744  -26.907  62.179 0.0000000000
74672  20.827  -27.633  61.083 0.0000000000
74653  20.490  -27.172  61.677 0.0000000000
69565  19.630  -31.835  61.565 0.0000000000
68322  19.441  -32.093  61.196 0.0000000000
66996  19.468  -32.969  61.638 0.0000000000
64359  19.496  -34.526  63.514 0.0000000000
64372  19.277  -34.532  63.219 0.0000000000
64360  19.460  -34.683  63.800 0.0000000000
63139  19.218  -35.188  63.874 0.0000000000
64351  19.367  -34.910  64.338 0.0000000000
66912  20.977  -33.869  66.286 0.0000000000
65619  20.358  -34.358  66.400 0.0000000000
64333  19.630  -34.658  66.168 0.0000000000
64324  19.815  -34.911  66.787 0.0000000000
64335  18.442  -35.450  66.869 0.0000000000
64325  18.957  -34.894  66.995 0.0000000000
65601  18.002  -34.627  68.033 0.0000000000
57022  3.520  -41.501  59.997 0.0000000000
58348  4.280  -40.144  60.020 0.0000000000
60917  3.964  -38.709  61.640 0.0000000000
60916  4.506  -38.288  61.326 0.0000000000
62062  4.054  -37.565  64.190 0.0000000000
63153  4.475  -36.750  63.728 0.0000000000
64363  4.927  -36.056  63.737 0.0000000000
64362  5.556  -35.878  63.375 0.0000000000
64374  5.831  -36.043  62.512 0.0000000000
65641  5.843  -35.134  64.195 0.0000000000
65630  6.260  -33.705  65.067 0.0000000000
66942  6.581  -33.257  64.799 0.0000000000
68244  7.311  -32.266  66.411 0.0000000000
64318  6.713  -35.345  68.439 0.0000000000
64322  6.278  -35.472  68.065 0.0000000000
65597  7.271  -34.539  68.567 0.0000000000
66890  7.179  -33.695  68.320 0.0000000000
68220  7.377  -32.747  68.321 0.0000000000
70722  9.505  -30.527  70.413 0.0000000000
69463  9.024  -31.287  70.203 0.0000000000
72103  8.062  -30.593  69.559 0.0000000000
70724  8.122  -30.788  69.822 0.0000000000
70726  7.603  -31.155  69.212 0.0000000000
69473  7.385  -32.006  68.404 0.0000000000
70730  7.564  -31.228  68.765 0.0000000000
69478  7.181  -31.939  68.091 0.0000000000
70735  7.386  -31.489  68.114 0.0000000000
72122  8.410  -30.570  68.230 0.0000000000
70741  7.951  -30.966  68.096 0.0000000000
70740  8.362  -30.828  67.740 0.0000000000
69485  8.036  -31.277  67.242 0.0000000000
69484  8.479  -30.891  67.357 0.0000000000
70739  8.731  -30.440  67.113 0.0000000000
72121  9.083  -30.072  67.613 0.0000000000
73343  9.602  -28.332  68.108 0.0000000000
73348  8.985  -27.909  66.858 0.0000000000
74593  10.137  -26.706  69.149 0.0000000000
62093  16.986  -35.156  60.723 0.0000000000
62103  16.345  -35.118  59.882 0.0000000000
59563  7.884  -38.407  64.242 0.0000000000
60869  6.699  -38.801  65.759 0.0000000000
60868  7.160  -38.440  65.471 0.0000000000
60950  4.883  -38.846  57.546 0.0000000000
62127  5.307  -38.555  57.327 0.0000000000
63191  6.326  -36.755  59.569 0.0000000000
63237  6.735  -36.733  57.263 0.0000000000
63238  6.312  -37.212  57.435 0.0000000000
60959  6.369  -38.340  56.600 0.0000000000
60958  7.299  -38.036  56.276 0.0000000000
63257  8.683  -36.407  55.637 0.0000000000
62135  8.602  -37.169  55.169 0.0000000000
63275  8.953  -36.781  54.979 0.0000000000
62159  9.211  -37.745  53.701 0.0000000000
63274  9.324  -36.230  54.570 0.0000000000
69571  6.498  -31.684  60.742 0.0000000000
68311  6.992  -32.494  61.341 0.0000000000
68327  7.785  -32.772  60.443 0.0000000000
68341  8.267  -32.838  59.670 0.0000000000
69596  5.835  -30.965  58.860 0.0000000000
69595  6.211  -31.251  59.357 0.0000000000
69616  6.245  -31.356  58.470 0.0000000000
68381  8.293  -32.281  57.997 0.0000000000
67055  8.750  -33.124  57.956 0.0000000000
67073  9.129  -33.594  56.910 0.0000000000
68433  8.738  -33.010  56.434 0.0000000000
67145  8.140  -33.733  54.203 0.0000000000
65799  8.963  -34.404  54.206 0.0000000000
64551  9.331  -35.653  52.964 0.0000000000
63327  9.196  -36.639  51.947 0.0000000000
64552  8.665  -35.408  52.539 0.0000000000
64526  5.905  -35.107  53.051 0.0000000000
63308  5.610  -36.083  51.816 0.0000000000
68437  4.969  -32.382  54.590 0.0000000000
67124  5.038  -33.308  53.977 0.0000000000
67125  4.310  -33.300  53.835 0.0000000000
67187  5.287  -33.554  51.533 0.0000000000
65835  5.462  -34.733  50.971 0.0000000000
65852  5.673  -34.877  50.474 0.0000000000
81439  5.566  -22.331  60.777 0.0000000000
80195  6.014  -23.255  60.387 0.0000000000
80165  6.076  -23.603  61.077 0.0000000000
80178  6.179  -23.628  60.660 0.0000000000
77637  6.325  -24.370  60.376 0.0000000000
79012  7.144  -24.607  56.868 0.0000000000
76185  6.962  -26.443  56.890 0.0000000000
77677  6.955  -25.690  56.494 0.0000000000
80293  9.273  -23.390  53.015 0.0000000000
81502  9.122  -22.479  53.559 0.0000000000
80260  9.056  -23.068  54.226 0.0000000000
80248  8.326  -23.776  55.473 0.0000000000
77720  7.696  -25.834  53.834 0.0000000000
79048  8.025  -25.210  54.220 0.0000000000
76231  7.307  -26.188  54.083 0.0000000000
77703  6.926  -26.093  55.031 0.0000000000
76232  6.767  -26.715  54.311 0.0000000000
74783  6.505  -27.525  54.426 0.0000000000
74782  6.696  -27.558  53.707 0.0000000000
74809  6.765  -27.499  52.065 0.0000000000
73498  6.499  -28.340  52.436 0.0000000000
72271  6.579  -28.990  52.017 0.0000000000
72259  6.194  -29.468  52.502 0.0000000000
74868  6.036  -27.567  49.343 0.0000000000
63082  13.982  -35.898  70.040 0.0000000000
64304  14.547  -35.111  70.379 0.0000000000
65582  15.090  -34.280  70.178 0.0000000000
63101  16.831  -35.983  67.843 0.0000000000
61983  16.274  -36.945  67.749 0.0000000000
63102  16.214  -36.508  68.292 0.0000000000
63103  15.692  -36.790  68.810 0.0000000000
61973  15.198  -37.141  68.782 0.0000000000
61974  14.505  -37.167  68.960 0.0000000000
63092  14.282  -36.581  69.587 0.0000000000
61024  8.398  -38.940  50.421 0.0000000000
62179  8.085  -37.585  50.853 0.0000000000
62025  3.717  -37.373  66.323 0.0000000000
62040  3.477  -37.204  65.780 0.0000000000
63111  3.964  -36.705  66.883 0.0000000000
60832  5.787  -38.089  67.126 0.0000000000
59551  4.863  -38.506  66.019 0.0000000000
59552  4.463  -38.429  66.095 0.0000000000
60853  4.068  -38.109  66.327 0.0000000000
65662  7.243  -34.264  62.871 0.0000000000
66972  7.474  -34.109  63.038 0.0000000000
74716  6.720  -28.442  58.263 0.0000000000
72228  5.543  -29.451  56.811 0.0000000000
72235  5.217  -30.003  56.226 0.0000000000
70884  5.374  -30.334  55.601 0.0000000000
72234  5.666  -29.528  55.796 0.0000000000
63096  8.856  -36.126  68.547 0.0000000000
64315  8.925  -35.707  68.408 0.0000000000
63088  9.245  -35.869  68.411 0.0000000000
66878  13.031  -33.306  70.560 0.0000000000
69458  13.358  -31.800  69.769 0.0000000000
70718  13.111  -30.739  70.010 0.0000000000
62075  18.174  -35.543  62.926 0.0000000000
62076  17.564  -35.658  62.464 0.0000000000
62069  17.776  -35.992  63.191 0.0000000000
60902  16.613  -36.974  63.474 0.0000000000
60808  11.193  -37.948  69.141 0.0000000000
60809  10.146  -37.864  69.191 0.0000000000
61980  9.054  -36.763  68.652 0.0000000000
73358  8.990  -28.356  66.594 0.0000000000
73367  8.631  -28.508  65.671 0.0000000000
74630  8.793  -27.483  64.074 0.0000000000
78943  7.933  -24.669  63.427 0.0000000000
76134  8.316  -25.777  61.767 0.0000000000
74676  8.407  -26.394  61.278 0.0000000000
76147  8.032  -25.872  60.013 0.0000000000
74654  19.807  -27.501  61.889 0.0000000000
65672  19.360  -33.795  62.576 0.0000000000
66968  19.811  -33.130  63.100 0.0000000000
66951  19.644  -33.139  63.656 0.0000000000
65609  18.728  -34.564  67.222 0.0000000000
64344  4.632  -35.882  65.341 0.0000000000
65642  5.325  -35.558  64.434 0.0000000000
66929  6.334  -33.768  66.233 0.0000000000
66918  6.744  -33.085  66.685 0.0000000000
66888  8.421  -33.372  69.181 0.0000000000
68218  8.115  -32.328  69.402 0.0000000000
72102  8.497  -30.065  69.700 0.0000000000
72108  7.907  -30.483  69.207 0.0000000000
72116  7.708  -30.745  68.714 0.0000000000
72107  8.422  -29.805  69.028 0.0000000000
62104  15.680  -35.619  59.422 0.0000000000
60882  9.071  -37.827  64.316 0.0000000000
58280  6.117  -39.505  64.382 0.0000000000
60934  4.920  -38.791  59.222 0.0000000000
62106  5.069  -38.167  58.626 0.0000000000
64417  7.155  -35.650  59.248 0.0000000000
63206  6.646  -36.405  58.679 0.0000000000
64433  7.198  -36.022  58.251 0.0000000000
64451  6.979  -36.140  57.487 0.0000000000
64469  7.314  -36.024  56.994 0.0000000000
63236  7.796  -36.616  56.538 0.0000000000
64468  8.479  -35.726  56.669 0.0000000000
64486  9.004  -35.472  55.774 0.0000000000
70763  6.222  -30.747  62.686 0.0000000000
69524  6.163  -31.243  62.359 0.0000000000
70764  5.937  -30.955  62.199 0.0000000000
68361  6.332  -31.514  57.589 0.0000000000
68360  6.865  -31.691  58.061 0.0000000000
68383  6.854  -31.865  57.116 0.0000000000
68410  7.583  -32.111  56.575 0.0000000000
68434  8.214  -32.670  56.122 0.0000000000
67096  8.751  -33.499  55.813 0.0000000000
67097  7.811  -33.094  55.449 0.0000000000
65800  8.138  -34.135  53.537 0.0000000000
64524  7.897  -34.859  52.982 0.0000000000
65801  7.087  -34.261  53.494 0.0000000000
65802  6.190  -34.423  53.469 0.0000000000
69729  5.005  -32.306  52.967 0.0000000000
68491  3.819  -32.902  53.159 0.0000000000
68502  5.177  -32.844  52.259 0.0000000000
67203  5.386  -33.437  50.496 0.0000000000
81448  6.233  -22.451  59.458 0.0000000000
80207  6.725  -23.555  58.383 0.0000000000
80222  7.116  -23.766  57.440 0.0000000000
80237  7.749  -23.885  56.554 0.0000000000
80311  9.457  -23.412  51.790 0.0000000000
79066  9.155  -24.261  52.316 0.0000000000
79047  8.583  -24.688  53.726 0.0000000000
79067  8.848  -24.980  52.883 0.0000000000
77738  7.833  -26.005  53.117 0.0000000000
76250  6.907  -26.978  53.241 0.0000000000
76264  7.560  -26.729  52.379 0.0000000000
74808  7.175  -27.165  51.849 0.0000000000
74829  6.589  -27.688  51.132 0.0000000000
61970  11.405  -36.892  70.153 0.0000000000
63085  11.076  -36.110  69.870 0.0000000000
65579  13.326  -34.152  70.740 0.0000000000
64299  14.049  -34.662  70.544 0.0000000000
68202  13.839  -33.131  70.682 0.0000000000
63129  17.349  -36.605  65.600 0.0000000000
62030  16.573  -37.263  65.887 0.0000000000
62031  15.582  -37.228  66.096 0.0000000000
61995  16.006  -37.193  67.284 0.0000000000
62015  15.804  -37.270  66.647 0.0000000000
62032  15.129  -37.279  66.271 0.0000000000
60846  13.624  -37.774  66.624 0.0000000000
60847  12.504  -37.794  66.704 0.0000000000
61987  12.954  -37.623  68.738 0.0000000000
61988  12.375  -37.649  69.063 0.0000000000
61977  11.774  -37.521  69.396 0.0000000000
77528  8.340  -25.935  66.158 0.0000000000
77540  8.029  -25.368  65.991 0.0000000000
78919  8.066  -25.009  64.555 0.0000000000
77555  7.170  -24.679  65.297 0.0000000000
78920  7.505  -24.665  64.622 0.0000000000
78930  7.976  -24.672  64.060 0.0000000000
78944  7.344  -24.411  62.992 0.0000000000
78945  6.514  -24.265  62.586 0.0000000000
60907  4.214  -38.286  63.182 0.0000000000
63134  3.698  -36.567  65.681 0.0000000000
63133  3.971  -36.315  65.326 0.0000000000
69461  11.020  -31.654  70.092 0.0000000000
69462  9.946  -31.460  70.284 0.0000000000
73334  12.054  -28.567  70.629 0.0000000000
73335  11.356  -28.728  70.852 0.0000000000
73336  10.417  -28.527  70.745 0.0000000000
74583  10.479  -27.633  70.862 0.0000000000
74590  9.750  -26.639  70.409 0.0000000000
78841  10.011  -24.940  71.572 0.0000000000
62002  7.708  -37.771  66.546 0.0000000000
62023  7.423  -37.977  65.890 0.0000000000
60850  6.927  -38.414  66.161 0.0000000000
59549  6.305  -39.052  66.065 0.0000000000
56956  5.001  -40.552  63.707 0.0000000000
58298  4.489  -39.559  64.250 0.0000000000
64402  6.183  -36.132  61.075 0.0000000000
65663  6.920  -34.445  62.311 0.0000000000
65685  7.394  -34.927  59.976 0.0000000000
72195  6.466  -29.822  60.421 0.0000000000
70814  5.793  -30.457  60.129 0.0000000000
70813  6.010  -30.051  59.878 0.0000000000
70834  5.668  -30.580  59.230 0.0000000000
70849  5.520  -30.621  58.433 0.0000000000
68362  6.197  -31.368  57.159 0.0000000000
68385  6.204  -31.618  56.385 0.0000000000
68413  6.041  -32.147  55.421 0.0000000000
67076  5.671  -32.724  55.086 0.0000000000
69687  4.964  -31.732  54.416 0.0000000000
69707  4.717  -31.848  53.716 0.0000000000
69728  5.371  -31.681  52.637 0.0000000000
77786  9.321  -24.943  49.642 0.0000000000
76321  8.378  -26.190  49.939 0.0000000000
76303  8.155  -26.468  50.371 0.0000000000
77788  7.906  -26.135  48.941 0.0000000000
76366  5.519  -26.675  46.615 0.0000000000
61007  9.184  -39.094  52.695 0.0000000000
63105  5.937  -36.296  68.173 0.0000000000
64316  8.459  -35.479  68.587 0.0000000000
65589  8.442  -35.015  68.642 0.0000000000
65595  8.903  -34.120  68.947 0.0000000000
66886  9.927  -33.212  69.302 0.0000000000
68215  10.314  -32.560  69.674 0.0000000000
66880  11.785  -33.551  70.070 0.0000000000
66881  11.096  -33.798  69.614 0.0000000000
66884  11.306  -33.140  69.650 0.0000000000
68214  10.990  -32.526  69.658 0.0000000000
72097  12.662  -29.473  70.063 0.0000000000
64412  18.238  -34.240  60.898 0.0000000000
63189  17.464  -34.718  60.565 0.0000000000
63190  17.590  -35.044  61.151 0.0000000000
62084  16.315  -35.564  61.191 0.0000000000
60922  15.824  -36.037  61.661 0.0000000000
60923  15.043  -36.160  61.079 0.0000000000
60889  16.923  -37.377  64.199 0.0000000000
60903  15.688  -36.884  63.349 0.0000000000
60914  15.278  -36.320  62.332 0.0000000000
60915  14.595  -36.537  61.688 0.0000000000
60906  13.507  -37.435  62.735 0.0000000000
62050  10.437  -37.313  64.553 0.0000000000
62037  9.333  -37.533  65.145 0.0000000000
61998  11.082  -37.601  66.914 0.0000000000
62001  8.649  -37.413  66.799 0.0000000000
60819  7.278  -37.529  67.699 0.0000000000
69498  7.655  -31.238  65.503 0.0000000000
70747  7.598  -30.652  64.939 0.0000000000
70752  7.130  -30.383  64.287 0.0000000000
72144  7.168  -30.026  63.747 0.0000000000
72142  8.105  -29.345  64.458 0.0000000000
73376  7.520  -29.674  63.817 0.0000000000
72155  6.710  -30.040  63.056 0.0000000000
72181  6.799  -29.692  61.467 0.0000000000
74644  9.042  -27.191  62.968 0.0000000000
73399  8.220  -28.799  62.283 0.0000000000
72194  7.125  -29.436  60.856 0.0000000000
74678  7.086  -29.060  59.230 0.0000000000
73431  8.012  -27.534  60.005 0.0000000000
74697  7.487  -28.361  58.980 0.0000000000
74730  6.675  -28.018  57.688 0.0000000000
65591  15.726  -34.829  69.217 0.0000000000
65603  16.043  -34.885  68.633 0.0000000000
65691  18.579  -33.267  60.921 0.0000000000
76089  20.132  -26.376  64.836 0.0000000000
73419  20.842  -28.405  60.599 0.0000000000
73406  20.223  -28.193  61.382 0.0000000000
68323  19.306  -32.032  60.839 0.0000000000
66997  19.129  -32.582  60.998 0.0000000000
64411  18.392  -33.798  60.956 0.0000000000
64399  18.622  -33.917  61.522 0.0000000000
64371  19.262  -34.331  62.975 0.0000000000
63158  18.865  -34.767  62.887 0.0000000000
63159  18.634  -35.313  63.127 0.0000000000
63151  18.541  -35.690  63.993 0.0000000000
63141  18.200  -35.929  64.491 0.0000000000
66937  19.570  -33.097  64.228 0.0000000000
66936  19.616  -33.647  64.407 0.0000000000
66923  19.862  -33.738  65.458 0.0000000000
64341  19.477  -34.589  64.781 0.0000000000
64342  19.465  -34.627  65.361 0.0000000000
63127  18.696  -35.495  64.999 0.0000000000
63128  18.167  -36.015  65.326 0.0000000000
63118  18.081  -35.913  66.231 0.0000000000
63107  17.821  -35.949  67.042 0.0000000000
63100  17.674  -35.720  67.703 0.0000000000
65600  18.436  -34.852  67.822 0.0000000000
64320  18.228  -35.207  68.054 0.0000000000
64312  16.636  -35.297  68.668 0.0000000000
59639  4.297  -39.596  60.610 0.0000000000
63179  5.240  -36.961  61.453 0.0000000000
63161  4.601  -36.974  62.723 0.0000000000
63169  5.364  -36.445  61.833 0.0000000000
64361  6.170  -35.516  63.043 0.0000000000
69494  7.618  -31.898  65.632 0.0000000000
64323  5.785  -35.686  67.682 0.0000000000
65606  6.322  -35.064  67.820 0.0000000000
65599  6.564  -34.600  67.840 0.0000000000
66898  6.609  -34.313  67.767 0.0000000000
66910  6.501  -34.317  67.511 0.0000000000
66909  6.648  -33.675  67.414 0.0000000000
68209  9.258  -32.062  70.216 0.0000000000
68210  8.513  -31.898  70.087 0.0000000000
68211  8.141  -31.714  69.875 0.0000000000
70723  8.733  -30.598  70.077 0.0000000000
69465  7.871  -31.478  69.632 0.0000000000
69471  7.835  -32.011  69.245 0.0000000000
66908  6.858  -33.124  67.255 0.0000000000
68233  7.234  -32.349  67.344 0.0000000000
70734  7.602  -31.215  68.286 0.0000000000
69486  7.603  -31.410  67.766 0.0000000000
68243  7.678  -31.655  66.834 0.0000000000
69493  7.870  -31.278  66.328 0.0000000000
73357  9.313  -28.675  66.901 0.0000000000
74608  8.789  -27.578  66.603 0.0000000000
74589  9.651  -27.013  69.846 0.0000000000
76072  7.942  -25.515  66.606 0.0000000000
66883  14.538  -34.572  69.076 0.0000000000
63202  16.863  -34.748  60.248 0.0000000000
63203  16.096  -35.127  59.574 0.0000000000
63218  16.042  -35.064  59.211 0.0000000000
59564  7.224  -38.665  64.616 0.0000000000
59580  7.367  -38.957  63.773 0.0000000000
59595  7.308  -39.237  63.187 0.0000000000
59674  4.577  -39.381  57.835 0.0000000000
62095  6.091  -37.274  60.183 0.0000000000
63192  5.885  -37.270  59.195 0.0000000000
62114  5.568  -37.636  58.119 0.0000000000
63222  6.181  -37.138  57.732 0.0000000000
60960  5.568  -38.677  56.779 0.0000000000
60974  5.857  -39.034  56.129 0.0000000000
62136  8.027  -37.448  55.718 0.0000000000
60996  9.547  -38.145  52.915 0.0000000000
69509  6.456  -31.673  64.124 0.0000000000
68298  6.772  -32.596  62.490 0.0000000000
69536  6.387  -31.780  62.093 0.0000000000
66983  7.585  -33.410  61.326 0.0000000000
67000  7.841  -33.404  60.772 0.0000000000
65683  8.204  -33.713  59.986 0.0000000000
65696  8.333  -33.958  59.513 0.0000000000
69553  5.383  -31.061  60.492 0.0000000000
69572  6.025  -31.282  60.230 0.0000000000
69594  6.791  -31.626  59.842 0.0000000000
68359  7.574  -31.934  58.633 0.0000000000
68342  7.612  -32.209  59.621 0.0000000000
67036  8.629  -33.404  58.977 0.0000000000
65714  9.051  -34.074  58.183 0.0000000000
65749  9.096  -34.269  57.598 0.0000000000
65766  9.197  -34.975  55.374 0.0000000000
65783  8.952  -34.353  55.184 0.0000000000
64503  9.443  -35.372  54.497 0.0000000000
63289  9.540  -36.276  53.494 0.0000000000
62158  9.515  -37.152  53.157 0.0000000000
62169  9.486  -37.407  52.329 0.0000000000
62178  9.080  -37.544  51.501 0.0000000000
63328  8.445  -36.725  51.568 0.0000000000
67100  5.367  -32.978  54.589 0.0000000000
65786  5.400  -33.636  53.847 0.0000000000
65803  5.294  -34.230  53.450 0.0000000000
67149  4.095  -33.323  53.268 0.0000000000
65819  5.051  -34.364  52.623 0.0000000000
64556  5.273  -35.344  51.995 0.0000000000
63309  5.097  -36.108  51.551 0.0000000000
80143  5.388  -23.212  62.801 0.0000000000
78946  5.841  -23.979  62.110 0.0000000000
77587  6.142  -24.416  61.483 0.0000000000
78957  6.077  -23.826  61.320 0.0000000000
77603  6.210  -24.500  60.975 0.0000000000
77621  6.274  -24.529  60.519 0.0000000000
77636  6.703  -24.946  59.752 0.0000000000
76162  7.265  -25.730  58.802 0.0000000000
77652  7.058  -25.188  58.507 0.0000000000
74745  6.610  -27.210  56.410 0.0000000000
80249  8.125  -23.914  56.037 0.0000000000
79022  7.909  -24.546  55.693 0.0000000000
79032  7.830  -25.101  54.941 0.0000000000
77688  6.858  -25.908  55.700 0.0000000000
74764  6.441  -27.331  55.731 0.0000000000
74765  6.314  -27.559  55.037 0.0000000000
73482  6.243  -28.480  54.427 0.0000000000
74795  6.796  -27.655  52.918 0.0000000000
73490  6.226  -28.738  53.431 0.0000000000
70942  5.929  -30.524  51.538 0.0000000000
76323  6.816  -27.178  49.882 0.0000000000
74848  6.225  -27.804  50.185 0.0000000000
73512  6.111  -28.869  50.669 0.0000000000
69753  5.749  -31.376  50.562 0.0000000000
58496  9.274  -39.900  51.673 0.0000000000
59604  13.779  -37.251  62.374 0.0000000000
59826  9.128  -39.197  50.792 0.0000000000
60807  11.669  -37.928  69.066 0.0000000000
60823  14.496  -38.020  67.239 0.0000000000
60833  4.908  -38.247  67.307 0.0000000000
60862  16.864  -37.933  65.305 0.0000000000
60874  16.972  -37.567  64.891 0.0000000000
60883  8.329  -38.081  64.264 0.0000000000
61016  8.399  -38.337  50.567 0.0000000000
61993  17.070  -36.963  67.319 0.0000000000
61994  16.763  -37.010  67.333 0.0000000000
61997  14.443  -38.029  67.954 0.0000000000
62024  7.159  -38.166  66.162 0.0000000000
62029  16.933  -37.341  65.175 0.0000000000
62045  17.863  -36.101  64.272 0.0000000000
62052  3.943  -37.261  64.668 0.0000000000
62059  18.450  -35.652  63.514 0.0000000000
62072  4.220  -38.232  62.603 0.0000000000
62085  6.051  -37.224  60.474 0.0000000000
62092  17.004  -35.017  60.571 0.0000000000
62096  5.726  -37.551  59.850 0.0000000000
62124  7.625  -37.278  56.289 0.0000000000
62147  8.968  -37.299  54.522 0.0000000000
63109  16.659  -36.647  67.698 0.0000000000
63123  3.671  -36.665  66.304 0.0000000000
63130  16.861  -36.839  66.169 0.0000000000
63144  3.848  -36.757  65.210 0.0000000000
63150  18.719  -35.520  63.646 0.0000000000
63258  8.042  -36.933  56.055 0.0000000000
64301  13.111  -34.481  70.457 0.0000000000
64319  18.591  -34.999  67.600 0.0000000000
64334  18.859  -34.985  66.369 0.0000000000
64343  19.009  -34.931  65.566 0.0000000000
64352  19.096  -35.036  64.843 0.0000000000
64385  19.076  -34.207  62.552 0.0000000000
64416  7.504  -35.038  59.072 0.0000000000
64431  8.488  -34.822  58.157 0.0000000000
64470  6.905  -36.228  57.194 0.0000000000
64485  9.206  -35.621  55.084 0.0000000000
64522  9.514  -35.309  53.843 0.0000000000
64527  5.335  -34.980  52.735 0.0000000000
64581  9.182  -35.965  52.334 0.0000000000
64582  8.609  -36.023  51.975 0.0000000000
64606  5.429  -35.558  50.575 0.0000000000
65618  20.784  -34.130  66.016 0.0000000000
65628  19.966  -34.186  65.694 0.0000000000
65639  19.594  -34.330  64.679 0.0000000000
65649  19.580  -34.429  63.766 0.0000000000
65650  7.251  -34.324  63.120 0.0000000000
65716  8.130  -34.701  58.784 0.0000000000
65733  9.046  -34.261  57.986 0.0000000000
65782  9.330  -34.894  54.769 0.0000000000
65784  6.442  -33.894  53.723 0.0000000000
66874  13.542  -33.522  70.781 0.0000000000
66882  15.493  -34.873  68.680 0.0000000000
66899  21.073  -33.382  66.283 0.0000000000
66911  20.908  -33.680  65.766 0.0000000000
66950  19.598  -33.723  63.394 0.0000000000
66956  7.263  -34.059  63.303 0.0000000000
66967  19.657  -33.399  62.709 0.0000000000
66982  19.671  -33.226  62.127 0.0000000000
66998  19.186  -32.171  60.738 0.0000000000
66999  8.111  -33.405  60.273 0.0000000000
67015  19.074  -32.101  60.541 0.0000000000
67035  8.911  -33.762  58.295 0.0000000000
67072  9.229  -34.088  57.330 0.0000000000
67074  6.309  -32.521  55.735 0.0000000000
67123  5.627  -33.333  54.226 0.0000000000
67146  7.349  -33.733  53.980 0.0000000000
67147  6.809  -33.792  53.845 0.0000000000
67170  4.075  -33.185  52.891 0.0000000000
68201  14.043  -33.101  70.400 0.0000000000
68225  20.915  -32.929  66.529 0.0000000000
68234  7.106  -32.641  67.709 0.0000000000
68276  19.403  -32.628  63.984 0.0000000000
68305  19.863  -32.775  62.275 0.0000000000
68326  8.202  -33.082  60.083 0.0000000000
68340  19.227  -31.953  60.624 0.0000000000
68343  7.160  -31.977  59.899 0.0000000000
68456  5.095  -32.884  54.415 0.0000000000
68457  4.676  -32.728  54.331 0.0000000000
68474  4.196  -32.431  53.347 0.0000000000
68475  3.930  -32.803  53.769 0.0000000000
68490  4.332  -32.825  52.788 0.0000000000
69466  7.704  -31.277  69.406 0.0000000000
69469  10.707  -32.170  69.825 0.0000000000
69477  7.263  -31.629  67.960 0.0000000000
69537  5.916  -31.247  61.764 0.0000000000
69593  7.174  -31.917  59.661 0.0000000000
69614  7.180  -31.858  59.349 0.0000000000
69634  5.989  -31.099  57.082 0.0000000000
69670  5.140  -32.218  54.668 0.0000000000
69688  4.862  -32.166  54.531 0.0000000000
70725  7.727  -30.896  69.507 0.0000000000
70731  7.437  -31.554  68.300 0.0000000000
70744  7.907  -30.739  65.694 0.0000000000
70746  8.059  -30.265  65.413 0.0000000000
70776  5.574  -30.847  61.912 0.0000000000
70777  5.265  -30.661  61.527 0.0000000000
70848  5.501  -30.287  58.854 0.0000000000
72109  7.615  -30.726  69.000 0.0000000000
72123  7.907  -30.760  68.398 0.0000000000
72167  6.325  -30.104  62.179 0.0000000000
72169  5.512  -30.543  61.746 0.0000000000
72182  6.145  -30.136  61.368 0.0000000000
72183  5.594  -30.381  61.389 0.0000000000
72206  5.998  -29.680  59.558 0.0000000000
73331  11.558  -27.986  71.158 0.0000000000
73375  7.908  -29.395  63.895 0.0000000000
73472  6.439  -27.699  56.058 0.0000000000
73489  6.590  -28.235  53.235 0.0000000000
73499  6.328  -28.722  52.815 0.0000000000
74579  10.098  -27.081  71.078 0.0000000000
74584  10.059  -27.453  70.496 0.0000000000
74585  9.736  -26.859  70.605 0.0000000000
74660  8.460  -27.438  61.317 0.0000000000
74679  6.621  -29.125  59.156 0.0000000000
74698  6.721  -28.980  58.775 0.0000000000
74828  6.927  -27.298  51.538 0.0000000000
76024  12.412  -26.186  71.736 0.0000000000
76025  11.624  -26.169  71.853 0.0000000000
76027  10.362  -25.669  71.874 0.0000000000
76032  11.194  -26.545  71.609 0.0000000000
76033  10.106  -26.265  71.601 0.0000000000
76034  9.886  -26.765  71.173 0.0000000000
76038  10.099  -25.640  70.537 0.0000000000
76039  9.781  -25.873  70.986 0.0000000000
76040  9.766  -26.558  71.033 0.0000000000
76047  9.763  -26.435  70.703 0.0000000000
76099  21.083  -26.878  63.349 0.0000000000
76130  20.445  -26.788  62.178 0.0000000000
76213  6.244  -27.065  54.695 0.0000000000
76233  6.395  -27.086  54.461 0.0000000000
76283  8.162  -26.591  51.265 0.0000000000
76285  6.906  -27.292  51.203 0.0000000000
76322  7.669  -26.486  49.561 0.0000000000
76334  7.309  -26.507  48.506 0.0000000000
77488  11.327  -25.348  72.029 0.0000000000
77489  10.604  -25.270  71.988 0.0000000000
77490  10.175  -25.370  71.776 0.0000000000
77494  9.970  -25.328  71.472 0.0000000000
77500  9.920  -24.926  70.961 0.0000000000
77527  8.533  -26.347  65.984 0.0000000000
77618  7.669  -25.405  61.383 0.0000000000
77620  6.411  -25.059  60.528 0.0000000000
77702  7.368  -25.766  54.540 0.0000000000
78838  11.714  -24.924  71.801 0.0000000000
78839  10.914  -24.738  71.947 0.0000000000
78840  10.357  -24.914  71.746 0.0000000000
78846  10.529  -24.670  71.502 0.0000000000
78847  10.147  -24.803  71.458 0.0000000000
78853  10.229  -24.608  71.303 0.0000000000
78956  6.189  -23.811  61.182 0.0000000000
78966  6.286  -23.912  60.991 0.0000000000
78979  6.325  -24.156  60.349 0.0000000000
78980  6.292  -24.298  60.624 0.0000000000
79011  7.523  -24.575  56.319 0.0000000000
79031  8.359  -24.365  54.754 0.0000000000
79110  8.717  -24.901  48.751 0.0000000000
80179  5.784  -23.207  60.738 0.0000000000
80238  7.309  -23.889  56.958 0.0000000000
80261  8.781  -23.264  54.571 0.0000000000
80274  9.173  -23.153  53.918 0.0000000000
80294  9.008  -24.242  53.171 0.0000000000
81465  7.416  -22.867  57.039 0.0000000000
81476  7.621  -22.644  56.557 0.0000000000
81491  9.066  -22.786  54.172 0.0000000000
