#!ascii label  , from subject HYGLY28_VISIT_2 vox2ras=TkReg
1372
67179  23.577  -31.632  51.874 0.0000000000
76127  31.870  -26.043  61.901 0.0000000000
95892  39.290  -11.954  36.072 0.0000000000
85630  31.609  -19.445  42.346 0.0000000000
81511  35.755  -23.674  52.693 0.0000000000
105623  50.016  -2.713  27.605 0.0000000000
88372  40.213  -17.234  35.895 0.0000000000
85732  36.059  -18.633  35.466 0.0000000000
65817  16.685  -34.153  51.920 0.0000000000
78985  25.510  -23.779  59.028 0.0000000000
77658  29.520  -23.908  56.614 0.0000000000
74827  24.313  -27.299  51.117 0.0000000000
99692  45.349  -8.052  30.623 0.0000000000
72197  26.105  -28.816  58.610 0.0000000000
69650  19.781  -31.121  56.593 0.0000000000
99625  46.307  -8.292  35.808 0.0000000000
62133  15.204  -35.933  55.922 0.0000000000
59727  12.328  -38.938  55.187 0.0000000000
86951  34.954  -16.749  41.973 0.0000000000
84187  32.868  -20.986  47.048 0.0000000000
74954  32.844  -25.973  44.764 0.0000000000
76276  31.832  -25.545  51.672 0.0000000000
84314  39.473  -18.696  37.759 0.0000000000
85756  37.884  -18.553  35.920 0.0000000000
88340  37.207  -17.405  38.024 0.0000000000
89652  43.307  -16.068  39.134 0.0000000000
67198  21.029  -32.322  49.886 0.0000000000
65849  18.665  -34.428  49.254 0.0000000000
67166  19.485  -31.787  51.625 0.0000000000
74776  25.176  -27.854  54.897 0.0000000000
77683  25.064  -24.723  55.630 0.0000000000
70960  24.560  -30.070  51.024 0.0000000000
68530  23.420  -32.672  48.180 0.0000000000
95925  39.702  -10.565  34.001 0.0000000000
95862  43.077  -11.021  37.896 0.0000000000
97128  42.436  -9.713  36.081 0.0000000000
98404  42.788  -8.681  33.370 0.0000000000
68357  18.870  -31.791  58.803 0.0000000000
67071  16.641  -33.401  56.746 0.0000000000
63218  16.042  -35.064  59.211 0.0000000000
59632  13.083  -36.730  60.493 0.0000000000
59686  13.548  -37.380  57.567 0.0000000000
59669  11.875  -37.549  58.187 0.0000000000
59672  9.026  -39.549  57.857 0.0000000000
59624  8.159  -38.604  60.527 0.0000000000
85489  34.640  -19.957  51.184 0.0000000000
81560  34.171  -22.562  49.404 0.0000000000
80397  33.673  -23.827  45.630 0.0000000000
79125  34.680  -24.752  48.544 0.0000000000
79060  28.217  -23.004  52.874 0.0000000000
76224  30.915  -24.853  53.542 0.0000000000
77749  29.717  -24.040  51.451 0.0000000000
76331  30.549  -24.561  48.540 0.0000000000
86968  32.886  -17.694  41.515 0.0000000000
87007  33.058  -17.750  39.470 0.0000000000
85664  31.517  -19.191  39.570 0.0000000000
108016  53.777  -1.607  24.523 0.0000000000
108003  51.097  -1.955  25.572 0.0000000000
92072  39.837  -14.456  36.985 0.0000000000
88392  37.764  -17.533  34.135 0.0000000000
93284  42.764  -13.816  38.812 0.0000000000
78950  28.759  -23.735  61.821 0.0000000000
76155  31.257  -25.204  59.431 0.0000000000
80200  27.383  -23.271  58.297 0.0000000000
80269  25.717  -23.346  53.889 0.0000000000
77753  23.584  -24.995  50.803 0.0000000000
99652  48.486  -7.970  33.407 0.0000000000
100903  47.674  -7.411  30.458 0.0000000000
103167  48.115  -5.897  29.491 0.0000000000
104466  48.247  -4.312  27.822 0.0000000000
69684  24.511  -30.374  54.504 0.0000000000
68451  21.827  -31.547  54.159 0.0000000000
68375  23.340  -30.179  56.824 0.0000000000
76172  24.996  -26.607  59.165 0.0000000000
99654  46.520  -8.522  33.642 0.0000000000
68454  17.880  -31.911  54.228 0.0000000000
63288  15.610  -35.700  53.870 0.0000000000
60993  15.184  -37.999  52.917 0.0000000000
60948  14.778  -36.872  57.638 0.0000000000
59725  14.181  -37.965  55.472 0.0000000000
56968  6.134  -40.693  62.760 0.0000000000
88279  38.260  -16.303  41.599 0.0000000000
86924  32.927  -18.128  44.668 0.0000000000
86844  33.688  -18.861  48.176 0.0000000000
85590  32.150  -19.890  45.107 0.0000000000
81640  32.384  -22.795  44.171 0.0000000000
76431  32.960  -25.583  43.251 0.0000000000
75003  31.329  -27.088  42.217 0.0000000000
74736  32.529  -25.458  56.885 0.0000000000
74772  33.056  -25.842  54.307 0.0000000000
74839  34.822  -25.787  50.979 0.0000000000
74878  33.483  -26.571  48.264 0.0000000000
76376  30.533  -25.420  45.308 0.0000000000
88325  35.278  -16.988  38.482 0.0000000000
85733  33.825  -19.376  35.810 0.0000000000
87003  39.574  -17.828  39.126 0.0000000000
87046  38.349  -18.018  37.520 0.0000000000
88305  39.311  -17.306  39.597 0.0000000000
85662  40.913  -17.892  39.056 0.0000000000
67181  22.345  -31.779  51.099 0.0000000000
67183  20.274  -32.180  50.772 0.0000000000
67164  21.622  -31.560  51.810 0.0000000000
70925  24.614  -29.849  53.110 0.0000000000
74807  24.810  -28.143  53.147 0.0000000000
68500  24.029  -31.475  51.363 0.0000000000
68508  24.294  -31.870  50.330 0.0000000000
95907  39.193  -11.385  34.858 0.0000000000
95864  40.993  -11.862  37.844 0.0000000000
95874  42.948  -10.420  37.126 0.0000000000
95890  41.273  -10.332  36.252 0.0000000000
97130  40.771  -10.123  35.397 0.0000000000
59620  12.246  -36.373  61.355 0.0000000000
59650  12.042  -37.302  59.287 0.0000000000
59651  11.038  -37.724  59.129 0.0000000000
59671  9.850  -38.502  57.847 0.0000000000
59635  9.998  -37.561  59.928 0.0000000000
59637  8.194  -38.874  59.536 0.0000000000
82849  34.836  -21.934  52.343 0.0000000000
81544  35.079  -23.534  50.902 0.0000000000
80352  34.545  -23.632  48.962 0.0000000000
79090  35.376  -24.372  50.683 0.0000000000
74646  32.865  -26.564  61.057 0.0000000000
80322  26.729  -23.351  51.640 0.0000000000
77731  28.447  -23.327  52.177 0.0000000000
79091  27.198  -23.383  50.567 0.0000000000
77797  27.986  -23.742  48.443 0.0000000000
86969  31.852  -18.473  41.710 0.0000000000
87009  31.835  -18.575  40.128 0.0000000000
105619  50.251  -3.249  28.451 0.0000000000
106804  52.701  -2.688  28.949 0.0000000000
107996  52.993  -1.725  27.782 0.0000000000
108001  52.851  -1.387  26.489 0.0000000000
106813  50.532  -2.279  26.219 0.0000000000
89665  39.674  -16.347  36.507 0.0000000000
90881  38.137  -15.737  35.402 0.0000000000
88374  38.897  -17.318  34.951 0.0000000000
85757  36.637  -18.897  35.247 0.0000000000
85784  37.234  -18.840  34.631 0.0000000000
85785  36.222  -19.586  34.520 0.0000000000
88354  41.150  -16.995  37.500 0.0000000000
89655  41.154  -16.052  38.149 0.0000000000
92060  41.383  -14.546  37.970 0.0000000000
65833  17.676  -34.104  50.427 0.0000000000
63326  16.487  -36.298  51.606 0.0000000000
80171  27.066  -23.263  60.275 0.0000000000
80170  28.039  -23.423  60.042 0.0000000000
80202  25.866  -23.484  58.780 0.0000000000
77712  25.594  -26.040  52.949 0.0000000000
79027  25.379  -23.844  54.922 0.0000000000
77733  24.941  -25.564  52.261 0.0000000000
80287  25.449  -23.545  52.888 0.0000000000
77766  24.377  -25.951  51.004 0.0000000000
72313  24.136  -29.580  49.220 0.0000000000
80468  31.767  -24.277  41.535 0.0000000000
99661  47.539  -8.278  32.425 0.0000000000
99675  48.527  -8.089  31.585 0.0000000000
99676  47.562  -8.030  31.272 0.0000000000
102052  46.976  -6.688  29.467 0.0000000000
103178  46.836  -5.892  27.953 0.0000000000
104464  48.130  -4.742  28.367 0.0000000000
69645  25.185  -29.612  56.410 0.0000000000
69664  24.166  -29.990  55.192 0.0000000000
69627  24.779  -29.984  57.222 0.0000000000
74707  25.640  -27.932  58.478 0.0000000000
73456  25.743  -28.110  56.546 0.0000000000
99639  47.455  -8.150  34.547 0.0000000000
99640  46.388  -8.314  34.707 0.0000000000
98412  42.932  -8.523  32.137 0.0000000000
68429  20.296  -31.373  55.093 0.0000000000
69704  19.245  -31.362  53.729 0.0000000000
69668  18.304  -31.634  55.771 0.0000000000
64483  15.919  -35.066  56.118 0.0000000000
65764  16.122  -34.144  55.353 0.0000000000
62144  15.372  -36.090  54.747 0.0000000000
62156  15.489  -36.662  53.317 0.0000000000
62145  15.021  -36.839  54.200 0.0000000000
60940  14.877  -36.889  58.834 0.0000000000
59706  13.395  -37.741  56.385 0.0000000000
59705  14.094  -37.373  56.810 0.0000000000
59726  13.226  -38.445  55.213 0.0000000000
59750  13.942  -38.759  54.192 0.0000000000
86923  33.690  -17.538  44.520 0.0000000000
84166  33.760  -20.676  48.927 0.0000000000
85515  34.230  -19.388  49.227 0.0000000000
85545  32.915  -19.703  47.261 0.0000000000
86904  32.487  -19.284  45.925 0.0000000000
84200  32.631  -20.610  45.995 0.0000000000
82944  32.151  -21.891  44.057 0.0000000000
82926  32.838  -21.962  45.089 0.0000000000
77859  33.986  -25.166  45.148 0.0000000000
79162  33.804  -24.523  44.471 0.0000000000
76412  32.946  -26.040  43.446 0.0000000000
75002  32.144  -26.792  42.161 0.0000000000
74983  31.977  -26.733  43.225 0.0000000000
77646  30.306  -24.571  57.982 0.0000000000
74723  31.876  -25.392  58.083 0.0000000000
76179  31.276  -25.245  57.307 0.0000000000
76243  31.285  -25.499  53.121 0.0000000000
74773  32.381  -25.730  54.596 0.0000000000
74791  32.377  -25.928  53.241 0.0000000000
74789  33.975  -25.609  52.935 0.0000000000
74822  33.585  -26.408  51.244 0.0000000000
74863  34.171  -26.803  49.593 0.0000000000
74843  32.970  -26.381  50.047 0.0000000000
77826  29.036  -25.160  46.276 0.0000000000
76361  30.520  -24.868  46.827 0.0000000000
88281  36.182  -16.801  41.185 0.0000000000
88292  36.645  -16.616  40.310 0.0000000000
88294  34.958  -16.782  40.309 0.0000000000
85706  32.616  -18.873  37.472 0.0000000000
87051  33.666  -17.964  37.015 0.0000000000
108023  53.757  -1.885  23.640 0.0000000000
84380  39.738  -18.587  36.315 0.0000000000
85783  38.379  -18.404  35.590 0.0000000000
84361  38.300  -18.738  36.722 0.0000000000
87072  37.852  -17.870  36.889 0.0000000000
87048  36.674  -17.521  37.000 0.0000000000
87022  42.202  -17.043  39.459 0.0000000000
84357  40.751  -18.384  37.220 0.0000000000
67199  19.999  -32.914  49.913 0.0000000000
67184  19.205  -32.808  50.868 0.0000000000
67185  17.941  -33.405  50.940 0.0000000000
77659  25.108  -25.596  57.448 0.0000000000
77671  25.028  -24.667  56.788 0.0000000000
77682  25.384  -25.768  55.184 0.0000000000
76245  25.310  -26.991  53.551 0.0000000000
74845  24.242  -28.145  51.530 0.0000000000
69771  24.776  -31.047  49.126 0.0000000000
68518  24.624  -32.031  49.435 0.0000000000
67212  22.885  -32.603  49.384 0.0000000000
99704  44.062  -8.152  29.691 0.0000000000
69582  25.390  -30.323  59.364 0.0000000000
97100  44.272  -10.420  37.890 0.0000000000
97126  44.146  -9.538  36.710 0.0000000000
98379  44.172  -9.156  36.003 0.0000000000
99642  44.039  -8.534  34.528 0.0000000000
97144  42.264  -9.481  34.971 0.0000000000
97161  40.927  -9.383  33.939 0.0000000000
69613  19.132  -31.314  58.102 0.0000000000
69633  18.358  -31.706  56.806 0.0000000000
67050  17.891  -32.842  58.423 0.0000000000
64429  16.578  -34.616  58.464 0.0000000000
63233  15.800  -35.618  57.246 0.0000000000
59666  14.452  -37.271  59.011 0.0000000000
59649  12.977  -37.048  59.461 0.0000000000
59668  12.849  -37.328  58.406 0.0000000000
59688  11.683  -37.889  57.045 0.0000000000
59689  10.710  -38.417  56.902 0.0000000000
82862  34.310  -21.421  51.233 0.0000000000
82883  33.845  -21.604  48.978 0.0000000000
82911  33.403  -22.176  46.026 0.0000000000
81576  34.005  -22.960  47.420 0.0000000000
80381  33.885  -24.059  47.224 0.0000000000
76373  34.484  -25.854  46.227 0.0000000000
79025  28.308  -24.068  54.788 0.0000000000
77680  30.049  -24.583  54.970 0.0000000000
77711  29.279  -24.182  53.474 0.0000000000
77729  30.273  -24.557  52.336 0.0000000000
76277  31.249  -25.122  51.471 0.0000000000
76297  31.717  -25.448  50.408 0.0000000000
76319  29.947  -23.915  50.033 0.0000000000
77810  28.186  -23.955  47.257 0.0000000000
86952  33.876  -17.254  42.379 0.0000000000
86983  33.864  -17.500  40.184 0.0000000000
86984  33.018  -17.788  40.453 0.0000000000
85663  31.995  -18.851  39.234 0.0000000000
109165  54.401  -0.822  26.758 0.0000000000
108009  52.811  -1.556  25.280 0.0000000000
94586  39.647  -12.847  36.997 0.0000000000
93330  37.891  -13.666  35.311 0.0000000000
92086  38.258  -14.566  35.612 0.0000000000
87125  38.080  -18.213  34.640 0.0000000000
87138  37.593  -18.398  33.818 0.0000000000
92037  44.445  -14.493  39.789 0.0000000000
93272  43.865  -13.677  39.929 0.0000000000
94550  44.432  -12.340  39.745 0.0000000000
93295  42.805  -13.037  38.607 0.0000000000
94572  41.037  -12.772  37.710 0.0000000000
77593  30.282  -24.634  61.846 0.0000000000
76141  31.304  -25.426  60.344 0.0000000000
77629  29.944  -24.355  60.065 0.0000000000
80184  29.170  -23.524  58.860 0.0000000000
80214  28.604  -23.408  57.064 0.0000000000
79016  25.302  -23.898  56.210 0.0000000000
80230  26.642  -23.204  56.577 0.0000000000
80242  27.516  -23.389  55.452 0.0000000000
80268  26.521  -23.007  53.989 0.0000000000
80304  26.026  -23.284  52.177 0.0000000000
79093  24.584  -24.035  50.281 0.0000000000
100901  49.537  -7.119  30.867 0.0000000000
100904  46.913  -7.431  30.316 0.0000000000
102051  47.665  -6.458  29.671 0.0000000000
102049  49.461  -5.866  30.084 0.0000000000
103173  48.645  -4.998  28.936 0.0000000000
104463  48.806  -4.390  28.497 0.0000000000
105625  48.587  -3.786  27.443 0.0000000000
105624  49.284  -3.084  27.356 0.0000000000
68468  24.035  -31.463  53.401 0.0000000000
67141  21.830  -31.453  52.795 0.0000000000
67115  23.498  -31.363  54.058 0.0000000000
68426  22.825  -30.806  55.164 0.0000000000
69648  21.699  -30.482  56.600 0.0000000000
69608  23.654  -30.499  58.337 0.0000000000
69630  20.811  -30.363  57.523 0.0000000000
69612  19.810  -30.843  58.502 0.0000000000
77574  30.489  -25.378  62.806 0.0000000000
77576  29.500  -24.394  62.536 0.0000000000
80147  27.897  -23.106  62.132 0.0000000000
80173  25.592  -23.509  60.501 0.0000000000
77614  25.371  -25.089  60.676 0.0000000000
77647  24.900  -25.437  58.711 0.0000000000
76191  25.359  -26.662  56.916 0.0000000000
72240  25.086  -29.160  54.620 0.0000000000
99638  48.459  -7.983  34.442 0.0000000000
99653  47.508  -8.240  33.507 0.0000000000
99678  45.517  -8.392  31.691 0.0000000000
99656  44.444  -8.451  33.867 0.0000000000
99664  44.615  -8.537  32.895 0.0000000000
99693  44.462  -8.365  30.868 0.0000000000
68487  19.521  -31.466  52.490 0.0000000000
68489  17.986  -32.235  52.649 0.0000000000
67168  17.296  -33.075  52.316 0.0000000000
68432  17.188  -32.651  55.584 0.0000000000
65780  16.078  -33.992  53.897 0.0000000000
64550  16.078  -34.610  52.774 0.0000000000
63304  15.994  -36.023  52.780 0.0000000000
62168  15.560  -37.634  52.509 0.0000000000
62113  15.480  -35.858  58.274 0.0000000000
60955  15.014  -36.304  56.711 0.0000000000
60957  14.515  -37.223  56.461 0.0000000000
60969  14.796  -37.149  54.906 0.0000000000
60984  14.593  -37.964  54.427 0.0000000000
58322  6.816  -40.051  61.780 0.0000000000
88278  39.353  -16.300  41.419 0.0000000000
86937  34.937  -16.923  43.365 0.0000000000
86938  33.889  -17.457  43.551 0.0000000000
86939  32.925  -17.982  43.698 0.0000000000
86954  32.184  -18.633  42.927 0.0000000000
86903  33.300  -18.378  45.677 0.0000000000
86925  32.325  -18.914  44.962 0.0000000000
84266  31.376  -20.161  42.774 0.0000000000
82960  31.506  -21.712  43.014 0.0000000000
81661  31.779  -22.703  43.235 0.0000000000
80450  32.408  -24.280  43.073 0.0000000000
81619  33.150  -22.942  45.035 0.0000000000
79179  32.791  -24.492  43.294 0.0000000000
77903  32.586  -25.791  41.549 0.0000000000
76452  32.293  -26.540  41.580 0.0000000000
75024  31.315  -27.254  41.131 0.0000000000
79039  36.183  -24.214  53.664 0.0000000000
74686  32.244  -26.244  59.679 0.0000000000
74704  32.997  -26.005  58.564 0.0000000000
74720  33.639  -25.606  57.479 0.0000000000
76204  31.567  -25.067  55.337 0.0000000000
74753  33.070  -25.711  55.527 0.0000000000
74733  34.479  -25.619  56.231 0.0000000000
76203  34.907  -25.565  54.989 0.0000000000
76239  35.361  -25.222  53.506 0.0000000000
77747  35.635  -24.858  51.488 0.0000000000
77792  35.386  -25.156  49.766 0.0000000000
74909  34.530  -26.208  47.482 0.0000000000
74912  33.159  -26.737  46.293 0.0000000000
76329  31.835  -25.557  47.944 0.0000000000
74896  32.142  -26.142  46.438 0.0000000000
74930  32.347  -26.098  44.951 0.0000000000
74957  31.253  -26.386  43.772 0.0000000000
88307  37.100  -16.904  39.314 0.0000000000
88324  36.375  -17.160  38.445 0.0000000000
87050  35.047  -17.605  36.732 0.0000000000
88326  34.117  -17.237  38.514 0.0000000000
88343  34.614  -17.345  37.661 0.0000000000
87100  34.842  -19.009  35.150 0.0000000000
106814  49.881  -2.795  25.753 0.0000000000
88304  40.057  -17.224  39.508 0.0000000000
87004  39.012  -17.719  39.098 0.0000000000
86980  41.251  -17.047  40.097 0.0000000000
67182  21.347  -31.831  50.845 0.0000000000
67163  22.483  -31.564  52.064 0.0000000000
68486  24.041  -31.504  52.457 0.0000000000
68485  24.380  -31.153  52.079 0.0000000000
67195  23.649  -31.843  50.762 0.0000000000
95893  38.711  -12.123  35.457 0.0000000000
95877  40.212  -12.011  36.937 0.0000000000
95876  41.115  -11.115  36.990 0.0000000000
95891  40.296  -11.074  35.906 0.0000000000
59621  11.102  -36.657  61.132 0.0000000000
59634  11.083  -37.174  60.124 0.0000000000
59636  9.072  -38.245  59.775 0.0000000000
81497  35.980  -23.411  53.348 0.0000000000
81512  35.535  -22.793  52.851 0.0000000000
81529  35.192  -23.555  52.007 0.0000000000
80302  35.323  -23.831  51.959 0.0000000000
76126  32.830  -26.494  61.827 0.0000000000
74647  32.420  -26.390  61.387 0.0000000000
79092  25.527  -23.482  50.246 0.0000000000
79105  26.031  -23.394  49.283 0.0000000000
79104  27.240  -23.438  49.088 0.0000000000
86970  31.292  -18.926  41.154 0.0000000000
106806  51.039  -2.886  28.534 0.0000000000
106805  51.682  -2.681  28.665 0.0000000000
106810  50.843  -2.223  27.654 0.0000000000
107997  51.923  -1.618  27.130 0.0000000000
89676  40.153  -16.817  36.279 0.0000000000
89677  39.481  -16.615  35.862 0.0000000000
88373  39.512  -17.188  35.343 0.0000000000
85758  35.499  -19.434  35.026 0.0000000000
88355  40.643  -17.278  36.541 0.0000000000
89662  41.013  -16.384  37.922 0.0000000000
89675  40.416  -16.943  36.590 0.0000000000
90866  40.227  -16.160  37.289 0.0000000000
65834  17.208  -34.158  50.993 0.0000000000
65851  17.384  -34.711  50.411 0.0000000000
64580  16.895  -35.244  51.084 0.0000000000
80188  25.779  -23.464  59.625 0.0000000000
80187  26.406  -23.296  59.466 0.0000000000
78998  25.409  -23.863  58.274 0.0000000000
76262  25.071  -26.449  52.167 0.0000000000
77713  24.881  -25.153  53.378 0.0000000000
76281  24.561  -26.488  51.485 0.0000000000
74847  24.288  -27.614  50.361 0.0000000000
73525  24.265  -28.432  50.471 0.0000000000
79212  32.043  -25.064  41.278 0.0000000000
99677  46.495  -8.205  31.488 0.0000000000
70859  25.416  -29.152  57.274 0.0000000000
69646  24.731  -30.001  56.019 0.0000000000
69626  25.190  -29.573  57.738 0.0000000000
73425  25.950  -28.320  59.104 0.0000000000
73434  25.662  -28.277  57.554 0.0000000000
99626  45.398  -8.559  36.135 0.0000000000
99641  45.129  -8.533  34.982 0.0000000000
68404  20.542  -31.128  55.885 0.0000000000
68406  19.336  -31.467  55.662 0.0000000000
69651  18.966  -31.462  56.238 0.0000000000
63255  15.517  -35.463  55.711 0.0000000000
62134  15.029  -36.497  55.368 0.0000000000
60933  14.749  -36.999  59.549 0.0000000000
59707  12.487  -38.115  56.141 0.0000000000
84176  33.636  -21.035  48.215 0.0000000000
84167  33.520  -20.233  48.582 0.0000000000
84178  32.784  -20.370  47.171 0.0000000000
85546  32.606  -20.129  46.942 0.0000000000
84188  32.658  -20.546  46.662 0.0000000000
84216  32.821  -21.233  45.650 0.0000000000
84199  32.932  -21.257  46.253 0.0000000000
76390  33.879  -25.319  44.981 0.0000000000
76410  33.822  -25.426  44.288 0.0000000000
74981  33.208  -25.863  44.054 0.0000000000
74982  32.601  -26.245  43.375 0.0000000000
74955  32.392  -26.391  44.296 0.0000000000
77657  30.135  -24.126  56.922 0.0000000000
76171  30.688  -24.858  57.426 0.0000000000
76180  30.861  -24.614  56.616 0.0000000000
76258  31.701  -25.802  52.642 0.0000000000
74805  32.417  -25.783  51.884 0.0000000000
74804  32.987  -25.819  51.966 0.0000000000
74823  32.987  -26.396  51.053 0.0000000000
74824  32.466  -25.968  50.828 0.0000000000
88269  35.722  -16.601  41.726 0.0000000000
88282  35.362  -16.754  41.059 0.0000000000
84338  39.180  -19.130  37.232 0.0000000000
84360  38.732  -19.126  36.685 0.0000000000
84339  38.529  -19.086  37.260 0.0000000000
88322  38.122  -17.662  38.060 0.0000000000
87071  38.151  -17.909  37.187 0.0000000000
88358  37.661  -17.655  37.117 0.0000000000
87073  37.052  -17.669  36.699 0.0000000000
88359  36.726  -17.354  37.277 0.0000000000
86998  44.451  -17.426  40.007 0.0000000000
85679  39.824  -18.382  38.298 0.0000000000
84312  40.765  -18.224  38.277 0.0000000000
84313  40.082  -18.443  37.991 0.0000000000
84358  39.990  -18.694  36.781 0.0000000000
67167  18.437  -32.492  51.811 0.0000000000
76206  25.309  -26.730  55.912 0.0000000000
77670  25.099  -25.694  56.302 0.0000000000
76225  25.393  -26.963  54.750 0.0000000000
72282  24.315  -29.260  51.871 0.0000000000
73523  24.282  -28.692  51.664 0.0000000000
74825  24.528  -27.838  52.209 0.0000000000
72283  24.295  -29.394  51.122 0.0000000000
72298  24.434  -29.616  50.452 0.0000000000
68507  24.824  -31.663  50.044 0.0000000000
67197  22.122  -32.158  50.091 0.0000000000
67213  21.851  -32.794  49.166 0.0000000000
95850  43.422  -11.566  38.626 0.0000000000
97113  42.890  -10.007  36.716 0.0000000000
97112  43.528  -10.141  37.068 0.0000000000
97127  43.389  -9.535  36.251 0.0000000000
98380  43.619  -9.172  35.507 0.0000000000
97143  43.013  -9.388  35.468 0.0000000000
97146  40.416  -9.928  34.454 0.0000000000
97145  41.266  -9.605  34.829 0.0000000000
68378  18.529  -32.057  58.188 0.0000000000
64446  17.410  -34.712  58.158 0.0000000000
59631  13.728  -36.992  60.774 0.0000000000
59648  13.757  -37.207  59.760 0.0000000000
59690  9.974  -39.276  56.927 0.0000000000
58333  7.516  -39.449  60.232 0.0000000000
82873  34.555  -22.186  50.913 0.0000000000
82874  33.988  -21.744  50.244 0.0000000000
82893  33.648  -22.120  47.826 0.0000000000
81568  34.076  -22.532  48.536 0.0000000000
80366  34.654  -24.216  48.742 0.0000000000
80367  34.204  -23.760  48.114 0.0000000000
79134  34.319  -24.992  47.444 0.0000000000
79135  33.960  -24.873  46.566 0.0000000000
77822  34.373  -25.740  47.154 0.0000000000
79041  27.764  -23.391  53.615 0.0000000000
77695  29.170  -24.400  54.365 0.0000000000
79059  28.802  -23.730  53.161 0.0000000000
77750  28.570  -23.388  51.543 0.0000000000
77730  29.252  -23.786  52.537 0.0000000000
76260  30.991  -24.884  52.102 0.0000000000
77748  30.463  -24.599  51.841 0.0000000000
76278  30.540  -24.605  51.282 0.0000000000
76279  30.001  -24.157  50.838 0.0000000000
86967  33.881  -17.351  41.219 0.0000000000
108002  51.898  -1.602  25.970 0.0000000000
108010  51.739  -1.950  24.839 0.0000000000
108011  51.123  -2.208  25.025 0.0000000000
93311  40.089  -13.625  37.190 0.0000000000
93328  38.997  -13.834  36.098 0.0000000000
92073  39.050  -14.579  36.371 0.0000000000
89679  38.073  -16.482  35.075 0.0000000000
90882  37.777  -16.189  34.919 0.0000000000
89694  37.783  -16.740  34.603 0.0000000000
85801  37.185  -19.432  33.417 0.0000000000
89642  44.233  -16.190  39.490 0.0000000000
90834  45.091  -15.484  39.844 0.0000000000
90835  44.456  -15.521  39.457 0.0000000000
92049  43.286  -14.617  39.308 0.0000000000
92038  43.620  -14.101  39.766 0.0000000000
93282  44.016  -13.035  39.603 0.0000000000
93283  43.351  -13.341  39.294 0.0000000000
92061  40.473  -14.440  37.491 0.0000000000
93297  41.598  -13.496  37.777 0.0000000000
93298  40.857  -13.604  37.546 0.0000000000
94573  40.349  -12.847  37.440 0.0000000000
77594  29.685  -23.941  61.460 0.0000000000
77611  30.411  -24.209  60.836 0.0000000000
77612  29.655  -23.908  60.466 0.0000000000
80185  28.205  -23.380  59.063 0.0000000000
78973  29.037  -23.729  59.806 0.0000000000
80198  29.244  -23.557  57.958 0.0000000000
80199  28.356  -23.374  58.093 0.0000000000
79006  25.297  -23.895  57.305 0.0000000000
79042  25.173  -24.112  53.695 0.0000000000
80244  25.912  -23.354  55.821 0.0000000000
80255  26.143  -23.269  54.814 0.0000000000
80243  26.741  -23.179  55.609 0.0000000000
80254  26.942  -23.268  54.764 0.0000000000
79076  24.539  -24.604  51.806 0.0000000000
80305  25.108  -23.705  51.869 0.0000000000
80306  24.603  -24.117  51.310 0.0000000000
80324  24.933  -23.610  50.948 0.0000000000
79094  24.038  -24.507  50.506 0.0000000000
69772  24.612  -31.458  48.762 0.0000000000
68529  24.101  -32.412  48.349 0.0000000000
99651  49.524  -7.810  33.316 0.0000000000
100897  48.117  -7.920  31.084 0.0000000000
99674  49.037  -8.038  31.592 0.0000000000
100896  48.646  -7.878  31.114 0.0000000000
100902  48.766  -7.452  30.686 0.0000000000
99702  45.958  -7.422  29.728 0.0000000000
102061  47.262  -6.108  28.881 0.0000000000
102050  48.636  -6.151  29.993 0.0000000000
103166  48.625  -5.527  29.528 0.0000000000
104467  47.684  -4.847  27.653 0.0000000000
105620  49.131  -3.689  28.245 0.0000000000
105621  48.608  -3.969  28.063 0.0000000000
69703  24.640  -30.534  53.660 0.0000000000
67138  23.582  -31.494  53.622 0.0000000000
68448  23.762  -31.158  54.248 0.0000000000
68400  23.734  -29.829  56.032 0.0000000000
68425  23.313  -30.555  55.025 0.0000000000
68402  22.877  -30.254  55.858 0.0000000000
68403  22.394  -30.607  55.944 0.0000000000
68376  22.976  -30.120  56.704 0.0000000000
69583  24.855  -30.732  59.151 0.0000000000
69585  23.552  -30.494  59.137 0.0000000000
69610  22.352  -30.353  58.140 0.0000000000
69611  21.107  -30.271  58.352 0.0000000000
77575  30.172  -24.990  62.667 0.0000000000
80160  25.925  -23.061  61.273 0.0000000000
77631  24.984  -25.727  59.854 0.0000000000
77632  25.246  -24.751  59.722 0.0000000000
76181  25.301  -26.544  58.109 0.0000000000
70883  25.160  -29.353  55.328 0.0000000000
73468  25.496  -28.330  55.719 0.0000000000
70895  25.250  -29.746  54.323 0.0000000000
70909  25.191  -29.957  53.822 0.0000000000
92087  37.708  -14.134  35.094 0.0000000000
99662  46.545  -8.466  32.567 0.0000000000
99663  45.561  -8.543  32.737 0.0000000000
99643  43.654  -8.624  34.371 0.0000000000
99657  43.640  -8.531  33.974 0.0000000000
99680  43.790  -8.553  32.059 0.0000000000
99679  44.621  -8.509  31.887 0.0000000000
99694  43.706  -8.526  31.103 0.0000000000
68469  21.757  -31.542  53.444 0.0000000000
67142  20.927  -31.615  52.525 0.0000000000
68470  21.202  -31.590  53.404 0.0000000000
69705  18.557  -31.543  53.994 0.0000000000
69727  18.751  -31.473  53.290 0.0000000000
68472  18.179  -31.794  53.326 0.0000000000
68473  17.547  -32.428  53.445 0.0000000000
68380  17.394  -32.704  57.120 0.0000000000
68407  17.769  -32.108  56.384 0.0000000000
68408  17.156  -32.722  56.399 0.0000000000
64501  15.654  -34.806  54.303 0.0000000000
67119  16.639  -33.269  54.846 0.0000000000
64502  15.768  -34.583  53.587 0.0000000000
65781  15.908  -34.378  53.414 0.0000000000
64520  15.719  -35.154  53.289 0.0000000000
62157  15.148  -37.323  53.283 0.0000000000
61005  15.106  -38.622  52.640 0.0000000000
60939  15.192  -36.309  58.799 0.0000000000
60947  15.118  -36.360  57.419 0.0000000000
59667  13.709  -37.347  58.685 0.0000000000
59685  14.289  -37.181  57.893 0.0000000000
60956  14.830  -36.740  56.255 0.0000000000
60970  14.595  -37.395  55.491 0.0000000000
58308  7.420  -39.199  62.044 0.0000000000
59595  7.308  -39.237  63.187 0.0000000000
56967  6.585  -40.361  62.768 0.0000000000
56982  6.415  -40.643  62.288 0.0000000000
88255  37.517  -15.987  43.533 0.0000000000
86940  32.281  -18.776  43.952 0.0000000000
85533  33.875  -19.046  48.605 0.0000000000
86862  33.904  -18.567  47.528 0.0000000000
85605  31.866  -19.689  44.242 0.0000000000
84251  31.685  -20.639  43.511 0.0000000000
81641  32.140  -22.913  43.755 0.0000000000
80451  31.873  -23.736  42.515 0.0000000000
80429  32.138  -23.260  43.307 0.0000000000
82910  33.553  -22.714  46.323 0.0000000000
82925  33.227  -22.509  45.438 0.0000000000
81602  33.368  -23.045  45.550 0.0000000000
77893  33.342  -25.306  43.428 0.0000000000
79178  33.541  -24.737  43.615 0.0000000000
79196  33.037  -24.952  43.192 0.0000000000
79197  32.613  -24.889  42.497 0.0000000000
77894  32.731  -25.505  42.867 0.0000000000
76451  32.427  -26.272  41.280 0.0000000000
76432  32.672  -26.074  42.606 0.0000000000
74687  31.695  -25.861  59.948 0.0000000000
74705  32.455  -25.783  58.818 0.0000000000
74722  32.514  -25.462  57.878 0.0000000000
74703  33.519  -25.776  58.408 0.0000000000
74721  33.070  -25.503  57.668 0.0000000000
76205  30.932  -24.682  54.553 0.0000000000
76190  30.936  -24.547  55.609 0.0000000000
74734  33.720  -25.661  56.432 0.0000000000
74752  33.763  -25.672  55.272 0.0000000000
74751  34.588  -25.574  54.985 0.0000000000
74771  33.793  -25.548  54.039 0.0000000000
74820  34.575  -25.900  51.575 0.0000000000
74787  34.922  -25.658  53.020 0.0000000000
74818  35.308  -25.498  52.255 0.0000000000
76256  35.459  -25.143  52.678 0.0000000000
76274  35.467  -25.292  51.596 0.0000000000
77763  35.540  -25.009  50.878 0.0000000000
76295  35.329  -25.391  50.589 0.0000000000
74877  34.086  -26.769  48.580 0.0000000000
74876  34.613  -26.665  48.944 0.0000000000
74893  33.950  -26.467  47.592 0.0000000000
74910  34.424  -26.360  46.914 0.0000000000
74894  33.362  -26.446  47.258 0.0000000000
76317  31.179  -24.907  49.420 0.0000000000
76316  31.801  -25.546  49.065 0.0000000000
76330  31.273  -25.023  48.322 0.0000000000
76360  30.857  -25.247  46.347 0.0000000000
76341  31.739  -25.575  46.896 0.0000000000
76359  31.504  -25.701  45.939 0.0000000000
74914  31.999  -26.109  45.510 0.0000000000
76375  31.393  -25.767  44.933 0.0000000000
74931  31.770  -26.168  44.561 0.0000000000
76391  31.330  -26.010  44.282 0.0000000000
88290  38.835  -16.916  40.469 0.0000000000
88291  37.732  -16.716  40.358 0.0000000000
88308  35.998  -16.856  39.389 0.0000000000
88342  35.712  -17.287  37.596 0.0000000000
87006  33.840  -17.322  39.232 0.0000000000
87028  33.664  -17.443  38.709 0.0000000000
87076  33.708  -18.761  36.194 0.0000000000
87075  34.502  -18.515  35.803 0.0000000000
108022  54.582  -1.734  23.762 0.0000000000
106825  54.527  -2.114  23.166 0.0000000000
106833  55.251  -2.103  22.820 0.0000000000
105627  49.398  -3.115  26.269 0.0000000000
105632  48.862  -4.094  25.500 0.0000000000
87026  39.673  -18.205  38.653 0.0000000000
85704  38.683  -18.569  37.671 0.0000000000
87027  38.867  -18.021  38.401 0.0000000000
87002  40.483  -17.758  39.225 0.0000000000
67165  20.635  -31.681  51.617 0.0000000000
74792  25.100  -28.517  53.993 0.0000000000
74793  25.138  -27.961  54.062 0.0000000000
73497  24.637  -29.041  53.157 0.0000000000
69740  24.284  -30.125  51.993 0.0000000000
68499  24.509  -31.338  50.970 0.0000000000
67196  23.048  -32.293  50.470 0.0000000000
95906  40.071  -10.592  34.928 0.0000000000
95863  41.964  -11.546  37.612 0.0000000000
95875  42.187  -10.452  36.926 0.0000000000
95889  41.889  -10.050  36.239 0.0000000000
97129  41.642  -9.811  35.656 0.0000000000
67031  18.503  -32.428  59.550 0.0000000000
67032  18.216  -32.640  58.939 0.0000000000
65710  18.095  -33.247  59.775 0.0000000000
59670  10.798  -37.801  57.961 0.0000000000
59652  9.934  -37.961  58.890 0.0000000000
59653  9.064  -38.717  58.787 0.0000000000
59623  8.955  -37.780  60.765 0.0000000000
81513  35.149  -22.299  52.561 0.0000000000
81530  34.929  -22.638  52.170 0.0000000000
81559  34.553  -22.980  50.313 0.0000000000
80339  34.457  -23.234  49.475 0.0000000000
81558  34.842  -23.642  50.362 0.0000000000
80351  34.907  -24.161  49.559 0.0000000000
79114  35.090  -24.577  49.412 0.0000000000
79075  27.671  -23.387  51.860 0.0000000000
77765  28.728  -23.470  50.702 0.0000000000
77782  28.319  -23.687  49.729 0.0000000000
79116  27.265  -23.512  48.455 0.0000000000
86985  32.164  -18.168  40.678 0.0000000000
86986  31.520  -18.701  40.640 0.0000000000
104461  50.826  -4.046  29.375 0.0000000000
104460  51.282  -3.995  29.623 0.0000000000
105618  51.478  -3.505  29.290 0.0000000000
108000  53.690  -1.148  27.045 0.0000000000
107998  51.167  -1.754  26.524 0.0000000000
90867  39.789  -15.565  36.978 0.0000000000
90868  38.963  -15.703  36.195 0.0000000000
89678  38.806  -16.595  35.191 0.0000000000
88391  38.293  -17.465  34.677 0.0000000000
85731  36.936  -18.259  35.916 0.0000000000
85802  36.575  -19.743  33.890 0.0000000000
88337  41.719  -16.672  38.437 0.0000000000
90852  43.089  -15.925  38.926 0.0000000000
89643  41.886  -15.933  38.576 0.0000000000
92051  41.728  -15.085  38.485 0.0000000000
92059  41.978  -14.054  37.980 0.0000000000
90855  40.600  -15.522  37.703 0.0000000000
90856  40.142  -14.993  37.337 0.0000000000
65850  17.985  -34.562  49.748 0.0000000000
62176  16.874  -37.632  51.036 0.0000000000
80158  27.880  -23.403  61.075 0.0000000000
78960  28.889  -23.586  60.789 0.0000000000
80186  27.235  -23.296  59.266 0.0000000000
80201  26.517  -23.314  58.526 0.0000000000
77697  25.026  -24.860  54.473 0.0000000000
79061  24.932  -24.381  52.656 0.0000000000
77751  24.271  -25.456  51.330 0.0000000000
76302  24.189  -26.527  49.984 0.0000000000
76301  24.321  -26.300  50.748 0.0000000000
73543  24.079  -28.645  49.810 0.0000000000
80452  31.183  -23.261  42.004 0.0000000000
99660  48.497  -8.136  32.362 0.0000000000
99690  47.138  -7.648  30.633 0.0000000000
100928  46.084  -6.876  28.589 0.0000000000
103175  47.096  -5.994  28.531 0.0000000000
103174  47.658  -5.539  28.677 0.0000000000
103177  47.210  -5.498  27.369 0.0000000000
69662  24.990  -29.737  55.032 0.0000000000
69663  24.645  -29.970  55.077 0.0000000000
69628  24.205  -30.144  56.681 0.0000000000
68374  23.706  -30.344  57.148 0.0000000000
74708  25.371  -27.377  58.711 0.0000000000
74725  25.566  -27.468  57.667 0.0000000000
74724  25.697  -27.915  57.939 0.0000000000
72216  25.568  -28.626  57.037 0.0000000000
99624  47.378  -7.948  35.572 0.0000000000
99655  45.460  -8.558  33.799 0.0000000000
68428  21.165  -31.246  55.100 0.0000000000
68452  20.746  -31.505  54.233 0.0000000000
69685  19.082  -31.430  54.582 0.0000000000
69686  18.371  -31.585  54.874 0.0000000000
65748  16.472  -33.885  56.797 0.0000000000
65765  16.317  -33.838  56.173 0.0000000000
65763  16.006  -34.692  55.896 0.0000000000
64484  15.771  -34.934  55.357 0.0000000000
60983  14.861  -37.570  53.803 0.0000000000
59749  14.305  -38.278  54.559 0.0000000000
86922  34.882  -17.093  44.819 0.0000000000
86901  35.305  -17.431  45.599 0.0000000000
88240  34.198  -17.450  45.282 0.0000000000
88241  33.541  -17.759  45.165 0.0000000000
84152  34.017  -20.529  49.678 0.0000000000
85499  34.571  -19.781  50.382 0.0000000000
84153  33.808  -20.094  49.097 0.0000000000
85534  33.471  -19.520  48.323 0.0000000000
86863  33.371  -19.077  47.635 0.0000000000
86882  33.154  -18.962  46.743 0.0000000000
85556  32.769  -19.464  46.760 0.0000000000
85572  32.313  -20.095  45.770 0.0000000000
84235  32.182  -20.665  44.434 0.0000000000
84217  32.538  -20.780  45.214 0.0000000000
82927  32.474  -21.293  44.668 0.0000000000
82943  32.530  -22.391  44.489 0.0000000000
79148  33.811  -24.485  45.147 0.0000000000
79161  34.188  -24.911  44.294 0.0000000000
77878  33.872  -25.236  43.806 0.0000000000
77645  30.632  -24.656  58.935 0.0000000000
76170  31.045  -25.249  58.317 0.0000000000
74737  31.938  -25.478  57.111 0.0000000000
76223  31.673  -25.329  54.147 0.0000000000
76242  31.745  -25.790  53.401 0.0000000000
74790  33.219  -25.726  53.072 0.0000000000
74803  33.700  -25.959  52.107 0.0000000000
74821  34.152  -26.199  51.408 0.0000000000
74861  34.971  -26.146  50.297 0.0000000000
74841  34.167  -26.583  50.553 0.0000000000
74864  33.554  -26.688  49.287 0.0000000000
74865  32.985  -26.249  48.944 0.0000000000
77795  29.812  -24.430  47.743 0.0000000000
76343  30.559  -24.726  47.592 0.0000000000
77808  29.780  -24.728  46.912 0.0000000000
77825  29.999  -25.001  46.171 0.0000000000
76377  29.893  -25.223  45.186 0.0000000000
76392  30.611  -25.863  43.981 0.0000000000
76393  29.521  -25.347  44.381 0.0000000000
88280  37.097  -16.506  41.353 0.0000000000
88293  35.670  -16.603  40.293 0.0000000000
88309  34.853  -16.799  39.436 0.0000000000
85681  32.616  -18.553  38.116 0.0000000000
87029  33.099  -17.869  38.358 0.0000000000
108017  52.740  -1.937  24.128 0.0000000000
85754  39.687  -18.315  35.980 0.0000000000
87123  39.272  -17.997  35.679 0.0000000000
84408  38.879  -18.463  35.953 0.0000000000
84382  38.761  -18.613  36.035 0.0000000000
85705  38.243  -18.552  37.209 0.0000000000
85730  37.909  -18.264  36.627 0.0000000000
87074  35.867  -17.895  35.924 0.0000000000
88320  44.563  -16.840  39.585 0.0000000000
87041  42.799  -16.536  39.377 0.0000000000
85676  41.796  -17.833  38.884 0.0000000000
85701  41.574  -17.613  38.446 0.0000000000
87066  41.506  -17.151  38.004 0.0000000000
87045  40.921  -18.120  36.556 0.0000000000
85729  40.241  -18.263  36.178 0.0000000000
67200  18.874  -33.709  49.869 0.0000000000
67201  18.115  -33.935  50.247 0.0000000000
67186  17.214  -33.635  51.502 0.0000000000
77660  25.111  -24.581  57.888 0.0000000000
77696  25.454  -25.897  54.020 0.0000000000
76261  25.087  -26.919  52.656 0.0000000000
76280  24.760  -27.010  52.103 0.0000000000
74826  24.414  -27.459  51.654 0.0000000000
73542  24.240  -29.080  50.295 0.0000000000
70980  24.794  -30.354  49.833 0.0000000000
69763  24.921  -31.725  49.298 0.0000000000
67211  23.879  -32.595  49.709 0.0000000000
69605  25.499  -29.735  58.749 0.0000000000
70824  26.040  -29.388  59.097 0.0000000000
97099  44.855  -10.034  38.157 0.0000000000
97110  44.791  -9.794  37.477 0.0000000000
97101  43.808  -10.472  37.584 0.0000000000
97111  44.255  -10.030  37.232 0.0000000000
98371  45.227  -9.118  37.126 0.0000000000
98378  44.754  -8.951  36.577 0.0000000000
98390  44.704  -8.699  35.820 0.0000000000
98391  44.152  -8.775  35.260 0.0000000000
98392  43.291  -8.934  34.607 0.0000000000
98393  42.275  -8.852  34.232 0.0000000000
97160  41.630  -9.151  34.347 0.0000000000
98405  41.613  -8.890  33.382 0.0000000000
69631  19.763  -30.761  57.474 0.0000000000
69632  18.866  -31.398  57.322 0.0000000000
68379  18.074  -32.277  57.486 0.0000000000
67051  17.512  -33.123  57.969 0.0000000000
65730  17.313  -33.601  58.794 0.0000000000
65731  16.826  -33.622  57.844 0.0000000000
64465  16.272  -34.909  56.983 0.0000000000
63254  15.838  -35.381  56.514 0.0000000000
63234  15.532  -35.655  56.496 0.0000000000
59647  14.304  -37.090  60.123 0.0000000000
59687  12.671  -37.597  57.275 0.0000000000
59709  10.685  -39.155  55.949 0.0000000000
84128  34.546  -20.555  51.659 0.0000000000
84139  34.149  -20.600  50.782 0.0000000000
84186  33.284  -21.373  47.414 0.0000000000
84198  33.145  -21.583  46.712 0.0000000000
82903  33.353  -22.070  46.937 0.0000000000
82902  33.557  -22.588  46.711 0.0000000000
81589  33.710  -23.199  46.653 0.0000000000
81567  34.314  -23.099  48.273 0.0000000000
80396  33.811  -23.944  46.306 0.0000000000
79147  33.924  -24.642  45.824 0.0000000000
77840  34.131  -25.505  46.022 0.0000000000
76374  34.229  -25.786  45.901 0.0000000000
79015  28.662  -24.007  55.696 0.0000000000
77668  30.114  -24.370  55.928 0.0000000000
77681  29.180  -24.551  55.377 0.0000000000
77694  30.074  -24.511  53.994 0.0000000000
77710  30.104  -24.545  53.114 0.0000000000
76244  30.981  -24.938  52.760 0.0000000000
76259  31.298  -25.387  52.353 0.0000000000
76298  30.906  -24.798  50.477 0.0000000000
76318  30.353  -24.285  49.556 0.0000000000
77781  29.313  -23.855  49.235 0.0000000000
77796  29.129  -23.845  47.912 0.0000000000
77780  29.870  -24.137  48.591 0.0000000000
77809  28.942  -24.628  47.101 0.0000000000
86966  34.574  -17.010  40.778 0.0000000000
87008  32.219  -18.347  39.610 0.0000000000
87030  32.486  -18.079  38.946 0.0000000000
85682  32.154  -18.963  38.511 0.0000000000
108008  53.971  -1.082  25.727 0.0000000000
108018  52.023  -2.217  24.246 0.0000000000
95878  39.495  -12.386  36.609 0.0000000000
94605  38.667  -12.375  35.921 0.0000000000
94588  38.474  -13.164  36.076 0.0000000000
93329  38.520  -13.625  35.778 0.0000000000
90869  38.466  -15.256  35.883 0.0000000000
90897  37.684  -15.314  35.020 0.0000000000
87124  38.715  -17.931  35.278 0.0000000000
92048  44.012  -15.064  39.289 0.0000000000
94559  43.819  -12.182  39.046 0.0000000000
94560  43.053  -12.182  38.750 0.0000000000
94570  42.460  -12.283  38.202 0.0000000000
93296  42.317  -13.434  38.141 0.0000000000
94571  41.769  -12.570  37.842 0.0000000000
95865  40.603  -12.327  37.568 0.0000000000
77609  31.234  -25.518  61.696 0.0000000000
76140  31.508  -25.743  61.054 0.0000000000
77610  30.835  -25.125  61.118 0.0000000000
77628  30.603  -24.732  59.969 0.0000000000
77630  29.555  -24.093  59.948 0.0000000000
78983  30.242  -24.362  59.346 0.0000000000
78984  30.020  -23.949  58.612 0.0000000000
78996  29.825  -23.846  57.655 0.0000000000
78997  29.414  -23.762  57.021 0.0000000000
80217  25.874  -23.510  57.870 0.0000000000
80216  26.591  -23.292  57.563 0.0000000000
80215  27.506  -23.234  57.314 0.0000000000
79005  28.957  -23.842  56.452 0.0000000000
80241  28.037  -23.759  55.286 0.0000000000
80267  27.278  -23.329  54.075 0.0000000000
80285  27.154  -22.989  53.326 0.0000000000
80286  26.208  -22.977  53.085 0.0000000000
80303  26.972  -23.170  52.456 0.0000000000
80323  25.880  -23.229  51.216 0.0000000000
79106  24.730  -24.089  49.403 0.0000000000
70981  24.568  -30.024  49.442 0.0000000000
70997  24.541  -30.489  48.973 0.0000000000
84267  31.176  -20.439  41.938 0.0000000000
100900  49.998  -6.746  30.900 0.0000000000
99691  46.379  -7.658  30.427 0.0000000000
100911  47.200  -6.929  29.796 0.0000000000
102043  48.196  -7.055  30.312 0.0000000000
102042  48.702  -6.814  30.351 0.0000000000
102041  49.475  -6.525  30.473 0.0000000000
102048  50.042  -5.675  30.078 0.0000000000
103165  49.551  -5.121  29.573 0.0000000000
104455  50.182  -4.894  29.543 0.0000000000
103172  49.217  -4.765  28.946 0.0000000000
104462  49.862  -4.434  28.935 0.0000000000
67162  23.110  -31.690  52.400 0.0000000000
67139  23.154  -31.592  53.242 0.0000000000
67117  22.626  -31.502  53.694 0.0000000000
68424  23.836  -30.352  54.910 0.0000000000
68450  22.690  -31.306  54.465 0.0000000000
68427  22.099  -31.137  55.310 0.0000000000
69666  21.370  -30.823  55.908 0.0000000000
69649  20.633  -30.613  56.644 0.0000000000
69606  25.012  -30.146  58.385 0.0000000000
69607  24.215  -30.320  58.013 0.0000000000
68352  23.700  -30.423  57.801 0.0000000000
69564  24.062  -30.914  59.674 0.0000000000
68354  23.013  -30.320  57.505 0.0000000000
68355  22.648  -30.355  57.323 0.0000000000
69629  21.923  -30.391  57.464 0.0000000000
69588  20.196  -30.573  59.533 0.0000000000
68356  19.227  -31.591  59.512 0.0000000000
76109  32.006  -25.777  62.575 0.0000000000
77591  31.163  -25.492  62.288 0.0000000000
77592  30.685  -25.225  62.092 0.0000000000
78938  28.565  -23.746  62.871 0.0000000000
80159  26.876  -22.796  61.431 0.0000000000
80172  26.235  -23.168  60.405 0.0000000000
78974  25.378  -23.932  59.700 0.0000000000
78961  25.296  -24.169  60.594 0.0000000000
77648  25.192  -24.327  58.875 0.0000000000
74758  25.379  -27.204  56.008 0.0000000000
73445  25.636  -27.732  57.112 0.0000000000
74756  25.608  -27.993  55.704 0.0000000000
72246  25.148  -29.431  53.880 0.0000000000
68467  24.421  -31.106  53.074 0.0000000000
94606  38.100  -12.837  35.510 0.0000000000
99637  49.465  -7.910  34.361 0.0000000000
99665  43.723  -8.627  33.046 0.0000000000
67143  20.134  -31.513  52.265 0.0000000000
69726  19.244  -31.391  53.017 0.0000000000
68488  18.728  -31.679  52.523 0.0000000000
69652  18.317  -31.665  56.339 0.0000000000
68431  17.698  -31.962  55.243 0.0000000000
68455  17.313  -32.582  54.515 0.0000000000
67094  16.594  -33.264  56.030 0.0000000000
67144  16.820  -33.138  53.657 0.0000000000
65796  16.492  -33.815  52.916 0.0000000000
64549  16.199  -35.078  52.364 0.0000000000
62167  15.970  -37.042  52.041 0.0000000000
62177  16.107  -38.127  51.611 0.0000000000
62121  15.722  -35.514  58.114 0.0000000000
62122  15.297  -35.898  57.047 0.0000000000
62123  14.994  -36.246  56.238 0.0000000000
60941  14.756  -37.112  59.013 0.0000000000
59684  14.664  -37.068  58.415 0.0000000000
60949  14.464  -37.137  57.190 0.0000000000
60985  14.338  -38.387  54.188 0.0000000000
60995  14.476  -38.619  53.679 0.0000000000
60994  14.820  -38.272  53.360 0.0000000000
59610  8.039  -38.395  61.548 0.0000000000
58321  7.432  -39.290  61.192 0.0000000000
58334  6.919  -40.243  60.827 0.0000000000
58309  7.046  -39.784  62.724 0.0000000000
88289  39.961  -16.721  40.358 0.0000000000
88268  36.344  -16.362  42.173 0.0000000000
86950  35.710  -16.520  42.227 0.0000000000
86953  32.865  -17.804  42.638 0.0000000000
86902  34.003  -18.099  45.887 0.0000000000
85617  31.659  -19.489  43.304 0.0000000000
84252  31.346  -20.897  42.668 0.0000000000
81662  31.141  -22.639  42.477 0.0000000000
79198  32.190  -24.442  41.910 0.0000000000
82912  33.037  -21.643  45.749 0.0000000000
81620  32.774  -22.892  44.535 0.0000000000
80427  33.287  -24.141  44.295 0.0000000000
80411  33.049  -23.519  44.544 0.0000000000
80428  32.615  -23.724  43.751 0.0000000000
75023  31.813  -26.987  40.790 0.0000000000
76433  32.439  -26.477  42.281 0.0000000000
80284  36.152  -23.886  53.027 0.0000000000
74666  32.083  -26.299  60.734 0.0000000000
74665  32.800  -26.610  60.306 0.0000000000
74685  32.951  -26.430  59.464 0.0000000000
74706  31.836  -25.542  59.066 0.0000000000
76154  33.298  -26.441  59.394 0.0000000000
74719  34.326  -25.634  57.370 0.0000000000
76189  31.484  -25.053  56.368 0.0000000000
74755  32.002  -25.442  56.143 0.0000000000
74774  32.028  -25.494  55.228 0.0000000000
74754  32.521  -25.565  55.844 0.0000000000
74735  33.099  -25.499  56.637 0.0000000000
74718  35.109  -25.447  57.193 0.0000000000
74732  35.235  -25.462  56.022 0.0000000000
74770  34.432  -25.485  53.719 0.0000000000
76220  35.237  -25.352  54.370 0.0000000000
76219  35.607  -25.097  54.623 0.0000000000
77708  35.727  -24.639  53.226 0.0000000000
79058  35.856  -24.269  52.752 0.0000000000
80301  35.733  -24.109  52.411 0.0000000000
79089  35.523  -24.566  51.069 0.0000000000
79103  35.638  -24.507  49.756 0.0000000000
77793  35.205  -24.986  49.382 0.0000000000
74875  35.007  -26.297  49.422 0.0000000000
76328  35.045  -25.665  49.088 0.0000000000
77807  34.653  -25.350  48.229 0.0000000000
76357  34.546  -26.023  46.702 0.0000000000
74927  34.201  -26.242  46.066 0.0000000000
74928  33.522  -26.434  45.677 0.0000000000
74844  32.362  -26.001  49.655 0.0000000000
74866  32.434  -25.909  48.497 0.0000000000
76342  31.202  -25.114  47.314 0.0000000000
74880  32.372  -25.929  47.426 0.0000000000
74879  32.882  -26.301  47.895 0.0000000000
74895  32.731  -26.351  46.868 0.0000000000
74913  32.468  -26.605  45.925 0.0000000000
74929  32.805  -26.428  45.377 0.0000000000
74956  31.849  -26.630  44.037 0.0000000000
74984  31.282  -26.869  43.145 0.0000000000
74958  30.752  -26.345  43.433 0.0000000000
74985  30.766  -26.702  43.147 0.0000000000
75004  30.425  -26.988  42.253 0.0000000000
88306  38.302  -17.374  39.213 0.0000000000
88323  37.370  -17.408  38.365 0.0000000000
88341  36.768  -17.489  37.476 0.0000000000
87049  36.184  -17.575  36.897 0.0000000000
86982  34.495  -17.222  39.896 0.0000000000
88327  33.686  -17.605  37.907 0.0000000000
88344  34.003  -17.506  37.769 0.0000000000
87099  35.341  -18.662  35.391 0.0000000000
106811  49.934  -2.628  26.818 0.0000000000
106818  49.915  -3.010  25.169 0.0000000000
59665  14.743  -37.123  58.770 0.0000000000
63204  16.502  -34.913  58.256 0.0000000000
63205  16.572  -34.987  57.844 0.0000000000
63219  16.764  -34.954  58.100 0.0000000000
63220  16.495  -34.801  57.857 0.0000000000
63273  15.514  -35.389  54.796 0.0000000000
64413  16.902  -33.972  59.204 0.0000000000
64414  16.685  -34.136  58.894 0.0000000000
64415  16.619  -34.242  58.499 0.0000000000
64428  16.978  -34.273  58.648 0.0000000000
64430  16.524  -34.563  58.160 0.0000000000
64447  16.571  -34.380  57.835 0.0000000000
64448  16.527  -34.344  57.645 0.0000000000
64466  16.404  -34.186  56.914 0.0000000000
64467  16.486  -33.859  57.048 0.0000000000
64521  15.869  -34.672  53.059 0.0000000000
65693  16.989  -33.832  59.016 0.0000000000
65694  16.933  -33.790  58.847 0.0000000000
65695  16.692  -33.937  58.686 0.0000000000
65711  17.170  -33.637  58.601 0.0000000000
65712  16.908  -33.653  58.318 0.0000000000
65713  16.624  -33.991  58.030 0.0000000000
65732  16.611  -33.831  57.445 0.0000000000
65746  16.117  -34.826  56.325 0.0000000000
65747  16.228  -34.409  56.373 0.0000000000
65797  16.067  -34.290  53.101 0.0000000000
65818  16.293  -34.395  52.619 0.0000000000
67033  17.218  -33.370  58.000 0.0000000000
67034  17.004  -33.456  57.903 0.0000000000
67052  16.949  -33.291  57.448 0.0000000000
67053  16.636  -33.575  57.103 0.0000000000
67070  16.888  -33.000  56.774 0.0000000000
67095  16.477  -33.579  56.406 0.0000000000
67116  23.187  -31.417  53.923 0.0000000000
67118  22.141  -31.519  53.407 0.0000000000
67140  22.584  -31.560  52.933 0.0000000000
67161  23.608  -31.619  52.838 0.0000000000
67180  23.082  -31.785  51.434 0.0000000000
68353  23.391  -30.383  57.662 0.0000000000
68377  22.518  -30.384  56.684 0.0000000000
68401  23.277  -29.998  55.845 0.0000000000
68405  19.782  -31.381  55.794 0.0000000000
68430  19.568  -31.456  55.154 0.0000000000
68447  24.320  -30.952  54.004 0.0000000000
68449  23.266  -31.128  54.468 0.0000000000
68453  19.846  -31.408  54.336 0.0000000000
68471  20.103  -31.450  53.236 0.0000000000
68517  25.009  -31.796  49.558 0.0000000000
69647  24.272  -29.886  55.776 0.0000000000
69665  21.939  -30.759  55.961 0.0000000000
69667  18.941  -31.504  55.394 0.0000000000
69682  25.267  -29.982  54.361 0.0000000000
69683  25.086  -30.160  54.235 0.0000000000
69702  24.775  -30.150  53.418 0.0000000000
69724  24.430  -30.155  52.567 0.0000000000
69725  24.506  -30.587  52.779 0.0000000000
69741  24.472  -30.568  51.692 0.0000000000
69752  24.813  -30.935  50.491 0.0000000000
69762  24.952  -31.283  49.513 0.0000000000
70844  25.636  -29.203  58.236 0.0000000000
70873  25.346  -29.030  56.321 0.0000000000
70896  25.447  -30.036  54.144 0.0000000000
70908  25.439  -29.796  53.935 0.0000000000
70940  24.268  -29.782  52.041 0.0000000000
70941  24.350  -30.108  51.631 0.0000000000
70959  24.302  -29.657  51.424 0.0000000000
70996  24.858  -30.814  49.316 0.0000000000
72207  25.616  -28.465  57.349 0.0000000000
72208  25.642  -28.718  57.807 0.0000000000
72217  25.560  -28.772  57.080 0.0000000000
72226  25.680  -28.263  56.735 0.0000000000
72227  25.571  -28.526  56.419 0.0000000000
72233  25.054  -28.993  55.401 0.0000000000
72247  25.215  -29.766  53.830 0.0000000000
72256  24.823  -29.285  53.558 0.0000000000
72257  24.832  -29.589  53.512 0.0000000000
72270  24.465  -29.385  52.714 0.0000000000
72299  24.363  -29.625  49.856 0.0000000000
73435  25.740  -28.278  58.153 0.0000000000
73443  25.680  -28.172  57.113 0.0000000000
73444  25.696  -27.961  57.371 0.0000000000
73455  25.706  -28.116  56.878 0.0000000000
73457  25.784  -27.867  56.855 0.0000000000
73478  25.087  -28.464  54.874 0.0000000000
73479  25.126  -28.129  54.542 0.0000000000
73480  25.044  -27.967  54.394 0.0000000000
73486  25.096  -28.840  54.087 0.0000000000
73487  25.111  -28.382  54.278 0.0000000000
73488  25.099  -28.096  54.263 0.0000000000
73496  24.830  -28.924  53.579 0.0000000000
73510  24.479  -28.735  52.440 0.0000000000
73524  24.238  -28.792  50.895 0.0000000000
74667  31.643  -25.892  60.519 0.0000000000
74688  25.596  -27.912  59.150 0.0000000000
74738  26.059  -27.854  56.139 0.0000000000
74739  25.525  -27.419  56.553 0.0000000000
74740  25.399  -27.192  56.241 0.0000000000
74750  34.986  -25.533  55.334 0.0000000000
74757  25.440  -27.485  55.725 0.0000000000
74775  25.326  -28.146  55.323 0.0000000000
74777  25.158  -27.892  54.600 0.0000000000
74786  35.096  -25.488  53.188 0.0000000000
74788  34.561  -25.642  52.895 0.0000000000
74794  25.173  -27.804  54.345 0.0000000000
74799  35.284  -25.445  52.606 0.0000000000
74800  34.938  -25.744  52.791 0.0000000000
74801  34.769  -25.799  52.353 0.0000000000
74802  34.309  -25.910  52.204 0.0000000000
74806  24.958  -28.560  53.733 0.0000000000
74819  35.060  -25.714  51.781 0.0000000000
74840  34.516  -26.154  50.755 0.0000000000
74842  33.575  -26.694  50.310 0.0000000000
74846  24.338  -27.973  51.028 0.0000000000
74862  34.679  -26.592  49.939 0.0000000000
74891  34.729  -26.245  48.408 0.0000000000
74892  34.372  -26.409  47.962 0.0000000000
74911  33.854  -26.522  46.623 0.0000000000
74953  33.591  -25.693  45.091 0.0000000000
74980  33.553  -25.618  44.230 0.0000000000
75001  32.474  -26.427  42.603 0.0000000000
76108  32.603  -25.887  62.457 0.0000000000
76110  30.185  -25.311  62.869 0.0000000000
76153  33.692  -26.453  59.560 0.0000000000
76168  33.424  -26.157  59.037 0.0000000000
76169  32.974  -26.210  58.892 0.0000000000
76192  25.322  -26.995  56.362 0.0000000000
76207  25.266  -26.815  56.070 0.0000000000
76221  34.857  -25.457  54.182 0.0000000000
76222  32.047  -25.751  53.829 0.0000000000
76238  35.521  -24.922  53.274 0.0000000000
76240  35.051  -25.428  53.606 0.0000000000
76241  34.780  -25.499  53.444 0.0000000000
76257  35.262  -25.366  52.858 0.0000000000
76275  35.144  -25.577  51.090 0.0000000000
76282  24.298  -26.857  50.770 0.0000000000
76296  35.106  -25.752  50.581 0.0000000000
76299  30.298  -24.286  50.481 0.0000000000
76300  29.962  -23.975  50.470 0.0000000000
76314  35.371  -25.393  49.877 0.0000000000
76315  35.265  -25.836  49.989 0.0000000000
76327  35.280  -25.287  49.561 0.0000000000
76340  34.593  -25.886  47.799 0.0000000000
76358  34.588  -26.171  46.335 0.0000000000
76411  33.334  -25.590  43.632 0.0000000000
77669  29.422  -24.144  56.166 0.0000000000
77692  35.899  -24.745  54.314 0.0000000000
77693  35.769  -24.938  53.931 0.0000000000
77709  35.677  -24.905  53.675 0.0000000000
77728  35.835  -24.831  52.224 0.0000000000
77732  25.292  -26.236  52.483 0.0000000000
77752  23.820  -25.168  50.908 0.0000000000
77764  29.473  -23.768  50.360 0.0000000000
77767  24.025  -25.620  50.485 0.0000000000
77768  23.625  -25.109  50.552 0.0000000000
77777  35.492  -24.994  50.121 0.0000000000
77778  35.446  -24.701  49.901 0.0000000000
77779  35.522  -24.649  49.791 0.0000000000
77785  23.614  -25.117  50.033 0.0000000000
77794  35.339  -24.607  49.696 0.0000000000
77823  34.207  -25.560  46.680 0.0000000000
77824  30.365  -25.204  45.895 0.0000000000
77839  34.459  -25.863  46.480 0.0000000000
77841  33.999  -24.970  45.398 0.0000000000
77842  30.057  -25.166  45.612 0.0000000000
77860  34.038  -24.843  44.818 0.0000000000
77877  34.089  -25.184  44.336 0.0000000000
78971  30.115  -24.421  59.704 0.0000000000
78972  29.764  -24.029  59.492 0.0000000000
79026  27.821  -23.743  54.159 0.0000000000
79040  28.449  -23.839  53.750 0.0000000000
79074  35.654  -24.472  51.951 0.0000000000
79077  24.098  -24.704  51.073 0.0000000000
79078  23.765  -24.901  50.937 0.0000000000
79095  23.734  -24.827  50.709 0.0000000000
79101  35.472  -24.769  50.517 0.0000000000
79102  35.449  -24.546  50.082 0.0000000000
79107  23.926  -24.550  49.886 0.0000000000
79108  23.652  -24.777  50.321 0.0000000000
79115  35.502  -24.672  49.604 0.0000000000
79117  26.515  -23.509  48.177 0.0000000000
79177  34.167  -25.054  43.893 0.0000000000
80213  29.292  -23.616  57.428 0.0000000000
80228  28.229  -23.562  56.035 0.0000000000
80229  27.533  -23.251  56.330 0.0000000000
80231  25.868  -23.463  56.879 0.0000000000
80252  27.956  -23.869  54.958 0.0000000000
80253  27.672  -23.625  54.772 0.0000000000
80266  36.258  -23.721  53.621 0.0000000000
80320  35.528  -24.268  51.755 0.0000000000
80321  35.395  -24.062  51.243 0.0000000000
80325  24.455  -24.181  50.823 0.0000000000
80337  35.105  -24.056  50.368 0.0000000000
80338  34.684  -23.707  49.843 0.0000000000
80353  34.343  -23.036  48.908 0.0000000000
80380  34.308  -24.386  48.007 0.0000000000
80410  33.404  -23.826  44.980 0.0000000000
81528  35.591  -23.887  52.305 0.0000000000
81545  34.830  -22.850  51.319 0.0000000000
81577  34.087  -22.660  47.970 0.0000000000
81601  33.586  -23.106  46.059 0.0000000000
82834  35.630  -22.126  53.460 0.0000000000
82861  34.674  -22.058  51.648 0.0000000000
82892  33.590  -22.459  47.180 0.0000000000
84177  33.188  -20.445  47.741 0.0000000000
84311  41.302  -17.978  38.503 0.0000000000
84315  39.033  -18.904  37.663 0.0000000000
84335  41.106  -18.197  37.888 0.0000000000
84336  40.398  -18.479  37.590 0.0000000000
84337  39.708  -18.768  37.347 0.0000000000
84340  38.209  -18.847  37.077 0.0000000000
84356  41.128  -18.186  37.452 0.0000000000
84359  39.297  -18.980  36.666 0.0000000000
84381  39.249  -18.631  36.153 0.0000000000
84383  38.527  -18.872  36.298 0.0000000000
84409  38.650  -18.438  35.879 0.0000000000
85516  33.695  -19.771  48.864 0.0000000000
85557  32.483  -19.889  46.507 0.0000000000
85661  41.153  -17.888  39.127 0.0000000000
85677  41.102  -18.001  38.929 0.0000000000
85678  40.487  -18.185  38.674 0.0000000000
85680  39.228  -18.505  38.060 0.0000000000
85700  42.028  -17.394  39.066 0.0000000000
85702  41.045  -18.237  36.869 0.0000000000
85703  40.852  -18.263  36.742 0.0000000000
85726  41.312  -17.807  37.707 0.0000000000
85727  41.153  -18.132  37.060 0.0000000000
85728  40.599  -18.322  36.622 0.0000000000
85753  40.057  -18.495  36.355 0.0000000000
85755  38.327  -18.518  35.872 0.0000000000
85782  39.015  -18.311  35.807 0.0000000000
86881  34.202  -18.228  46.551 0.0000000000
86883  32.673  -19.375  46.493 0.0000000000
86999  43.548  -17.249  40.056 0.0000000000
87001  41.265  -17.789  39.363 0.0000000000
87005  34.381  -17.117  39.449 0.0000000000
87020  43.974  -16.792  39.810 0.0000000000
87021  43.053  -16.866  39.771 0.0000000000
87023  41.632  -18.020  39.072 0.0000000000
87024  41.458  -17.968  39.235 0.0000000000
87025  40.126  -18.218  38.736 0.0000000000
87042  42.133  -16.804  38.978 0.0000000000
87043  41.737  -17.236  37.992 0.0000000000
87044  41.079  -18.110  36.752 0.0000000000
87047  38.161  -17.889  36.985 0.0000000000
87067  41.273  -17.443  37.514 0.0000000000
87068  41.046  -17.715  36.815 0.0000000000
87069  40.677  -17.929  36.202 0.0000000000
87070  40.128  -18.023  35.924 0.0000000000
87096  40.307  -17.715  35.913 0.0000000000
87097  39.779  -17.753  35.707 0.0000000000
87098  39.233  -17.653  35.400 0.0000000000
88221  33.910  -17.872  45.566 0.0000000000
88239  34.853  -17.451  45.539 0.0000000000
88310  34.272  -17.047  39.176 0.0000000000
88321  43.529  -16.415  39.522 0.0000000000
88336  42.744  -16.357  39.098 0.0000000000
88339  38.019  -17.748  37.411 0.0000000000
88353  41.360  -17.087  37.784 0.0000000000
88356  40.537  -17.547  36.080 0.0000000000
88357  37.976  -17.773  37.103 0.0000000000
88371  40.434  -17.075  36.259 0.0000000000
89641  45.083  -16.643  39.539 0.0000000000
89644  41.658  -15.875  38.474 0.0000000000
89653  42.605  -16.139  38.836 0.0000000000
89663  40.654  -16.604  37.333 0.0000000000
89664  40.098  -16.563  36.885 0.0000000000
89693  38.358  -16.901  34.848 0.0000000000
90843  43.541  -15.631  39.115 0.0000000000
90845  42.022  -15.632  38.641 0.0000000000
90846  41.412  -15.491  38.296 0.0000000000
90853  42.810  -15.944  38.788 0.0000000000
90854  42.467  -15.896  38.688 0.0000000000
90880  38.834  -16.205  35.687 0.0000000000
92036  45.157  -14.881  40.080 0.0000000000
92050  42.266  -14.596  38.565 0.0000000000
92074  38.645  -15.008  36.123 0.0000000000
92085  38.838  -14.121  35.837 0.0000000000
92102  37.865  -15.076  35.237 0.0000000000
93271  44.414  -13.376  40.134 0.0000000000
93312  39.294  -13.644  36.658 0.0000000000
93313  38.772  -13.420  36.268 0.0000000000
94587  38.808  -12.760  36.459 0.0000000000
95861  43.785  -10.770  37.929 0.0000000000
97125  44.663  -9.515  37.003 0.0000000000
97168  42.755  -8.480  31.816 0.0000000000
100913  45.809  -7.359  29.358 0.0000000000
