#!ascii label  , from subject HYGLY28_VISIT_2 vox2ras=TkReg
1501
140776  42.175  32.489  11.248 0.0000000000
143893  42.590  36.680  11.720 0.0000000000
141542  52.458  34.207  16.329 0.0000000000
138266  40.124  29.757  15.225 0.0000000000
135767  44.122  26.732  15.713 0.0000000000
142487  45.504  34.228  6.355 0.0000000000
144542  42.492  37.563  21.323 0.0000000000
147280  43.619  41.516  17.731 0.0000000000
137416  52.523  28.912  17.097 0.0000000000
136664  52.345  26.864  8.162 0.0000000000
140793  44.132  32.410  9.594 0.0000000000
140738  48.023  32.416  13.930 0.0000000000
140725  46.377  32.642  17.076 0.0000000000
142266  49.150  34.318  24.784 0.0000000000
148594  43.133  44.205  14.232 0.0000000000
146699  47.876  41.055  12.055 0.0000000000
136626  49.672  27.231  14.469 0.0000000000
139091  41.117  31.444  13.513 0.0000000000
137442  42.264  28.778  15.440 0.0000000000
138286  43.431  30.028  14.145 0.0000000000
138327  41.015  29.996  7.331 0.0000000000
139116  39.198  30.913  10.076 0.0000000000
143842  39.010  36.118  18.374 0.0000000000
136597  50.585  27.207  17.004 0.0000000000
134229  53.366  24.198  14.041 0.0000000000
132724  53.084  22.521  18.489 0.0000000000
149892  46.223  46.071  10.682 0.0000000000
142446  43.587  34.673  10.268 0.0000000000
141586  45.171  33.838  12.936 0.0000000000
141570  44.089  33.820  14.820 0.0000000000
161738  43.491  36.142  28.657 0.0000000000
140604  45.257  32.797  25.020 0.0000000000
142994  47.881  35.136  28.415 0.0000000000
139773  50.248  32.007  26.126 0.0000000000
146682  43.501  40.092  14.457 0.0000000000
147292  46.354  41.431  16.524 0.0000000000
146045  45.315  39.153  10.635 0.0000000000
143224  45.192  35.882  8.578 0.0000000000
143156  51.599  35.122  14.318 0.0000000000
139894  49.728  31.093  15.606 0.0000000000
161693  52.773  31.853  12.958 0.0000000000
134979  41.486  25.686  15.378 0.0000000000
134237  43.348  24.231  14.360 0.0000000000
146050  49.285  39.503  9.088 0.0000000000
144676  45.857  37.520  8.136 0.0000000000
143872  40.752  36.672  15.074 0.0000000000
140688  41.378  32.491  19.292 0.0000000000
146669  33.351  40.929  15.550 0.0000000000
147919  38.295  42.597  15.855 0.0000000000
145270  43.280  37.847  18.083 0.0000000000
139029  52.839  30.334  16.419 0.0000000000
138302  52.937  28.996  12.349 0.0000000000
136636  53.331  27.486  12.709 0.0000000000
161562  53.721  23.099  10.847 0.0000000000
139967  44.089  31.690  9.489 0.0000000000
139065  45.351  30.509  12.535 0.0000000000
140772  46.067  32.049  12.079 0.0000000000
142387  48.105  34.420  14.617 0.0000000000
142347  50.090  34.831  17.868 0.0000000000
139859  43.921  31.480  20.528 0.0000000000
140672  47.540  32.197  20.888 0.0000000000
142313  50.504  34.346  20.085 0.0000000000
139840  49.706  31.631  21.509 0.0000000000
139002  51.848  29.883  21.765 0.0000000000
148648  43.887  42.954  11.383 0.0000000000
149256  46.060  44.924  13.234 0.0000000000
148580  46.390  43.394  15.416 0.0000000000
147947  49.201  42.402  12.600 0.0000000000
161752  48.633  37.237  8.846 0.0000000000
140829  46.975  31.881  6.449 0.0000000000
138234  46.348  29.523  14.891 0.0000000000
135764  47.129  26.684  15.631 0.0000000000
133500  45.735  23.808  12.941 0.0000000000
136645  51.243  27.201  11.533 0.0000000000
139929  41.632  31.881  12.442 0.0000000000
139068  42.682  30.979  14.258 0.0000000000
139089  42.711  31.562  13.064 0.0000000000
139984  41.022  31.346  8.711 0.0000000000
138313  39.445  29.866  8.696 0.0000000000
139971  39.900  31.385  9.735 0.0000000000
139945  39.617  31.820  11.827 0.0000000000
135752  49.649  26.014  16.825 0.0000000000
133467  50.766  23.660  16.156 0.0000000000
133444  50.143  23.076  17.848 0.0000000000
133523  41.482  23.790  11.969 0.0000000000
143200  43.291  35.808  11.086 0.0000000000
142419  43.461  34.772  12.248 0.0000000000
142407  43.279  34.802  13.237 0.0000000000
142954  44.793  35.638  30.188 0.0000000000
161729  45.814  35.328  28.606 0.0000000000
146036  42.414  38.884  11.544 0.0000000000
146703  44.248  40.440  12.334 0.0000000000
144619  43.527  37.704  10.318 0.0000000000
143921  43.948  36.484  9.665 0.0000000000
143133  52.350  35.369  15.623 0.0000000000
142399  52.314  34.005  13.492 0.0000000000
142382  53.526  33.725  13.804 0.0000000000
138239  38.793  29.430  15.703 0.0000000000
137444  40.249  28.748  15.563 0.0000000000
136615  42.693  27.686  15.729 0.0000000000
135769  42.094  26.635  15.608 0.0000000000
135768  43.115  26.667  15.655 0.0000000000
134994  43.164  24.946  15.058 0.0000000000
134976  44.522  25.818  15.583 0.0000000000
145383  48.612  36.745  7.604 0.0000000000
145366  48.423  38.397  8.030 0.0000000000
143245  44.838  35.545  7.164 0.0000000000
139072  38.303  30.670  13.553 0.0000000000
139050  38.099  30.256  14.779 0.0000000000
143111  42.859  36.034  18.517 0.0000000000
143098  41.841  35.153  19.697 0.0000000000
145237  43.933  38.715  22.541 0.0000000000
143823  41.134  36.645  20.457 0.0000000000
144558  41.686  37.602  18.485 0.0000000000
144547  43.112  37.052  19.353 0.0000000000
144580  42.665  37.294  16.871 0.0000000000
138223  53.263  29.498  16.827 0.0000000000
137475  53.401  28.529  13.832 0.0000000000
136631  53.061  27.619  13.798 0.0000000000
132756  54.524  22.264  15.225 0.0000000000
133513  54.741  22.930  12.172 0.0000000000
132765  53.154  22.440  12.670 0.0000000000
139966  44.507  31.550  9.259 0.0000000000
139113  45.102  31.197  10.481 0.0000000000
140784  44.542  32.314  10.760 0.0000000000
142371  46.268  34.075  14.996 0.0000000000
142403  46.731  34.089  13.828 0.0000000000
142370  47.263  34.125  15.120 0.0000000000
142368  49.369  35.078  15.928 0.0000000000
141545  48.524  33.707  16.880 0.0000000000
141480  41.909  33.557  22.787 0.0000000000
139875  42.889  31.563  19.655 0.0000000000
140643  43.121  32.681  23.128 0.0000000000
141462  47.099  33.247  24.520 0.0000000000
140649  46.487  32.254  22.538 0.0000000000
141486  48.250  33.548  23.028 0.0000000000
141500  49.091  33.850  20.763 0.0000000000
142277  49.959  35.069  23.144 0.0000000000
141492  50.393  33.711  21.377 0.0000000000
141458  50.211  33.422  23.852 0.0000000000
138943  51.062  30.012  25.686 0.0000000000
138977  51.132  30.566  23.827 0.0000000000
148610  43.437  43.496  13.438 0.0000000000
148628  45.211  44.121  12.077 0.0000000000
149258  44.809  44.738  13.667 0.0000000000
147293  40.846  41.920  16.804 0.0000000000
148573  40.244  43.799  16.333 0.0000000000
148564  42.607  43.662  17.187 0.0000000000
147329  46.696  41.971  13.728 0.0000000000
147905  47.373  42.560  16.759 0.0000000000
147949  47.311  42.268  13.657 0.0000000000
147948  47.692  42.541  13.403 0.0000000000
146698  48.939  40.964  12.012 0.0000000000
146708  50.339  40.820  11.284 0.0000000000
146042  48.246  39.549  10.284 0.0000000000
141646  44.472  33.293  8.523 0.0000000000
141645  45.062  33.752  7.997 0.0000000000
141658  44.969  32.209  7.932 0.0000000000
139980  45.055  30.901  8.740 0.0000000000
139063  47.181  31.072  13.364 0.0000000000
138260  46.005  29.972  13.818 0.0000000000
139044  47.789  30.919  14.291 0.0000000000
139042  50.443  29.478  15.147 0.0000000000
138232  48.735  29.380  15.194 0.0000000000
136609  48.650  27.151  15.102 0.0000000000
134990  46.690  25.228  14.750 0.0000000000
135002  48.191  25.014  13.965 0.0000000000
136643  52.612  27.834  10.931 0.0000000000
137486  52.384  28.295  11.775 0.0000000000
136652  51.917  27.060  9.234 0.0000000000
139048  40.293  30.670  14.507 0.0000000000
137470  40.775  29.214  15.248 0.0000000000
138264  42.244  30.037  15.134 0.0000000000
138236  42.879  29.099  15.352 0.0000000000
137440  44.271  28.523  15.446 0.0000000000
140015  44.814  31.402  4.995 0.0000000000
139931  39.475  31.536  12.672 0.0000000000
137405  51.271  28.650  17.623 0.0000000000
135785  52.736  26.452  14.069 0.0000000000
134986  51.761  25.530  14.908 0.0000000000
133465  53.247  23.045  15.958 0.0000000000
140794  43.783  33.063  9.953 0.0000000000
141619  43.920  33.084  10.888 0.0000000000
141609  43.681  33.678  11.228 0.0000000000
142391  44.383  34.066  14.204 0.0000000000
141548  45.447  33.031  16.094 0.0000000000
143749  42.790  36.398  26.735 0.0000000000
141447  43.351  33.638  24.836 0.0000000000
161733  44.618  34.451  26.807 0.0000000000
141424  46.301  33.964  26.319 0.0000000000
142238  48.254  34.639  26.631 0.0000000000
141441  50.239  33.556  24.878 0.0000000000
141421  49.391  33.638  27.070 0.0000000000
139775  49.207  31.954  26.431 0.0000000000
138945  48.707  30.246  25.726 0.0000000000
148596  40.887  44.042  14.485 0.0000000000
145969  45.270  39.402  16.933 0.0000000000
146628  46.094  40.687  17.610 0.0000000000
147322  44.886  41.340  14.488 0.0000000000
147339  45.300  41.234  12.836 0.0000000000
146032  46.766  40.073  10.832 0.0000000000
144636  47.182  37.797  9.764 0.0000000000
143920  44.791  36.734  9.277 0.0000000000
142458  44.047  34.826  9.335 0.0000000000
141580  49.675  34.281  13.827 0.0000000000
140736  49.539  32.851  14.737 0.0000000000
140735  50.706  32.570  14.644 0.0000000000
140731  51.751  31.131  14.747 0.0000000000
138282  51.480  29.291  14.026 0.0000000000
135045  51.854  25.144  6.765 0.0000000000
161568  51.080  25.058  8.788 0.0000000000
134981  39.706  25.549  15.677 0.0000000000
136617  40.689  27.631  15.593 0.0000000000
135770  41.115  26.646  15.518 0.0000000000
134221  40.068  24.705  15.045 0.0000000000
134239  41.243  24.215  14.493 0.0000000000
133491  41.567  23.555  13.985 0.0000000000
133503  43.106  23.207  13.406 0.0000000000
146721  47.906  40.847  9.942 0.0000000000
146057  46.975  39.431  8.484 0.0000000000
143880  41.399  36.521  13.605 0.0000000000
141563  41.323  33.991  15.265 0.0000000000
141519  41.003  33.548  18.139 0.0000000000
142303  41.541  34.193  20.870 0.0000000000
143779  42.786  36.801  24.647 0.0000000000
144448  42.734  37.273  26.322 0.0000000000
145144  43.721  38.433  28.349 0.0000000000
147309  35.762  41.965  15.556 0.0000000000
146663  38.896  41.118  15.676 0.0000000000
146633  41.132  40.364  17.023 0.0000000000
145961  43.688  39.363  17.684 0.0000000000
145304  43.276  38.368  15.848 0.0000000000
145308  41.913  39.027  13.973 0.0000000000
161694  52.509  31.325  15.949 0.0000000000
138280  53.733  30.930  13.659 0.0000000000
138255  53.352  30.799  15.042 0.0000000000
137481  53.320  28.424  13.131 0.0000000000
135804  53.446  26.526  10.370 0.0000000000
135007  53.502  25.204  12.910 0.0000000000
135021  53.743  25.234  10.801 0.0000000000
134309  53.141  24.675  9.046 0.0000000000
139968  42.994  31.775  9.565 0.0000000000
139088  43.705  31.386  12.251 0.0000000000
139115  44.566  31.091  10.791 0.0000000000
139926  45.943  31.193  11.682 0.0000000000
139914  46.740  31.787  13.144 0.0000000000
140763  45.308  32.755  12.220 0.0000000000
141583  47.165  33.567  13.634 0.0000000000
141582  48.088  33.725  13.832 0.0000000000
142386  49.418  35.262  14.726 0.0000000000
143135  51.056  35.924  16.393 0.0000000000
142345  51.726  35.208  17.464 0.0000000000
140729  42.642  32.847  16.586 0.0000000000
140718  44.460  32.235  17.505 0.0000000000
140702  45.461  31.964  18.452 0.0000000000
140651  44.566  32.017  22.578 0.0000000000
139856  46.437  31.608  21.064 0.0000000000
140700  47.387  32.282  18.983 0.0000000000
141518  48.777  33.283  18.851 0.0000000000
142326  50.008  34.463  19.712 0.0000000000
142324  51.175  34.240  18.886 0.0000000000
140698  50.963  32.592  18.342 0.0000000000
139882  50.872  31.177  18.490 0.0000000000
139024  51.037  30.267  19.003 0.0000000000
139832  49.945  31.435  23.274 0.0000000000
139004  50.050  30.785  21.586 0.0000000000
138215  50.865  29.480  19.059 0.0000000000
138211  50.273  29.479  19.741 0.0000000000
149289  45.422  44.262  10.545 0.0000000000
149882  45.892  45.775  11.708 0.0000000000
148627  46.466  43.968  12.484 0.0000000000
148556  45.279  43.457  18.711 0.0000000000
149858  44.262  45.623  15.074 0.0000000000
148608  45.968  44.198  14.061 0.0000000000
148606  47.132  43.274  13.041 0.0000000000
147967  48.723  42.535  11.995 0.0000000000
147346  50.908  41.299  10.912 0.0000000000
146049  49.336  39.311  9.566 0.0000000000
143234  47.121  36.406  8.235 0.0000000000
143931  46.374  36.589  8.451 0.0000000000
143235  45.884  35.701  8.029 0.0000000000
140870  47.378  31.750  3.505 0.0000000000
139158  44.591  30.535  6.512 0.0000000000
139982  43.290  31.666  8.667 0.0000000000
139066  44.489  30.547  12.826 0.0000000000
138235  45.458  29.526  14.747 0.0000000000
137439  45.409  28.785  15.466 0.0000000000
139032  48.797  30.446  15.196 0.0000000000
137438  46.650  28.734  15.536 0.0000000000
135766  45.137  26.776  15.766 0.0000000000
134992  44.895  25.205  14.940 0.0000000000
134255  44.698  24.141  13.660 0.0000000000
139083  53.581  31.764  12.860 0.0000000000
137482  51.724  28.441  12.656 0.0000000000
136633  50.856  27.563  13.033 0.0000000000
135022  50.971  25.699  10.559 0.0000000000
134250  49.149  24.833  13.099 0.0000000000
132697  52.940  22.637  20.495 0.0000000000
131924  54.432  21.779  20.749 0.0000000000
139943  41.682  32.404  11.393 0.0000000000
139928  42.574  31.961  12.105 0.0000000000
139957  41.571  32.267  10.391 0.0000000000
139970  40.765  31.821  9.535 0.0000000000
139958  40.614  32.183  10.535 0.0000000000
139944  40.594  32.095  11.666 0.0000000000
134197  49.421  24.633  16.919 0.0000000000
143201  42.913  35.980  11.791 0.0000000000
143184  43.179  35.451  11.964 0.0000000000
143170  42.865  35.378  12.781 0.0000000000
144610  42.320  37.738  11.534 0.0000000000
145323  42.982  38.321  11.095 0.0000000000
144609  42.889  37.281  10.964 0.0000000000
143903  43.387  36.670  10.408 0.0000000000
142356  52.739  34.727  15.824 0.0000000000
142367  53.214  34.652  14.808 0.0000000000
142366  53.440  33.489  14.765 0.0000000000
138238  39.540  29.338  15.612 0.0000000000
137445  39.247  28.647  15.920 0.0000000000
136614  43.708  27.676  15.743 0.0000000000
134977  43.567  25.793  15.411 0.0000000000
143244  46.081  35.933  7.830 0.0000000000
161751  48.116  37.059  7.885 0.0000000000
142498  45.138  34.041  5.722 0.0000000000
139049  39.208  30.619  14.595 0.0000000000
138267  39.071  29.912  15.228 0.0000000000
138268  38.495  29.881  15.349 0.0000000000
144540  43.088  37.194  21.030 0.0000000000
143820  43.188  36.849  20.801 0.0000000000
145250  43.302  38.283  21.979 0.0000000000
143822  42.084  37.264  20.888 0.0000000000
143830  41.951  37.057  19.905 0.0000000000
143829  42.744  37.115  19.984 0.0000000000
143110  43.285  36.459  18.825 0.0000000000
138217  52.603  29.581  17.559 0.0000000000
137432  52.840  28.633  15.817 0.0000000000
131986  54.744  21.924  14.303 0.0000000000
139954  44.576  31.605  10.284 0.0000000000
141558  46.365  33.644  15.627 0.0000000000
141557  47.373  33.640  15.773 0.0000000000
141556  48.157  33.798  16.098 0.0000000000
141533  47.801  33.064  17.342 0.0000000000
141479  42.452  33.296  23.329 0.0000000000
140653  42.728  32.542  22.420 0.0000000000
141460  48.591  33.953  24.993 0.0000000000
141476  47.574  33.239  23.751 0.0000000000
142278  49.156  34.391  23.698 0.0000000000
142290  49.177  34.542  22.581 0.0000000000
141473  50.531  34.053  23.235 0.0000000000
142264  50.205  34.357  23.951 0.0000000000
138140  51.150  29.029  25.991 0.0000000000
148611  42.489  43.174  13.572 0.0000000000
148631  42.994  43.004  13.042 0.0000000000
148609  44.256  43.804  13.119 0.0000000000
149259  43.995  44.233  13.884 0.0000000000
147901  42.108  42.224  17.236 0.0000000000
147906  42.206  42.957  17.083 0.0000000000
147900  42.952  42.613  17.427 0.0000000000
147337  47.325  41.573  12.760 0.0000000000
147328  47.786  41.970  13.269 0.0000000000
146710  48.322  40.579  11.334 0.0000000000
146030  48.626  40.156  10.724 0.0000000000
141631  44.110  33.070  9.178 0.0000000000
140805  44.584  31.746  8.672 0.0000000000
139913  47.620  31.765  13.692 0.0000000000
139903  48.204  31.884  14.136 0.0000000000
137434  50.161  28.493  15.007 0.0000000000
137435  49.718  28.388  15.074 0.0000000000
136627  49.152  27.281  14.810 0.0000000000
135762  48.456  26.349  14.941 0.0000000000
134987  49.220  25.894  14.041 0.0000000000
136657  52.737  27.162  8.832 0.0000000000
136651  52.376  27.558  9.691 0.0000000000
136658  52.190  27.100  8.638 0.0000000000
139070  40.603  31.279  13.716 0.0000000000
139047  41.266  30.849  14.724 0.0000000000
139069  41.568  31.380  14.145 0.0000000000
138287  42.871  30.007  14.521 0.0000000000
138263  43.208  29.391  14.918 0.0000000000
137468  43.482  29.031  15.145 0.0000000000
137467  43.824  28.986  14.993 0.0000000000
140006  43.323  31.046  6.067 0.0000000000
140007  42.858  31.384  6.306 0.0000000000
139146  40.528  30.316  7.383 0.0000000000
139123  39.617  30.340  9.282 0.0000000000
139999  39.272  30.446  7.751 0.0000000000
139930  40.585  31.644  12.872 0.0000000000
139916  40.099  31.475  13.221 0.0000000000
136596  51.093  27.454  16.815 0.0000000000
135759  52.001  26.741  15.609 0.0000000000
135760  51.454  26.499  15.977 0.0000000000
133455  51.381  23.058  16.824 0.0000000000
133479  51.490  23.720  15.404 0.0000000000
132749  52.674  22.504  17.004 0.0000000000
132737  54.197  22.526  17.447 0.0000000000
132723  54.086  22.558  18.344 0.0000000000
149901  46.100  45.997  9.608 0.0000000000
149913  46.190  45.725  8.671 0.0000000000
141620  43.627  33.614  10.473 0.0000000000
141571  43.568  33.916  14.636 0.0000000000
142406  44.377  34.288  13.263 0.0000000000
142373  44.742  33.956  14.698 0.0000000000
141549  44.451  33.032  15.990 0.0000000000
143739  43.062  36.486  28.140 0.0000000000
142241  43.852  34.446  26.407 0.0000000000
143007  43.420  35.525  27.430 0.0000000000
161736  46.498  35.276  28.577 0.0000000000
161730  45.870  34.447  26.831 0.0000000000
161735  47.097  34.898  27.695 0.0000000000
142239  47.460  34.383  26.527 0.0000000000
143005  48.176  35.021  27.389 0.0000000000
142237  49.146  34.624  26.853 0.0000000000
141402  48.752  34.126  27.660 0.0000000000
140581  47.698  32.470  26.599 0.0000000000
139776  48.118  31.821  26.244 0.0000000000
139792  48.466  31.113  25.964 0.0000000000
139793  47.460  31.104  25.718 0.0000000000
146662  43.944  39.754  15.174 0.0000000000
146645  45.151  39.933  16.455 0.0000000000
146681  44.104  40.820  14.100 0.0000000000
146034  44.388  39.827  11.450 0.0000000000
146702  45.029  40.687  12.329 0.0000000000
146713  45.332  40.390  11.749 0.0000000000
146712  46.287  40.524  11.548 0.0000000000
146033  45.742  39.863  11.134 0.0000000000
145334  45.992  38.536  10.234 0.0000000000
144638  45.172  37.724  9.405 0.0000000000
143214  43.683  35.686  10.064 0.0000000000
143226  44.012  35.692  9.572 0.0000000000
142469  44.144  34.435  9.027 0.0000000000
142385  50.433  34.859  14.016 0.0000000000
141567  50.431  33.732  13.997 0.0000000000
141578  52.854  32.655  12.892 0.0000000000
140734  51.863  32.349  14.037 0.0000000000
161702  52.492  31.612  13.525 0.0000000000
138281  52.233  30.284  13.761 0.0000000000
135771  40.164  26.620  15.702 0.0000000000
137469  41.504  29.282  15.268 0.0000000000
137443  41.197  28.507  15.348 0.0000000000
134980  40.587  25.659  15.436 0.0000000000
134220  40.905  24.828  15.014 0.0000000000
134219  41.695  24.888  15.058 0.0000000000
134238  42.292  24.403  14.649 0.0000000000
133490  42.465  23.536  14.083 0.0000000000
133504  42.001  23.541  13.088 0.0000000000
147348  49.230  41.190  10.289 0.0000000000
146725  48.859  40.134  9.503 0.0000000000
145384  47.761  38.192  7.836 0.0000000000
145367  47.533  38.733  8.138 0.0000000000
145385  47.236  38.396  7.892 0.0000000000
143946  44.075  36.449  6.855 0.0000000000
143876  40.838  36.556  14.313 0.0000000000
142359  40.874  34.450  15.842 0.0000000000
143137  40.924  35.534  16.198 0.0000000000
143087  41.892  35.018  20.605 0.0000000000
143041  42.188  35.215  23.174 0.0000000000
145171  43.786  38.687  26.258 0.0000000000
145156  43.701  38.582  27.284 0.0000000000
147924  33.754  42.287  15.296 0.0000000000
146668  34.228  40.969  15.594 0.0000000000
146664  38.311  40.688  15.496 0.0000000000
146648  38.652  40.055  15.713 0.0000000000
146646  40.223  40.408  16.646 0.0000000000
145272  42.281  37.824  18.382 0.0000000000
145280  42.072  38.325  17.886 0.0000000000
145962  42.671  39.338  17.506 0.0000000000
145278  43.820  38.484  17.570 0.0000000000
145290  44.141  38.481  16.786 0.0000000000
144579  43.525  37.729  17.267 0.0000000000
144581  41.835  37.104  16.180 0.0000000000
145305  42.082  38.525  15.109 0.0000000000
144598  41.083  37.597  14.518 0.0000000000
144607  41.559  37.877  12.879 0.0000000000
161692  52.038  31.225  16.696 0.0000000000
136637  53.227  28.053  13.355 0.0000000000
136642  53.178  27.608  11.385 0.0000000000
135796  53.466  26.417  11.627 0.0000000000
134999  52.846  25.356  13.846 0.0000000000
135784  53.187  25.850  13.396 0.0000000000
134248  53.742  24.375  13.472 0.0000000000
133531  54.444  22.909  11.324 0.0000000000
134278  54.433  23.476  11.493 0.0000000000
134286  54.140  23.849  10.685 0.0000000000
134295  53.570  24.662  9.998 0.0000000000
134296  53.203  24.152  10.119 0.0000000000
161571  52.442  24.065  8.438 0.0000000000
161564  52.264  23.848  9.874 0.0000000000
139955  43.993  31.557  10.479 0.0000000000
139940  45.748  31.464  11.353 0.0000000000
139102  45.362  31.048  10.836 0.0000000000
139939  45.988  31.758  11.718 0.0000000000
139925  46.120  31.500  12.120 0.0000000000
140761  46.185  32.193  12.770 0.0000000000
141600  44.788  33.469  12.369 0.0000000000
140774  44.931  32.524  11.688 0.0000000000
141599  45.358  33.238  12.653 0.0000000000
142388  47.036  34.210  14.453 0.0000000000
142402  47.634  34.194  13.979 0.0000000000
142401  48.629  34.421  14.170 0.0000000000
142357  49.361  34.635  16.865 0.0000000000
143136  50.279  35.381  16.802 0.0000000000
143125  51.125  35.587  17.218 0.0000000000
143126  50.655  35.318  17.497 0.0000000000
140721  41.461  32.949  17.501 0.0000000000
141551  42.168  33.137  16.069 0.0000000000
140720  42.327  32.554  17.354 0.0000000000
139874  43.766  31.429  19.731 0.0000000000
139886  43.660  31.610  18.933 0.0000000000
139885  44.580  31.594  19.039 0.0000000000
140703  44.510  31.915  18.279 0.0000000000
139884  45.467  31.647  19.226 0.0000000000
141446  44.334  33.230  25.026 0.0000000000
140628  44.332  32.772  23.916 0.0000000000
140627  44.923  32.683  24.262 0.0000000000
140660  47.237  32.258  21.865 0.0000000000
139842  46.565  31.924  21.808 0.0000000000
139870  47.013  31.743  20.655 0.0000000000
140686  46.791  31.837  19.412 0.0000000000
140685  47.369  32.131  19.941 0.0000000000
140699  48.117  32.746  19.374 0.0000000000
140684  48.186  32.849  20.314 0.0000000000
142301  49.911  34.947  21.317 0.0000000000
141499  49.477  34.169  20.433 0.0000000000
142325  50.620  34.380  19.286 0.0000000000
141504  51.246  33.873  18.925 0.0000000000
141516  51.072  33.313  18.700 0.0000000000
141505  50.994  33.674  19.265 0.0000000000
140658  49.919  32.779  21.235 0.0000000000
140682  50.326  32.471  19.599 0.0000000000
139869  50.031  31.894  19.953 0.0000000000
139868  50.380  31.119  19.588 0.0000000000
140601  50.325  32.578  25.411 0.0000000000
140623  50.240  32.532  24.407 0.0000000000
139816  50.618  31.551  24.767 0.0000000000
138993  52.105  29.905  22.842 0.0000000000
138994  51.143  30.235  22.574 0.0000000000
139003  50.928  30.169  21.474 0.0000000000
139013  50.470  30.426  20.586 0.0000000000
147989  42.955  42.405  11.625 0.0000000000
148008  42.301  42.199  10.536 0.0000000000
148007  43.279  42.498  10.472 0.0000000000
148647  44.786  43.789  11.163 0.0000000000
149270  45.532  44.788  12.786 0.0000000000
149279  45.576  44.830  11.831 0.0000000000
149867  45.746  45.545  12.913 0.0000000000
149873  46.428  45.798  12.432 0.0000000000
149269  46.215  44.933  12.758 0.0000000000
146627  46.470  41.128  17.169 0.0000000000
147897  45.890  42.707  18.646 0.0000000000
147277  46.705  41.844  17.723 0.0000000000
148567  47.161  43.055  16.131 0.0000000000
148560  46.525  43.286  17.522 0.0000000000
148569  45.621  43.664  16.786 0.0000000000
148593  45.293  44.471  15.273 0.0000000000
149243  45.147  45.367  14.904 0.0000000000
148591  46.349  43.608  14.441 0.0000000000
148605  48.076  42.889  12.591 0.0000000000
148625  48.037  42.969  12.141 0.0000000000
147985  49.391  42.138  11.411 0.0000000000
147946  50.479  42.393  12.286 0.0000000000
145331  48.710  38.812  9.882 0.0000000000
145347  48.996  37.688  9.037 0.0000000000
161750  48.974  36.639  8.485 0.0000000000
143919  45.774  36.965  9.027 0.0000000000
143918  46.848  37.229  9.036 0.0000000000
141657  45.658  33.258  7.355 0.0000000000
141670  46.863  32.922  6.246 0.0000000000
141671  46.139  33.708  6.360 0.0000000000
140013  47.964  31.053  5.194 0.0000000000
139169  46.712  30.524  4.907 0.0000000000
140005  45.999  30.759  6.779 0.0000000000
139981  44.324  31.360  8.684 0.0000000000
139129  44.342  30.765  8.083 0.0000000000
139087  44.745  30.763  11.871 0.0000000000
138259  46.935  30.180  14.382 0.0000000000
139901  49.682  31.912  15.167 0.0000000000
139895  49.026  31.259  15.254 0.0000000000
136610  47.867  27.484  15.424 0.0000000000
137437  47.763  28.564  15.384 0.0000000000
136611  46.925  27.700  15.826 0.0000000000
136612  45.829  27.768  15.811 0.0000000000
135765  46.153  26.778  15.760 0.0000000000
134975  45.496  25.890  15.510 0.0000000000
134974  46.431  25.920  15.334 0.0000000000
134233  46.879  24.702  14.151 0.0000000000
134234  46.096  24.677  14.210 0.0000000000
134254  45.523  24.258  13.558 0.0000000000
133502  44.184  23.341  13.163 0.0000000000
133501  44.980  23.698  12.983 0.0000000000
161698  53.792  31.729  13.056 0.0000000000
138294  53.207  29.986  12.640 0.0000000000
136644  51.649  27.499  10.995 0.0000000000
138304  52.266  28.807  12.424 0.0000000000
136638  51.451  27.868  12.250 0.0000000000
136632  51.341  28.079  12.840 0.0000000000
136639  51.117  27.272  11.998 0.0000000000
161554  49.513  23.733  9.007 0.0000000000
139090  41.719  31.587  13.421 0.0000000000
139067  43.662  30.847  13.469 0.0000000000
139133  40.743  30.181  8.409 0.0000000000
138321  39.710  29.527  8.136 0.0000000000
139122  40.340  30.692  9.052 0.0000000000
139959  39.671  31.866  10.727 0.0000000000
135736  50.010  26.901  17.133 0.0000000000
135761  50.729  26.013  16.132 0.0000000000
134962  50.291  25.452  16.187 0.0000000000
133468  50.228  23.693  16.768 0.0000000000
132740  51.344  22.569  17.979 0.0000000000
142432  43.456  34.567  11.289 0.0000000000
142392  43.253  34.326  14.164 0.0000000000
161742  43.964  36.240  30.049 0.0000000000
161727  45.294  35.413  28.699 0.0000000000
161728  45.784  35.572  29.385 0.0000000000
142207  47.119  34.607  29.436 0.0000000000
146010  43.125  40.139  13.050 0.0000000000
146704  43.762  40.458  12.791 0.0000000000
146020  43.423  40.052  12.425 0.0000000000
145322  43.746  38.864  10.862 0.0000000000
145351  44.432  38.109  9.861 0.0000000000
145350  44.636  38.052  9.618 0.0000000000
144640  43.720  37.128  9.981 0.0000000000
143143  51.670  35.617  15.111 0.0000000000
142384  51.881  34.314  13.754 0.0000000000
142383  52.965  34.708  13.549 0.0000000000
142397  53.175  33.676  13.168 0.0000000000
141597  53.338  33.093  12.711 0.0000000000
136616  41.670  27.647  15.635 0.0000000000
134978  42.494  25.548  15.330 0.0000000000
134993  43.972  25.123  14.921 0.0000000000
145365  48.934  38.058  8.415 0.0000000000
146055  49.185  39.075  8.278 0.0000000000
145364  48.639  37.431  7.816 0.0000000000
143944  46.937  37.006  7.919 0.0000000000
143945  45.321  36.574  7.870 0.0000000000
139034  37.890  30.052  15.166 0.0000000000
138240  37.937  29.685  15.517 0.0000000000
143128  41.600  35.767  17.687 0.0000000000
143112  41.782  35.349  18.764 0.0000000000
143097  42.740  35.694  19.418 0.0000000000
143813  43.366  36.828  21.763 0.0000000000
143832  39.965  36.232  19.315 0.0000000000
143855  40.215  36.856  18.166 0.0000000000
143831  40.978  36.739  19.532 0.0000000000
144549  41.822  37.280  19.190 0.0000000000
144556  43.106  37.246  18.655 0.0000000000
143853  43.104  36.651  18.012 0.0000000000
143854  42.374  36.387  17.607 0.0000000000
138222  53.129  30.068  16.663 0.0000000000
138228  53.318  29.992  16.019 0.0000000000
137431  53.395  29.309  15.753 0.0000000000
137461  53.137  28.362  14.607 0.0000000000
133475  54.371  23.182  14.447 0.0000000000
133499  54.225  23.634  13.567 0.0000000000
132760  54.892  22.503  13.696 0.0000000000
132009  54.224  22.093  12.751 0.0000000000
132793  53.086  22.536  11.812 0.0000000000
139114  44.824  31.048  10.533 0.0000000000
139953  45.252  31.539  10.668 0.0000000000
140783  45.379  32.027  11.072 0.0000000000
142405  45.177  33.998  13.592 0.0000000000
142404  45.925  33.923  13.755 0.0000000000
142389  46.129  34.095  14.347 0.0000000000
142369  48.361  34.433  15.445 0.0000000000
142358  48.769  34.360  16.195 0.0000000000
141544  49.186  34.097  17.568 0.0000000000
140674  41.670  32.566  20.313 0.0000000000
140687  42.104  31.882  19.490 0.0000000000
140673  42.291  31.962  20.451 0.0000000000
140664  42.635  32.091  21.381 0.0000000000
139845  44.047  31.660  21.292 0.0000000000
140625  46.406  32.938  24.751 0.0000000000
140640  45.721  32.453  23.529 0.0000000000
140639  46.798  32.803  23.783 0.0000000000
140648  47.537  32.815  22.991 0.0000000000
140659  48.017  32.974  22.315 0.0000000000
140671  48.168  32.902  21.333 0.0000000000
141494  48.677  33.739  21.922 0.0000000000
142289  49.798  35.198  22.117 0.0000000000
143073  50.375  35.247  21.783 0.0000000000
141498  50.568  33.724  20.377 0.0000000000
142288  50.826  34.698  21.933 0.0000000000
141485  50.164  33.308  21.978 0.0000000000
140646  49.671  32.535  22.241 0.0000000000
139790  50.322  31.448  25.676 0.0000000000
138958  51.329  30.655  24.964 0.0000000000
138186  52.322  29.716  23.448 0.0000000000
147970  42.500  42.607  12.601 0.0000000000
147969  43.002  42.572  12.253 0.0000000000
148630  43.480  42.958  12.484 0.0000000000
148629  44.455  43.579  12.184 0.0000000000
149271  44.909  44.192  12.786 0.0000000000
149257  45.705  44.922  13.720 0.0000000000
147909  39.629  42.777  16.110 0.0000000000
147910  38.795  43.227  16.144 0.0000000000
148572  41.133  43.689  16.532 0.0000000000
148571  41.891  43.654  16.861 0.0000000000
147321  45.788  41.723  14.665 0.0000000000
147303  46.878  41.902  15.944 0.0000000000
147320  46.631  41.941  14.920 0.0000000000
147917  47.095  42.269  15.111 0.0000000000
147933  47.122  42.686  14.631 0.0000000000
148579  47.038  43.116  15.096 0.0000000000
147327  48.914  41.960  13.121 0.0000000000
147335  49.532  41.538  12.523 0.0000000000
147334  50.540  41.538  12.482 0.0000000000
146697  49.949  41.142  11.887 0.0000000000
146041  49.007  39.903  10.312 0.0000000000
142468  44.360  34.404  8.748 0.0000000000
142467  45.025  34.607  8.113 0.0000000000
140817  45.589  31.862  7.430 0.0000000000
139994  45.569  30.971  7.724 0.0000000000
140818  45.257  31.340  8.226 0.0000000000
139064  46.244  30.785  12.735 0.0000000000
138283  45.684  30.386  13.099 0.0000000000
139045  46.885  30.526  13.669 0.0000000000
139031  49.834  30.109  15.416 0.0000000000
138231  49.590  29.085  15.203 0.0000000000
137436  48.817  28.200  15.095 0.0000000000
134973  47.306  25.855  15.175 0.0000000000
134972  48.019  25.830  15.037 0.0000000000
134989  47.601  25.198  14.517 0.0000000000
134253  46.465  24.197  13.408 0.0000000000
137485  52.821  28.389  11.893 0.0000000000
138265  41.049  29.999  15.143 0.0000000000
139046  42.024  31.037  14.831 0.0000000000
137441  43.319  28.699  15.482 0.0000000000
141703  45.356  32.627  4.371 0.0000000000
141688  45.024  33.454  4.953 0.0000000000
140831  42.879  32.446  6.265 0.0000000000
139998  39.831  30.781  7.424 0.0000000000
139960  38.852  31.546  10.943 0.0000000000
139946  38.880  31.437  11.924 0.0000000000
139071  39.399  31.176  13.472 0.0000000000
143088  39.389  35.954  19.899 0.0000000000
143817  40.395  36.366  20.866 0.0000000000
143815  41.493  37.226  21.886 0.0000000000
137417  51.917  28.293  16.517 0.0000000000
137433  52.150  28.015  15.946 0.0000000000
136607  52.229  27.327  15.667 0.0000000000
135776  52.150  26.442  15.121 0.0000000000
134230  52.708  24.516  14.156 0.0000000000
134217  51.387  24.927  14.915 0.0000000000
133488  52.551  23.851  14.701 0.0000000000
133477  53.288  23.430  15.239 0.0000000000
133464  53.749  22.989  15.624 0.0000000000
132746  54.658  22.161  16.967 0.0000000000
140785  43.926  32.822  10.335 0.0000000000
141608  44.192  33.279  11.613 0.0000000000
142431  43.711  34.070  11.774 0.0000000000
142372  45.390  34.013  14.871 0.0000000000
141559  45.405  33.621  15.491 0.0000000000
141547  46.426  33.063  16.279 0.0000000000
143014  42.696  35.570  25.879 0.0000000000
141448  42.823  33.930  24.619 0.0000000000
142254  43.773  33.978  25.412 0.0000000000
141445  45.396  33.536  25.743 0.0000000000
161739  45.279  34.620  27.602 0.0000000000
141425  45.536  34.303  26.584 0.0000000000
141423  47.156  33.800  26.107 0.0000000000
141442  48.218  33.857  25.423 0.0000000000
142250  48.779  34.385  25.779 0.0000000000
142248  50.118  34.402  25.224 0.0000000000
142236  49.874  34.490  26.016 0.0000000000
141420  50.134  33.674  26.188 0.0000000000
140579  49.876  32.739  26.811 0.0000000000
140580  48.806  32.845  26.730 0.0000000000
139774  50.019  31.978  26.337 0.0000000000
139791  49.488  31.196  26.015 0.0000000000
138944  49.804  30.250  25.715 0.0000000000
138141  50.042  29.274  25.620 0.0000000000
148595  42.018  44.132  14.408 0.0000000000
145959  45.320  39.583  17.562 0.0000000000
147279  44.736  41.604  18.061 0.0000000000
145968  45.850  39.840  17.348 0.0000000000
146644  45.889  40.515  16.618 0.0000000000
147305  45.261  41.245  15.310 0.0000000000
146691  44.094  40.788  13.118 0.0000000000
147338  46.234  41.495  12.841 0.0000000000
146700  46.814  41.052  12.133 0.0000000000
146711  47.302  40.671  11.365 0.0000000000
146043  47.314  39.438  10.296 0.0000000000
145333  46.974  38.495  10.127 0.0000000000
144637  46.222  37.666  9.476 0.0000000000
143225  44.459  35.779  9.216 0.0000000000
142457  44.615  35.141  8.689 0.0000000000
141632  43.805  33.600  9.473 0.0000000000
141569  48.567  33.522  14.105 0.0000000000
140737  48.520  32.790  14.451 0.0000000000
141566  51.585  33.334  13.850 0.0000000000
140732  51.199  31.811  15.038 0.0000000000
161697  51.291  30.590  15.343 0.0000000000
138257  50.909  29.259  14.621 0.0000000000
137462  50.860  28.626  14.250 0.0000000000
135830  52.077  26.006  7.024 0.0000000000
135824  51.709  26.533  7.564 0.0000000000
135046  51.471  25.668  7.376 0.0000000000
134222  39.185  24.622  15.191 0.0000000000
134240  40.336  24.364  13.925 0.0000000000
146051  48.671  39.664  8.962 0.0000000000
146056  48.014  39.367  8.560 0.0000000000
142499  44.363  34.485  5.528 0.0000000000
143884  42.052  36.597  12.833 0.0000000000
142408  42.432  35.268  13.440 0.0000000000
143159  41.759  35.504  13.802 0.0000000000
141552  41.230  33.720  16.017 0.0000000000
142327  41.099  34.438  18.974 0.0000000000
141508  40.957  33.495  19.102 0.0000000000
141501  41.284  33.381  20.147 0.0000000000
142280  41.688  34.079  22.552 0.0000000000
142279  41.951  34.168  23.211 0.0000000000
143764  42.596  36.658  25.812 0.0000000000
144420  42.857  36.974  27.714 0.0000000000
143726  43.279  36.613  28.567 0.0000000000
147308  36.790  41.948  15.494 0.0000000000
146666  36.137  40.975  15.216 0.0000000000
146665  37.203  40.871  15.225 0.0000000000
147306  38.608  41.706  15.638 0.0000000000
147294  40.132  41.568  16.297 0.0000000000
147282  41.501  41.463  17.212 0.0000000000
147281  42.543  41.433  17.461 0.0000000000
144567  40.278  37.454  17.502 0.0000000000
145963  41.657  39.338  17.152 0.0000000000
146632  42.066  40.395  17.417 0.0000000000
146631  43.153  40.383  17.588 0.0000000000
145960  44.623  39.446  17.771 0.0000000000
145970  44.587  39.123  16.681 0.0000000000
146001  43.441  39.537  15.055 0.0000000000
144593  43.311  37.816  16.538 0.0000000000
145987  43.080  39.062  15.307 0.0000000000
146002  42.721  39.524  14.518 0.0000000000
145311  41.876  39.017  12.956 0.0000000000
145316  41.908  38.436  12.141 0.0000000000
140723  52.591  32.998  15.868 0.0000000000
161703  53.359  33.044  14.936 0.0000000000
161699  52.820  32.321  15.509 0.0000000000
137474  53.518  29.316  13.355 0.0000000000
137460  53.605  29.433  14.790 0.0000000000
137480  53.121  28.619  12.480 0.0000000000
136650  53.103  27.481  9.952 0.0000000000
135813  53.233  26.507  9.107 0.0000000000
136624  52.677  27.503  14.831 0.0000000000
136630  53.259  26.729  13.360 0.0000000000
135790  53.420  26.184  12.665 0.0000000000
134265  54.044  24.493  12.574 0.0000000000
135015  53.738  25.318  12.021 0.0000000000
135029  53.482  25.529  9.561 0.0000000000
135036  53.209  25.505  8.404 0.0000000000
134326  52.830  24.472  7.360 0.0000000000
139956  42.554  31.982  10.593 0.0000000000
139927  43.093  31.884  11.794 0.0000000000
139941  43.396  31.729  11.295 0.0000000000
139104  44.285  31.212  11.271 0.0000000000
139086  45.609  30.904  11.679 0.0000000000
139085  45.992  31.060  12.011 0.0000000000
140748  47.459  32.728  13.707 0.0000000000
140762  45.752  32.623  12.560 0.0000000000
141585  45.711  33.460  13.163 0.0000000000
140750  46.076  32.864  13.167 0.0000000000
140749  46.646  32.765  13.372 0.0000000000
140747  48.122  33.051  14.002 0.0000000000
141581  48.938  34.109  13.948 0.0000000000
142400  49.390  34.714  13.983 0.0000000000
143157  50.744  35.564  14.720 0.0000000000
143158  50.320  35.770  15.112 0.0000000000
143144  50.973  36.001  15.478 0.0000000000
143134  51.783  36.029  15.999 0.0000000000
143123  52.122  35.703  16.334 0.0000000000
141529  52.243  34.513  16.723 0.0000000000
142393  42.131  34.794  14.047 0.0000000000
142374  42.826  33.887  14.796 0.0000000000
141550  43.396  33.039  15.920 0.0000000000
140705  42.301  31.973  18.323 0.0000000000
140719  43.406  32.263  17.429 0.0000000000
140727  44.457  32.608  16.736 0.0000000000
140717  45.432  32.302  17.667 0.0000000000
140716  46.349  32.429  17.903 0.0000000000
141478  43.198  33.024  23.674 0.0000000000
140652  43.607  32.274  22.561 0.0000000000
139844  44.891  31.699  21.587 0.0000000000
140650  45.488  32.102  22.734 0.0000000000
139843  45.826  31.690  21.602 0.0000000000
139857  45.651  31.535  20.841 0.0000000000
139883  46.142  31.663  19.476 0.0000000000
140701  46.434  32.019  18.750 0.0000000000
140715  47.386  32.610  18.085 0.0000000000
141532  48.517  33.260  17.903 0.0000000000
141531  49.395  33.965  18.384 0.0000000000
141507  48.849  33.437  19.748 0.0000000000
141517  49.499  33.898  19.274 0.0000000000
142337  50.055  34.536  18.914 0.0000000000
142336  50.769  34.790  18.622 0.0000000000
142335  51.369  34.582  18.146 0.0000000000
141530  51.985  34.059  17.075 0.0000000000
141515  51.238  33.534  18.329 0.0000000000
140712  51.643  32.167  17.312 0.0000000000
139890  51.124  31.786  17.889 0.0000000000
139889  51.494  30.978  17.701 0.0000000000
139881  51.467  30.559  18.091 0.0000000000
139023  51.533  30.180  18.374 0.0000000000
138218  51.905  29.535  17.934 0.0000000000
140624  49.948  32.743  23.832 0.0000000000
139834  49.624  31.491  22.432 0.0000000000
138978  50.484  30.773  23.280 0.0000000000
138995  50.234  30.663  22.464 0.0000000000
139014  50.026  31.021  21.059 0.0000000000
139853  50.350  30.734  20.091 0.0000000000
139021  50.685  30.225  19.711 0.0000000000
138214  51.391  29.500  18.497 0.0000000000
137395  50.981  29.058  18.465 0.0000000000
137406  50.592  28.282  17.923 0.0000000000
136571  49.955  28.020  18.109 0.0000000000
149300  45.704  45.116  10.116 0.0000000000
148646  45.279  44.231  11.578 0.0000000000
149288  45.693  45.081  11.024 0.0000000000
149881  46.476  46.042  11.629 0.0000000000
149278  46.348  44.997  11.955 0.0000000000
148644  46.766  43.145  11.694 0.0000000000
149246  41.478  44.647  15.274 0.0000000000
149245  42.722  45.125  15.282 0.0000000000
147899  44.045  42.742  18.026 0.0000000000
148563  43.432  43.741  17.593 0.0000000000
148554  46.537  43.341  18.406 0.0000000000
149859  43.640  45.649  15.366 0.0000000000
149244  44.015  45.000  14.695 0.0000000000
149242  45.553  44.920  14.445 0.0000000000
148590  46.946  43.163  14.025 0.0000000000
148607  46.212  44.022  13.432 0.0000000000
148626  47.238  43.161  12.133 0.0000000000
147987  47.265  42.783  11.408 0.0000000000
147986  48.331  42.489  11.347 0.0000000000
147354  49.636  40.757  10.156 0.0000000000
146696  50.907  41.080  12.027 0.0000000000
146719  49.721  40.522  10.402 0.0000000000
146054  49.441  38.680  8.813 0.0000000000
145346  49.333  37.224  8.330 0.0000000000
143243  48.007  36.872  8.177 0.0000000000
145332  47.864  38.738  10.070 0.0000000000
145348  48.104  38.071  9.640 0.0000000000
143930  47.405  37.008  8.497 0.0000000000
142476  45.483  34.596  7.284 0.0000000000
141687  45.990  33.590  5.400 0.0000000000
140026  45.902  31.121  4.239 0.0000000000
139171  44.713  30.703  5.750 0.0000000000
139159  43.619  30.722  6.492 0.0000000000
139128  45.074  30.624  7.952 0.0000000000
139143  43.533  30.807  7.359 0.0000000000
139131  42.358  31.397  7.976 0.0000000000
139983  42.098  31.696  8.657 0.0000000000
139969  41.821  31.956  9.530 0.0000000000
138285  44.261  30.016  13.666 0.0000000000
138284  45.133  30.116  13.314 0.0000000000
138261  44.928  29.748  14.187 0.0000000000
138262  44.053  29.544  14.471 0.0000000000
137466  44.642  29.249  14.970 0.0000000000
136613  44.736  27.720  15.752 0.0000000000
139902  48.681  31.814  14.803 0.0000000000
139033  48.086  30.588  14.996 0.0000000000
138233  47.633  29.818  15.051 0.0000000000
134991  45.805  25.240  14.870 0.0000000000
134235  45.228  24.684  14.276 0.0000000000
134256  43.977  23.862  13.851 0.0000000000
161704  53.879  32.893  13.583 0.0000000000
161708  53.835  32.214  12.658 0.0000000000
139084  52.820  31.171  12.866 0.0000000000
138303  52.714  28.987  12.361 0.0000000000
138295  52.538  29.771  12.742 0.0000000000
138296  51.872  29.229  13.077 0.0000000000
137476  51.327  28.424  13.426 0.0000000000
136625  50.355  27.198  13.956 0.0000000000
135814  51.558  26.459  8.479 0.0000000000
135805  51.523  26.370  9.800 0.0000000000
135016  51.080  26.048  10.882 0.0000000000
161556  50.081  24.500  10.701 0.0000000000
134266  50.534  25.656  11.597 0.0000000000
135009  50.117  25.957  12.496 0.0000000000
135787  50.012  26.356  13.020 0.0000000000
135779  49.777  26.579  13.808 0.0000000000
135001  48.866  25.239  13.737 0.0000000000
134270  47.143  23.957  12.884 0.0000000000
132713  51.885  22.472  19.569 0.0000000000
132712  53.002  22.607  19.483 0.0000000000
132678  53.827  22.597  21.376 0.0000000000
132711  53.964  22.450  19.262 0.0000000000
131976  54.579  22.080  16.683 0.0000000000
131996  54.521  21.902  13.395 0.0000000000
131997  53.864  21.826  13.900 0.0000000000
132010  53.610  22.196  13.048 0.0000000000
132022  54.032  22.208  12.471 0.0000000000
132023  53.882  22.175  12.670 0.0000000000
132677  54.417  22.219  21.120 0.0000000000
132696  53.896  22.519  20.309 0.0000000000
132725  52.008  22.425  18.600 0.0000000000
132726  50.766  22.573  18.516 0.0000000000
132735  55.168  22.182  17.778 0.0000000000
132736  54.882  22.198  17.450 0.0000000000
132738  53.268  22.505  17.598 0.0000000000
132739  52.025  22.502  17.486 0.0000000000
132747  54.187  22.428  16.333 0.0000000000
132748  53.313  22.559  16.749 0.0000000000
132755  54.768  22.745  14.522 0.0000000000
132764  54.639  22.421  12.869 0.0000000000
132766  52.712  22.354  12.835 0.0000000000
132774  54.297  22.396  12.113 0.0000000000
132775  53.585  22.333  12.348 0.0000000000
132776  52.826  22.428  12.322 0.0000000000
132791  54.169  22.608  11.527 0.0000000000
132792  53.783  22.502  11.657 0.0000000000
133456  50.770  23.130  17.368 0.0000000000
133466  52.122  22.968  16.306 0.0000000000
133476  54.116  23.117  15.054 0.0000000000
133478  52.430  23.513  15.415 0.0000000000
133485  54.498  23.136  13.939 0.0000000000
133486  53.908  23.596  14.152 0.0000000000
133487  53.317  23.762  14.548 0.0000000000
133489  51.872  23.866  14.860 0.0000000000
133498  54.605  23.149  13.099 0.0000000000
133520  44.454  23.054  12.318 0.0000000000
133532  54.002  22.763  11.157 0.0000000000
133533  53.384  22.881  11.286 0.0000000000
133546  54.277  23.254  10.933 0.0000000000
133547  54.147  23.142  10.810 0.0000000000
134207  50.338  24.711  15.774 0.0000000000
134208  49.901  24.402  16.379 0.0000000000
134218  50.859  24.586  15.248 0.0000000000
134231  51.938  24.623  14.594 0.0000000000
134232  51.395  24.282  14.874 0.0000000000
134236  44.356  24.561  14.341 0.0000000000
134247  54.305  23.901  13.041 0.0000000000
134249  53.161  24.701  13.788 0.0000000000
134251  48.440  24.579  13.343 0.0000000000
134252  47.527  24.482  13.615 0.0000000000
134264  54.430  23.695  12.320 0.0000000000
134279  54.145  24.328  11.617 0.0000000000
134285  54.354  23.338  11.116 0.0000000000
134287  53.727  23.510  10.621 0.0000000000
134318  53.093  24.721  7.964 0.0000000000
134963  49.759  25.431  16.609 0.0000000000
134970  51.283  25.538  15.309 0.0000000000
134971  50.791  25.495  15.725 0.0000000000
134985  52.323  25.503  14.413 0.0000000000
134988  48.531  25.670  14.482 0.0000000000
134998  53.195  25.070  13.428 0.0000000000
135000  49.584  25.638  13.250 0.0000000000
135008  50.506  26.229  12.072 0.0000000000
135040  53.115  25.302  7.248 0.0000000000
135041  52.580  25.493  6.728 0.0000000000
135044  52.640  24.790  6.774 0.0000000000
135737  49.397  26.508  17.230 0.0000000000
135750  51.023  26.814  16.531 0.0000000000
135751  50.370  26.565  16.678 0.0000000000
135763  47.947  26.532  15.356 0.0000000000
135777  51.646  26.029  15.302 0.0000000000
135778  50.138  26.864  13.735 0.0000000000
135780  49.065  26.596  14.539 0.0000000000
135786  50.279  26.853  13.372 0.0000000000
135791  50.491  26.655  12.547 0.0000000000
135792  50.176  26.327  12.693 0.0000000000
135797  51.194  26.416  10.839 0.0000000000
135798  50.959  26.649  11.600 0.0000000000
135822  52.843  26.334  7.983 0.0000000000
135823  52.231  26.516  7.545 0.0000000000
135829  52.605  25.947  7.179 0.0000000000
135831  51.790  26.070  7.171 0.0000000000
135834  51.795  25.852  7.060 0.0000000000
135835  51.610  25.909  7.206 0.0000000000
136581  50.880  27.924  17.301 0.0000000000
136582  50.259  27.580  17.559 0.0000000000
136608  51.825  27.517  16.195 0.0000000000
136659  51.853  26.937  8.159 0.0000000000
136665  51.930  26.911  7.852 0.0000000000
136666  51.723  26.813  7.766 0.0000000000
137404  52.176  29.207  17.560 0.0000000000
137463  50.262  27.989  14.675 0.0000000000
137464  49.444  27.761  14.932 0.0000000000
137465  49.003  27.610  14.992 0.0000000000
137471  40.431  29.236  15.383 0.0000000000
137477  50.779  27.933  13.914 0.0000000000
137487  51.906  28.241  11.981 0.0000000000
138139  52.068  28.713  25.949 0.0000000000
138164  52.388  29.576  23.889 0.0000000000
138185  52.474  29.326  23.117 0.0000000000
138229  53.336  29.321  16.169 0.0000000000
138230  50.081  28.855  15.139 0.0000000000
138237  42.650  29.312  15.200 0.0000000000
138256  51.320  30.036  14.793 0.0000000000
138258  50.443  28.804  14.802 0.0000000000
138312  40.081  29.743  8.688 0.0000000000
138314  39.185  29.963  8.609 0.0000000000
138319  41.121  29.914  7.833 0.0000000000
138320  40.460  29.357  8.069 0.0000000000
138322  39.386  29.782  8.400 0.0000000000
138328  40.502  29.605  7.528 0.0000000000
138329  40.091  29.356  7.724 0.0000000000
138976  52.084  30.068  24.115 0.0000000000
138992  52.446  29.485  22.465 0.0000000000
139026  52.364  30.468  16.966 0.0000000000
139027  51.955  30.155  17.803 0.0000000000
139043  48.395  31.021  15.025 0.0000000000
139092  39.031  31.303  12.767 0.0000000000
139103  44.939  30.834  11.083 0.0000000000
139130  43.493  31.269  7.956 0.0000000000
139132  41.280  31.003  8.077 0.0000000000
139134  39.520  29.736  7.922 0.0000000000
139135  39.220  30.052  8.242 0.0000000000
139141  45.218  30.596  7.137 0.0000000000
139142  44.410  30.541  7.291 0.0000000000
139144  42.639  31.156  7.429 0.0000000000
139145  41.415  31.075  7.630 0.0000000000
139147  39.819  29.850  7.606 0.0000000000
139148  39.443  29.966  7.854 0.0000000000
139155  47.255  30.719  5.526 0.0000000000
139156  46.367  30.588  5.859 0.0000000000
139157  45.446  30.512  6.225 0.0000000000
139160  42.760  30.911  6.894 0.0000000000
139161  42.233  31.111  7.221 0.0000000000
139167  48.254  30.828  4.387 0.0000000000
139168  47.569  30.516  4.602 0.0000000000
139170  45.664  30.616  5.087 0.0000000000
139172  44.152  30.700  6.111 0.0000000000
139178  48.238  30.898  3.714 0.0000000000
139179  47.847  30.467  3.814 0.0000000000
139180  46.922  30.457  3.863 0.0000000000
139181  46.319  30.646  4.512 0.0000000000
139190  48.146  31.031  3.376 0.0000000000
139191  47.907  30.766  3.358 0.0000000000
139192  47.572  30.595  3.498 0.0000000000
139794  47.004  31.131  25.554 0.0000000000
139831  50.411  31.504  23.945 0.0000000000
139835  46.357  32.001  22.147 0.0000000000
139836  46.026  31.885  22.174 0.0000000000
139837  45.355  31.829  22.141 0.0000000000
139841  46.906  32.017  21.622 0.0000000000
139846  43.366  31.676  21.121 0.0000000000
139854  50.046  31.447  20.533 0.0000000000
139855  46.976  31.874  21.315 0.0000000000
139858  44.773  31.532  20.677 0.0000000000
139860  43.074  31.570  20.492 0.0000000000
139871  46.447  31.593  20.167 0.0000000000
139872  45.523  31.521  20.016 0.0000000000
139873  44.661  31.496  19.851 0.0000000000
139887  42.845  31.689  18.891 0.0000000000
139893  50.836  31.014  15.728 0.0000000000
139900  50.445  31.689  15.305 0.0000000000
139915  40.445  31.494  13.283 0.0000000000
139942  42.507  32.155  11.360 0.0000000000
139979  45.306  30.813  8.245 0.0000000000
139993  46.214  31.420  6.937 0.0000000000
139995  45.414  30.977  8.392 0.0000000000
140003  47.571  31.401  5.941 0.0000000000
140004  46.868  30.966  6.398 0.0000000000
140008  42.115  31.323  6.921 0.0000000000
140012  48.291  31.656  4.847 0.0000000000
140014  45.422  31.093  4.708 0.0000000000
140016  43.840  31.177  5.775 0.0000000000
140017  43.273  31.309  5.954 0.0000000000
140024  48.294  31.442  4.135 0.0000000000
140025  46.685  31.416  3.623 0.0000000000
140027  45.363  31.366  4.582 0.0000000000
140038  48.166  31.357  3.646 0.0000000000
140039  47.873  31.273  3.326 0.0000000000
140040  47.370  30.943  3.231 0.0000000000
140578  50.209  32.445  26.171 0.0000000000
140602  46.289  32.948  25.136 0.0000000000
140603  46.001  32.714  25.237 0.0000000000
140626  45.856  32.641  24.446 0.0000000000
140636  50.047  32.137  23.779 0.0000000000
140637  49.685  32.405  23.224 0.0000000000
140638  47.307  32.918  23.502 0.0000000000
140641  44.801  32.361  23.432 0.0000000000
140642  43.885  32.570  23.387 0.0000000000
140647  47.914  33.099  22.753 0.0000000000
140654  42.126  32.652  21.974 0.0000000000
140657  50.171  33.235  21.085 0.0000000000
140661  46.752  32.127  22.038 0.0000000000
140662  44.082  31.906  21.972 0.0000000000
140663  43.377  31.980  21.812 0.0000000000
140665  41.913  32.608  21.239 0.0000000000
140669  50.197  33.099  20.649 0.0000000000
140670  50.037  32.322  20.313 0.0000000000
140683  50.085  32.227  19.943 0.0000000000
140697  51.235  32.785  17.988 0.0000000000
140704  43.511  31.853  18.180 0.0000000000
140706  41.361  32.666  18.229 0.0000000000
140713  51.178  32.162  17.826 0.0000000000
140714  48.077  32.750  18.593 0.0000000000
140724  47.076  32.745  17.379 0.0000000000
140726  45.446  32.573  16.845 0.0000000000
140728  43.452  32.710  16.668 0.0000000000
140746  52.219  33.052  13.549 0.0000000000
140773  45.692  32.152  11.741 0.0000000000
140775  42.331  32.302  11.304 0.0000000000
140786  42.324  32.336  11.089 0.0000000000
140787  42.069  32.497  10.909 0.0000000000
140816  46.295  32.372  6.867 0.0000000000
140827  48.095  32.714  5.706 0.0000000000
140828  47.625  32.339  5.972 0.0000000000
140832  42.118  32.035  6.562 0.0000000000
140839  48.229  32.507  5.261 0.0000000000
140840  48.060  31.938  5.547 0.0000000000
140843  43.294  31.862  5.839 0.0000000000
140853  48.171  32.319  4.470 0.0000000000
140854  47.520  32.513  4.112 0.0000000000
140855  46.749  32.366  3.922 0.0000000000
140856  45.961  32.083  4.005 0.0000000000
140857  45.310  31.860  4.410 0.0000000000
140868  48.192  31.740  3.959 0.0000000000
140869  47.938  31.856  3.745 0.0000000000
141443  47.526  33.542  25.402 0.0000000000
141444  46.546  33.223  25.454 0.0000000000
141459  49.915  33.036  23.510 0.0000000000
141461  47.942  33.560  24.711 0.0000000000
141463  44.312  32.934  24.360 0.0000000000
141464  43.750  33.115  24.201 0.0000000000
141465  42.929  33.508  24.178 0.0000000000
141474  50.147  33.289  22.946 0.0000000000
141475  48.484  33.831  24.159 0.0000000000
141477  47.131  33.123  23.997 0.0000000000
141484  50.579  34.029  22.399 0.0000000000
141487  47.780  33.191  23.242 0.0000000000
141488  42.085  33.009  22.575 0.0000000000
141489  41.706  33.294  22.049 0.0000000000
141493  50.179  33.293  21.542 0.0000000000
141495  41.568  33.346  21.091 0.0000000000
141506  49.499  34.039  20.070 0.0000000000
141509  40.810  33.909  18.691 0.0000000000
141520  40.853  34.070  18.421 0.0000000000
141534  41.910  32.914  16.890 0.0000000000
141535  41.214  33.517  17.050 0.0000000000
141543  52.332  33.789  16.463 0.0000000000
141546  47.437  33.142  16.620 0.0000000000
141555  53.083  33.922  15.541 0.0000000000
141560  44.407  33.583  15.283 0.0000000000
141561  43.223  33.553  15.252 0.0000000000
141562  42.086  33.619  15.279 0.0000000000
141568  49.273  33.626  14.200 0.0000000000
141576  54.023  32.483  12.810 0.0000000000
141577  53.654  33.068  12.903 0.0000000000
141579  52.310  33.605  13.467 0.0000000000
141584  46.383  33.494  13.476 0.0000000000
141596  53.786  32.558  12.609 0.0000000000
141598  53.609  32.404  12.620 0.0000000000
141647  44.054  34.108  8.961 0.0000000000
141656  46.303  32.890  6.800 0.0000000000
141668  48.181  32.993  5.773 0.0000000000
141669  47.937  33.011  5.941 0.0000000000
141684  48.171  33.025  5.584 0.0000000000
141685  47.766  33.292  5.612 0.0000000000
141686  46.968  33.358  5.521 0.0000000000
141699  48.163  33.016  5.179 0.0000000000
141700  47.709  33.171  4.860 0.0000000000
141701  46.880  33.138  4.626 0.0000000000
141702  45.994  32.984  4.397 0.0000000000
142221  48.449  34.670  27.817 0.0000000000
142223  46.672  34.512  26.920 0.0000000000
142240  46.912  34.182  26.452 0.0000000000
142249  49.574  34.563  25.552 0.0000000000
142251  47.960  34.084  26.025 0.0000000000
142252  44.841  34.281  26.441 0.0000000000
142253  44.439  33.961  25.755 0.0000000000
142255  42.944  34.419  25.161 0.0000000000
142265  49.778  34.567  24.413 0.0000000000
142276  50.579  34.848  22.790 0.0000000000
142291  41.645  34.104  21.763 0.0000000000
142300  50.458  34.627  21.152 0.0000000000
142302  49.341  34.570  21.597 0.0000000000
142314  49.815  34.529  20.532 0.0000000000
142315  49.566  34.518  21.041 0.0000000000
142316  41.293  34.327  19.949 0.0000000000
142328  40.844  34.151  18.715 0.0000000000
142338  41.076  34.468  18.066 0.0000000000
142339  40.960  34.285  18.551 0.0000000000
142344  52.292  35.063  16.621 0.0000000000
142346  51.000  35.265  17.965 0.0000000000
142348  40.899  34.563  16.845 0.0000000000
142375  42.071  34.123  14.673 0.0000000000
142376  41.125  34.765  14.956 0.0000000000
142390  45.317  34.030  14.248 0.0000000000
142394  41.273  35.307  14.319 0.0000000000
142398  52.618  33.869  13.352 0.0000000000
142418  44.029  34.190  12.387 0.0000000000
142456  44.888  35.245  8.390 0.0000000000
142477  45.261  34.899  7.079 0.0000000000
142488  44.970  34.829  6.234 0.0000000000
142993  48.353  34.871  27.961 0.0000000000
142995  43.338  36.143  28.257 0.0000000000
143004  48.431  34.828  27.680 0.0000000000
143006  47.596  34.790  27.038 0.0000000000
143039  50.517  35.225  22.485 0.0000000000
143040  50.363  35.186  22.675 0.0000000000
143042  41.857  34.570  22.857 0.0000000000
143058  50.682  35.223  22.196 0.0000000000
143059  50.324  35.281  22.397 0.0000000000
143061  41.821  34.770  22.351 0.0000000000
143072  50.776  35.140  21.711 0.0000000000
143074  43.053  36.200  20.937 0.0000000000
143076  41.855  34.921  21.496 0.0000000000
143077  40.258  36.239  21.278 0.0000000000
143085  43.278  36.183  20.076 0.0000000000
143086  42.657  35.586  20.315 0.0000000000
143096  43.272  36.311  19.259 0.0000000000
143099  39.343  36.028  19.361 0.0000000000
143124  51.827  35.868  16.836 0.0000000000
143127  42.550  36.205  17.954 0.0000000000
143142  52.418  35.217  14.505 0.0000000000
143145  50.236  35.669  15.723 0.0000000000
143146  40.884  35.899  15.013 0.0000000000
143147  40.819  36.325  14.774 0.0000000000
143155  52.268  34.995  13.898 0.0000000000
143160  41.188  36.007  14.172 0.0000000000
143161  40.912  36.178  14.584 0.0000000000
143171  42.115  35.961  13.272 0.0000000000
143172  41.627  35.988  13.735 0.0000000000
143185  42.626  36.008  12.404 0.0000000000
143233  48.495  36.922  8.496 0.0000000000
143727  42.910  36.812  28.044 0.0000000000
143740  42.935  36.457  27.656 0.0000000000
143816  40.925  36.599  21.366 0.0000000000
143821  42.966  37.188  20.569 0.0000000000
143824  40.211  36.334  20.189 0.0000000000
143828  43.161  36.784  19.833 0.0000000000
143833  39.354  36.107  18.967 0.0000000000
143838  43.299  36.783  18.988 0.0000000000
143839  43.297  36.583  18.571 0.0000000000
143840  40.514  36.708  18.769 0.0000000000
143841  39.803  36.360  18.539 0.0000000000
143852  43.289  36.932  18.495 0.0000000000
143867  42.647  36.803  17.419 0.0000000000
143868  41.860  36.477  16.828 0.0000000000
143871  41.107  36.559  15.838 0.0000000000
143875  41.083  36.328  14.006 0.0000000000
143879  41.860  36.354  13.254 0.0000000000
143881  40.880  36.934  13.864 0.0000000000
143885  41.614  37.168  13.074 0.0000000000
143892  43.018  36.613  11.043 0.0000000000
143917  48.013  37.316  9.110 0.0000000000
144404  43.530  37.484  28.918 0.0000000000
144419  43.267  37.465  27.859 0.0000000000
144432  43.268  37.836  26.795 0.0000000000
144433  42.874  37.080  27.196 0.0000000000
144447  43.256  37.990  25.836 0.0000000000
144521  44.267  38.443  22.701 0.0000000000
144522  44.061  37.821  22.363 0.0000000000
144533  43.312  37.530  21.629 0.0000000000
144534  42.806  37.851  21.590 0.0000000000
144535  42.178  37.736  21.661 0.0000000000
144541  42.828  37.427  21.159 0.0000000000
144548  42.645  37.236  19.336 0.0000000000
144550  41.118  37.187  18.905 0.0000000000
144557  42.459  37.505  18.750 0.0000000000
144559  40.792  37.314  18.320 0.0000000000
144564  43.378  37.445  18.014 0.0000000000
144565  43.048  37.241  17.608 0.0000000000
144594  42.434  37.717  15.957 0.0000000000
144595  41.306  37.480  15.359 0.0000000000
144596  40.755  37.149  14.723 0.0000000000
144599  40.795  37.172  14.160 0.0000000000
144602  41.160  37.456  13.709 0.0000000000
144603  40.887  37.195  13.902 0.0000000000
144606  41.961  37.403  12.336 0.0000000000
144615  46.927  38.021  10.106 0.0000000000
144616  46.513  38.028  10.009 0.0000000000
144617  45.789  38.111  9.780 0.0000000000
144618  43.911  37.871  10.069 0.0000000000
144634  49.391  36.683  8.440 0.0000000000
144635  49.027  36.903  8.573 0.0000000000
144639  44.172  37.603  9.707 0.0000000000
144657  49.039  36.601  8.093 0.0000000000
144658  46.565  38.260  7.998 0.0000000000
144675  46.963  37.940  7.727 0.0000000000
145238  43.064  38.740  22.566 0.0000000000
145249  43.796  38.137  22.030 0.0000000000
145251  42.530  38.279  22.090 0.0000000000
145271  42.810  37.863  18.319 0.0000000000
145277  44.687  39.059  17.305 0.0000000000
145279  43.132  38.492  17.891 0.0000000000
145289  44.717  38.980  16.995 0.0000000000
145306  41.391  38.009  14.858 0.0000000000
145309  41.423  38.225  14.280 0.0000000000
145312  41.534  38.363  13.423 0.0000000000
145317  41.687  38.434  12.832 0.0000000000
145324  42.306  38.374  11.486 0.0000000000
145335  44.981  38.352  10.055 0.0000000000
145336  44.078  38.245  10.226 0.0000000000
145337  43.544  38.324  10.562 0.0000000000
145349  47.560  38.250  9.923 0.0000000000
145912  44.147  39.011  22.961 0.0000000000
145958  45.698  40.023  17.675 0.0000000000
145985  44.759  39.573  16.347 0.0000000000
145986  43.981  39.281  15.887 0.0000000000
146011  42.649  39.867  13.372 0.0000000000
146019  43.991  40.158  12.027 0.0000000000
146021  42.385  39.462  12.204 0.0000000000
146029  48.977  40.201  10.696 0.0000000000
146031  47.772  40.140  10.737 0.0000000000
146035  43.153  39.337  11.492 0.0000000000
146044  46.344  39.276  10.512 0.0000000000
146046  44.494  38.904  10.625 0.0000000000
146629  45.295  40.432  17.878 0.0000000000
146630  44.244  40.400  17.781 0.0000000000
146643  46.420  41.173  16.856 0.0000000000
146647  39.233  40.522  16.013 0.0000000000
146660  45.387  40.934  15.885 0.0000000000
146661  44.681  40.338  15.495 0.0000000000
146667  35.145  40.990  15.435 0.0000000000
146683  42.889  40.017  14.075 0.0000000000
146692  43.414  40.363  13.389 0.0000000000
146693  43.064  40.157  13.827 0.0000000000
146701  45.850  40.835  12.289 0.0000000000
146707  51.102  40.927  11.364 0.0000000000
146709  49.278  40.512  11.089 0.0000000000
146714  44.740  40.380  11.933 0.0000000000
146717  51.166  40.959  10.972 0.0000000000
146718  50.661  40.898  10.863 0.0000000000
146724  49.510  40.153  9.668 0.0000000000
147267  46.613  42.521  18.429 0.0000000000
147268  46.216  42.558  18.571 0.0000000000
147276  47.235  42.298  17.319 0.0000000000
147278  45.881  41.884  18.223 0.0000000000
147283  40.745  41.147  16.847 0.0000000000
147290  47.362  42.152  16.903 0.0000000000
147291  46.916  41.726  16.895 0.0000000000
147295  39.284  41.662  15.840 0.0000000000
147302  47.321  42.132  16.466 0.0000000000
147304  45.935  41.534  15.804 0.0000000000
147307  37.792  41.803  15.569 0.0000000000
147310  34.830  41.886  15.650 0.0000000000
147311  33.968  41.757  15.580 0.0000000000
147324  51.246  42.202  12.309 0.0000000000
147325  51.007  42.232  12.588 0.0000000000
147326  50.098  42.092  12.935 0.0000000000
147330  45.547  41.645  13.643 0.0000000000
147331  44.696  41.241  13.471 0.0000000000
147333  51.306  41.725  12.310 0.0000000000
147336  48.432  41.558  12.599 0.0000000000
147340  44.658  40.915  12.795 0.0000000000
147342  51.310  41.479  11.717 0.0000000000
147343  51.193  41.576  11.348 0.0000000000
147345  51.252  41.194  11.229 0.0000000000
147347  50.173  41.111  10.520 0.0000000000
147355  49.234  40.621  9.868 0.0000000000
147888  46.972  42.941  18.812 0.0000000000
147889  46.313  42.987  18.857 0.0000000000
147890  45.693  43.126  18.869 0.0000000000
147895  47.335  42.664  17.350 0.0000000000
147896  47.248  42.787  18.023 0.0000000000
147898  45.120  42.789  18.587 0.0000000000
147907  41.465  42.656  16.865 0.0000000000
147908  40.594  42.730  16.434 0.0000000000
147916  47.242  42.539  15.767 0.0000000000
147918  38.933  42.397  15.859 0.0000000000
147920  37.477  42.969  15.775 0.0000000000
147934  46.991  42.424  14.222 0.0000000000
147944  51.413  42.104  12.263 0.0000000000
147945  51.151  42.328  12.092 0.0000000000
147950  42.300  42.775  13.144 0.0000000000
147964  51.409  42.013  12.025 0.0000000000
147965  50.983  42.357  11.839 0.0000000000
147966  49.974  42.330  11.925 0.0000000000
147968  47.963  42.904  11.788 0.0000000000
147971  41.404  42.371  12.417 0.0000000000
147983  51.265  41.890  11.633 0.0000000000
147984  50.539  41.890  11.360 0.0000000000
148001  50.424  41.464  10.901 0.0000000000
148555  45.751  43.570  18.605 0.0000000000
148559  47.208  43.016  17.108 0.0000000000
148568  46.451  43.249  16.481 0.0000000000
148574  39.328  43.955  16.348 0.0000000000
148581  45.587  43.729  15.719 0.0000000000
148582  45.101  44.447  15.948 0.0000000000
148592  45.590  44.224  14.670 0.0000000000
149280  45.393  44.388  11.232 0.0000000000
149866  46.110  45.618  13.019 0.0000000000
149874  45.742  45.522  12.368 0.0000000000
150439  45.856  46.067  12.806 0.0000000000
150440  45.740  45.870  12.608 0.0000000000
150448  46.156  46.238  12.554 0.0000000000
150449  45.840  46.068  12.345 0.0000000000
150457  46.324  46.219  12.192 0.0000000000
150458  46.072  46.239  12.053 0.0000000000
150467  46.525  46.535  9.926 0.0000000000
161563  52.977  23.560  10.868 0.0000000000
161566  50.981  26.073  11.138 0.0000000000
161567  51.318  26.088  7.903 0.0000000000
161570  52.789  24.203  9.316 0.0000000000
161695  52.938  32.575  15.423 0.0000000000
161696  50.777  30.223  15.421 0.0000000000
161700  53.301  32.438  14.814 0.0000000000
161701  53.053  32.862  15.312 0.0000000000
161705  53.806  32.081  13.344 0.0000000000
161706  53.854  31.926  12.537 0.0000000000
161707  53.180  33.143  15.216 0.0000000000
161709  53.666  33.191  14.218 0.0000000000
161710  53.935  31.815  12.756 0.0000000000
161731  45.554  34.503  26.968 0.0000000000
161734  43.985  35.748  29.054 0.0000000000
161741  45.993  35.543  29.907 0.0000000000
161743  43.466  36.763  29.204 0.0000000000
161749  48.658  36.451  8.330 0.0000000000
161753  47.788  37.411  7.824 0.0000000000
161754  48.847  37.209  8.770 0.0000000000
161755  47.924  37.756  7.777 0.0000000000
161756  48.234  37.914  7.862 0.0000000000
