#!ascii label  , from subject  vox2ras=TkReg coords=orig
354
99196  19.173  -9.119  -22.395 0.8750000000
101606  19.713  -7.988  -23.834 1.0000000000
100421  19.272  -8.581  -22.897 1.0000000000
100420  19.620  -8.985  -23.555 1.0000000000
101605  20.157  -7.649  -24.244 1.0000000000
101591  19.820  -7.388  -23.674 1.0000000000
102714  19.715  -6.274  -23.792 1.0000000000
100470  20.732  -8.146  -24.520 1.0000000000
100446  20.175  -8.660  -24.095 1.0000000000
100447  19.578  -8.427  -23.557 1.0000000000
103891  18.791  -5.071  -23.387 1.0000000000
101623  20.646  -7.570  -24.985 1.0000000000
102713  20.037  -6.699  -24.574 1.0000000000
102704  19.968  -6.929  -23.900 1.0000000000
100468  22.223  -8.140  -25.041 1.0000000000
100469  21.391  -8.149  -24.869 1.0000000000
105078  18.589  -4.410  -23.838 1.0000000000
103890  19.581  -5.414  -24.104 1.0000000000
102732  20.621  -6.758  -25.493 1.0000000000
103889  20.005  -6.028  -25.050 1.0000000000
103904  19.872  -5.198  -25.033 1.0000000000
102748  20.934  -6.259  -25.968 1.0000000000
101622  21.434  -7.500  -25.342 1.0000000000
102747  21.436  -6.160  -26.227 1.0000000000
102731  21.470  -6.830  -25.826 1.0000000000
106257  18.326  -3.386  -24.243 1.0000000000
107447  16.945  -2.985  -24.516 1.0000000000
105077  19.149  -4.456  -24.580 1.0000000000
103920  20.309  -4.996  -25.587 1.0000000000
105089  19.605  -4.428  -25.344 1.0000000000
103918  21.418  -5.543  -26.581 1.0000000000
102730  22.274  -6.462  -25.790 0.8750000000
108617  16.283  -1.958  -23.319 0.6250000000
108639  16.824  -2.013  -23.967 0.6250000000
107448  16.281  -2.700  -23.744 1.0000000000
107446  18.052  -2.825  -24.737 1.0000000000
106292  19.788  -3.568  -27.408 1.0000000000
107463  19.019  -2.970  -26.160 1.0000000000
106269  19.273  -3.555  -25.647 1.0000000000
106270  18.624  -3.253  -25.006 1.0000000000
105111  20.033  -4.269  -26.973 1.0000000000
105103  20.041  -4.467  -26.187 1.0000000000
105101  21.443  -4.948  -27.086 0.8750000000
105102  20.699  -4.859  -26.792 1.0000000000
103917  22.315  -5.626  -26.516 0.8750000000
109747  16.642  -1.182  -23.637 0.8750000000
109768  17.248  -1.362  -25.008 1.0000000000
108638  17.207  -1.900  -24.711 1.0000000000
107477  19.327  -2.736  -26.758 1.0000000000
107479  17.990  -2.030  -25.599 1.0000000000
107490  19.410  -2.426  -27.476 1.0000000000
105109  21.386  -4.488  -27.819 1.0000000000
105110  20.482  -4.449  -27.573 1.0000000000
106300  19.775  -3.247  -28.030 1.0000000000
105120  21.249  -3.997  -28.440 1.0000000000
110918  16.368  -0.396  -23.834 0.8750000000
109810  16.598  0.072  -25.778 1.0000000000
109790  17.176  -1.023  -25.434 1.0000000000
109769  17.057  -0.891  -24.484 1.0000000000
109840  18.519  -0.409  -28.195 1.0000000000
109822  18.233  -0.737  -27.705 1.0000000000
108702  20.084  -1.184  -28.671 1.0000000000
108692  18.764  -1.090  -27.862 1.0000000000
108681  18.539  -1.382  -27.293 1.0000000000
106306  21.263  -3.019  -29.185 1.0000000000
107509  20.054  -1.964  -28.506 1.0000000000
105119  21.653  -3.684  -28.548 0.8750000000
115487  16.207  4.782  -24.623 1.0000000000
114362  16.324  3.869  -24.975 0.8750000000
112097  16.153  1.571  -25.273 1.0000000000
111004  17.873  0.421  -28.074 1.0000000000
110986  17.568  0.330  -27.331 1.0000000000
116590  15.825  5.702  -25.696 1.0000000000
115501  16.247  4.770  -25.436 1.0000000000
114361  16.528  3.689  -25.725 1.0000000000
115500  16.580  4.368  -26.029 1.0000000000
112116  16.674  1.767  -26.092 1.0000000000
112131  17.549  1.191  -27.457 1.0000000000
111003  18.661  0.533  -28.615 1.0000000000
115519  15.989  4.937  -26.130 1.0000000000
114378  16.779  3.584  -26.424 1.0000000000
113328  18.225  2.194  -28.164 1.0000000000
113309  17.118  2.813  -26.794 1.0000000000
113308  17.569  2.261  -27.474 1.0000000000
116609  15.848  5.696  -26.330 1.0000000000
115518  16.567  4.381  -26.621 1.0000000000
114393  17.112  3.499  -27.177 1.0000000000
100445  21.216  -8.717  -24.385 1.0000000000
108682  17.810  -1.115  -26.721 1.0000000000
99164  19.441  -9.224  -21.319 0.7500000000
99176  19.605  -9.437  -22.023 1.0000000000
99215  20.188  -9.307  -23.625 1.0000000000
99214  20.987  -9.285  -23.886 1.0000000000
100444  22.126  -8.662  -24.480 1.0000000000
101620  23.204  -7.330  -25.122 0.8750000000
103916  22.931  -5.258  -26.780 0.8750000000
103902  22.823  -6.027  -25.885 0.8750000000
105107  22.784  -3.782  -27.506 0.8750000000
110938  15.645  1.014  -24.089 0.6250000000
107508  20.595  -2.148  -28.925 1.0000000000
105108  22.241  -4.096  -28.061 0.8750000000
116576  16.067  5.644  -25.105 0.8750000000
113256  15.867  3.028  -24.125 0.8750000000
111002  19.438  0.462  -28.781 1.0000000000
111019  19.975  0.793  -29.225 1.0000000000
112165  19.547  1.287  -29.074 1.0000000000
117675  15.883  6.460  -25.482 1.0000000000
118746  16.196  7.555  -26.028 0.8750000000
118761  16.182  6.767  -26.849 1.0000000000
115534  16.635  4.593  -27.304 1.0000000000
114392  17.673  2.975  -27.760 1.0000000000
123091  19.705  11.100  -27.287 0.5000000000
99177  19.091  -9.090  -21.818 0.7500000000
99195  19.755  -9.410  -22.917 1.0000000000
103903  20.475  -5.793  -25.545 1.0000000000
103919  20.802  -5.440  -26.148 1.0000000000
102746  21.853  -6.014  -26.381 1.0000000000
106256  19.049  -3.783  -24.927 1.0000000000
102729  23.361  -6.449  -25.298 0.8750000000
107465  17.639  -2.375  -25.073 1.0000000000
106291  19.953  -3.996  -28.148 1.0000000000
107464  18.468  -2.708  -25.473 1.0000000000
105100  22.283  -4.838  -27.200 0.8750000000
108669  17.696  -1.477  -26.070 1.0000000000
108656  17.473  -1.683  -25.328 1.0000000000
107491  18.833  -2.054  -26.891 1.0000000000
108668  18.310  -1.593  -26.629 1.0000000000
107500  20.271  -2.643  -28.686 1.0000000000
106299  20.378  -3.454  -28.555 1.0000000000
110937  16.239  0.207  -24.467 1.0000000000
109791  16.613  -0.320  -25.336 1.0000000000
110957  16.380  0.530  -25.275 1.0000000000
109809  17.166  -0.448  -26.178 1.0000000000
110975  16.804  0.665  -25.981 1.0000000000
110974  17.319  0.208  -26.660 1.0000000000
109839  19.354  -0.304  -28.533 1.0000000000
109823  17.716  -0.510  -27.149 1.0000000000
113276  16.039  3.228  -24.714 1.0000000000
112080  16.040  1.041  -24.679 1.0000000000
113275  16.211  2.765  -25.458 1.0000000000
112115  17.172  1.005  -26.728 1.0000000000
118735  15.771  7.034  -25.742 0.8750000000
113293  17.168  1.952  -26.778 1.0000000000
113294  16.728  2.751  -26.220 1.0000000000
112150  18.069  1.297  -28.149 1.0000000000
115535  16.038  4.985  -26.724 1.0000000000
117700  15.948  6.338  -26.562 1.0000000000
117686  15.696  6.461  -25.981 1.0000000000
124154  19.238  11.505  -27.271 0.7500000000
112081  15.800  1.919  -24.255 1.0000000000
112098  15.892  2.494  -24.804 1.0000000000
118747  15.824  7.066  -26.334 1.0000000000
118775  16.458  6.511  -27.169 1.0000000000
115553  16.952  4.577  -28.112 1.0000000000
123084  18.786  11.159  -27.228 0.7500000000
122025  18.798  10.354  -27.329 0.7500000000
95357  21.206  -12.502  -19.451 0.7500000000
94147  21.900  -13.220  -20.852 0.7500000000
96609  20.757  -11.579  -19.468 0.7500000000
95392  21.656  -12.500  -21.104 0.7500000000
95372  21.389  -12.415  -20.493 0.7500000000
96617  20.981  -11.788  -20.657 0.7500000000
96618  20.676  -11.377  -20.334 0.7500000000
96636  22.525  -11.903  -21.865 0.7500000000
96637  21.418  -11.666  -21.355 0.7500000000
96638  20.809  -11.450  -20.872 0.7500000000
99148  20.295  -9.875  -20.398 0.7500000000
97887  20.876  -11.005  -21.623 0.7500000000
99162  20.650  -10.456  -21.689 0.8750000000
99163  20.119  -9.798  -21.333 0.8750000000
96657  22.098  -11.365  -22.121 0.7500000000
97908  21.344  -10.779  -22.122 0.7500000000
99175  20.597  -9.817  -22.237 0.8750000000
97907  22.434  -10.832  -22.624 0.7500000000
99174  21.652  -10.014  -22.694 0.8750000000
99194  20.845  -9.478  -23.113 0.8750000000
99192  22.622  -9.930  -23.740 0.7500000000
99193  21.804  -9.587  -23.390 0.8750000000
99213  21.963  -9.186  -23.981 0.8750000000
99211  23.768  -9.562  -24.245 0.8750000000
99212  22.827  -9.359  -24.167 0.8750000000
100443  23.022  -8.716  -24.508 0.8750000000
100466  24.145  -8.201  -25.064 0.7500000000
100467  23.131  -8.142  -25.025 0.7500000000
101618  25.489  -7.507  -25.509 0.7500000000
101619  24.333  -7.419  -25.275 0.7500000000
102728  24.442  -6.461  -25.370 0.6250000000
103900  24.496  -5.584  -25.658 0.6250000000
105087  24.425  -4.870  -26.111 0.6250000000
105098  24.206  -4.052  -26.254 0.6250000000
105099  23.336  -4.477  -26.817 0.7500000000
105097  24.720  -3.802  -26.140 0.5000000000
106282  23.768  -3.776  -26.779 0.6250000000
106289  23.187  -3.248  -27.202 0.7500000000
106288  23.712  -2.840  -27.360 0.6250000000
106290  22.266  -3.194  -27.827 0.7500000000
118759  17.036  7.582  -26.605 0.7500000000
108690  22.644  -1.379  -28.957 0.6250000000
108714  21.167  -1.782  -29.494 0.8750000000
108689  23.003  -1.276  -28.107 0.6250000000
109838  22.868  -0.591  -28.817 0.6250000000
108700  21.267  -1.193  -29.549 0.7500000000
108701  20.720  -1.285  -29.221 0.8750000000
112148  19.484  1.658  -29.072 0.8750000000
113327  19.000  2.298  -28.686 0.8750000000
109852  21.378  -0.307  -29.770 0.7500000000
111018  20.620  0.771  -30.064 0.8750000000
112164  19.889  1.613  -29.810 0.8750000000
113326  19.492  2.165  -29.387 0.8750000000
113339  19.227  2.749  -29.213 0.8750000000
111001  23.156  -0.132  -28.745 0.5000000000
111016  22.421  0.423  -29.218 0.6250000000
119860  17.588  8.227  -27.107 0.7500000000
118760  16.450  7.243  -26.719 0.8750000000
114413  17.226  3.750  -27.896 0.8750000000
114429  17.651  4.010  -28.177 0.7500000000
114427  19.159  3.594  -29.148 0.8750000000
111017  21.413  0.867  -30.144 0.6250000000
111027  21.084  1.411  -30.849 0.7500000000
113337  21.662  2.607  -30.687 0.7500000000
118774  16.614  6.838  -27.263 0.8750000000
117734  17.099  6.134  -28.223 0.8750000000
118792  17.879  7.531  -28.302 0.7500000000
116664  17.726  5.162  -28.637 0.8750000000
114426  19.894  3.642  -30.197 0.7500000000
112146  21.607  1.756  -29.357 0.5000000000
112160  22.886  0.823  -28.843 0.5000000000
120978  18.396  9.646  -27.176 0.6250000000
120979  18.118  8.830  -27.438 0.7500000000
119884  18.340  8.301  -27.902 0.7500000000
118791  18.836  7.403  -28.804 0.7500000000
117741  19.083  6.476  -29.297 0.7500000000
117732  18.361  6.855  -28.781 0.7500000000
119883  19.397  8.057  -28.045 0.7500000000
116662  19.214  5.510  -29.099 0.7500000000
115563  20.014  4.658  -29.696 0.7500000000
116661  20.040  5.702  -29.360 0.7500000000
115552  20.632  4.047  -29.518 0.6250000000
120992  18.773  9.249  -27.661 0.7500000000
117731  20.145  6.621  -29.293 0.7500000000
116650  20.090  6.240  -29.246 0.7500000000
116659  21.119  5.099  -29.429 0.6250000000
100442  24.003  -8.802  -24.569 0.6250000000
112161  22.241  0.998  -29.035 0.5000000000
120969  17.971  8.949  -27.017 0.6250000000
118773  17.139  7.429  -27.504 0.8750000000
119870  17.697  8.166  -27.691 0.7500000000
117733  17.676  6.534  -28.393 0.8750000000
117742  18.517  6.199  -28.881 0.7500000000
115564  19.350  4.573  -29.051 0.7500000000
114424  21.498  3.059  -30.647 0.7500000000
103901  23.424  -5.580  -25.974 0.7500000000
113352  20.247  2.682  -30.873 0.7500000000
94112  21.387  -13.415  -18.875 0.7500000000
95358  21.004  -12.172  -18.885 0.7500000000
92868  22.067  -14.279  -20.418 0.7500000000
97875  20.496  -10.677  -19.914 0.7500000000
97906  23.040  -11.307  -22.795 0.6250000000
97946  23.350  -10.165  -24.042 0.6250000000
101621  22.227  -7.355  -25.239 0.7500000000
107507  22.078  -2.393  -29.295 0.7500000000
107499  22.380  -2.295  -28.546 0.7500000000
114412  18.167  3.173  -28.181 0.8750000000
105088  23.905  -5.084  -26.067 0.6250000000
109854  20.049  -0.240  -28.975 0.8750000000
116628  16.628  5.411  -27.563 0.8750000000
116652  17.040  5.404  -28.308 0.8750000000
114428  18.390  3.881  -28.383 0.8750000000
96608  20.911  -11.953  -20.088 0.7500000000
92878  22.199  -13.769  -20.921 0.7500000000
95391  22.126  -12.591  -21.512 0.7500000000
97888  20.518  -10.832  -20.974 0.7500000000
97929  22.416  -10.223  -23.151 0.7500000000
100441  24.880  -8.778  -24.672 0.6250000000
106281  24.321  -3.376  -26.886 0.6250000000
107488  22.973  -2.097  -27.400 0.6250000000
107498  22.571  -1.715  -28.237 0.6250000000
109851  22.181  -0.441  -29.524 0.6250000000
112177  20.669  1.847  -31.047 0.7500000000
114440  20.654  3.197  -30.915 0.7500000000
111015  22.761  0.642  -28.916 0.5000000000
116663  18.342  5.492  -28.718 0.7500000000
114409  21.072  3.334  -29.618 0.6250000000
120993  18.343  8.845  -27.636 0.7500000000
118800  19.397  6.985  -29.465 0.7500000000
94130  21.716  -13.314  -19.857 0.7500000000
95350  20.946  -12.916  -18.666 0.7500000000
94101  20.858  -13.533  -18.512 0.7500000000
91628  21.808  -15.012  -19.752 0.6250000000
92855  21.743  -14.235  -19.269 0.6250000000
91612  21.517  -15.147  -18.906 0.6250000000
90488  21.948  -15.634  -19.354 0.6250000000
96635  22.884  -12.024  -22.393 0.5000000000
91627  22.262  -15.432  -19.912 0.6250000000
92844  20.900  -14.272  -18.470 0.6250000000
92838  20.522  -14.635  -18.125 0.5000000000
92845  20.328  -14.258  -18.193 0.5000000000
106283  19.643  -3.575  -26.542 1.0000000000
107478  18.551  -2.182  -26.213 1.0000000000
107501  19.721  -2.444  -28.246 1.0000000000
108680  19.213  -1.702  -27.799 1.0000000000
105121  20.643  -4.189  -28.202 1.0000000000
106298  21.207  -3.472  -28.855 0.8750000000
108691  19.382  -1.298  -28.256 1.0000000000
109841  17.839  -0.247  -27.806 1.0000000000
106297  21.925  -3.188  -28.828 0.8750000000
106305  21.607  -2.726  -29.302 0.7500000000
106307  20.716  -2.973  -29.027 1.0000000000
106318  21.027  -2.877  -29.267 0.7500000000
106319  20.936  -2.655  -29.230 1.0000000000
111020  19.244  0.955  -28.897 1.0000000000
112149  18.830  1.391  -28.758 0.8750000000
116629  16.159  5.543  -26.950 1.0000000000
107518  20.931  -2.177  -29.345 1.0000000000
109853  20.651  -0.245  -29.543 0.8750000000
117714  16.333  6.150  -27.094 1.0000000000
123092  19.140  10.944  -27.404 0.5000000000
117713  16.698  6.174  -27.648 1.0000000000
115566  17.638  4.588  -28.450 0.8750000000
96656  22.833  -11.524  -22.395 0.7500000000
105086  25.238  -4.544  -26.039 0.5000000000
107489  22.482  -2.630  -27.609 0.7500000000
108699  22.007  -1.530  -29.486 0.6250000000
107517  21.328  -2.251  -29.448 0.7500000000
108713  21.587  -1.858  -29.492 0.8750000000
114411  18.870  3.133  -28.649 0.8750000000
111028  20.842  1.256  -30.660 0.7500000000
112163  20.431  1.532  -30.495 0.8750000000
113338  19.560  2.635  -30.064 0.7500000000
112178  20.105  2.053  -30.580 0.7500000000
112162  21.592  1.696  -30.083 0.5000000000
115565  18.468  4.577  -28.597 0.7500000000
112176  21.315  1.806  -30.894 0.5000000000
112147  21.533  2.226  -30.151 0.5000000000
113325  21.453  2.564  -30.014 0.7500000000
113350  21.620  2.498  -31.007 0.7500000000
114438  21.953  2.997  -31.171 0.7500000000
117712  17.006  6.651  -27.818 0.8750000000
116651  17.530  5.755  -28.489 0.8750000000
114425  20.711  3.571  -30.246 0.6250000000
117740  19.737  6.534  -29.318 0.7500000000
115562  20.640  4.611  -29.713 0.6250000000
116660  20.809  5.353  -29.485 0.6250000000
116649  20.542  6.030  -29.244 0.7500000000
114410  20.563  3.871  -29.855 0.6250000000
118799  19.790  6.883  -29.439 0.7500000000
115561  21.019  4.912  -29.631 0.6250000000
114439  21.353  3.083  -31.043 0.7500000000
113351  21.011  2.549  -31.218 0.7500000000
91639  22.037  -15.041  -20.263 0.6250000000
92877  22.470  -14.011  -20.957 0.7500000000
107516  21.697  -2.289  -29.436 0.7500000000
108712  22.090  -1.822  -29.456 0.7500000000
106317  21.440  -2.518  -29.395 0.7500000000
