#!ascii label  , from subject HYGLY28_VISIT_2 vox2ras=TkReg
384
44102  46.923  -51.937  -1.747 0.0000000000
27786  47.574  -63.429  -4.141 0.0000000000
37410  53.905  -56.528  -0.955 0.0000000000
34747  48.271  -58.469  -1.012 0.0000000000
26356  53.571  -65.044  -0.790 0.0000000000
30605  54.200  -60.850  0.528 0.0000000000
26314  54.758  -64.276  1.517 0.0000000000
30649  48.505  -61.456  -1.438 0.0000000000
34764  43.926  -58.110  -2.619 0.0000000000
41629  50.386  -54.054  -1.669 0.0000000000
34744  51.697  -57.988  -1.351 0.0000000000
30607  51.572  -61.169  0.927 0.0000000000
26375  50.984  -64.256  -1.849 0.0000000000
23783  51.841  -66.810  -5.355 0.0000000000
44043  44.483  -52.261  1.515 0.0000000000
42754  49.720  -52.769  0.750 0.0000000000
42750  53.095  -53.812  0.917 0.0000000000
38862  44.869  -55.442  -2.051 0.0000000000
29143  55.749  -62.202  1.540 0.0000000000
29233  48.459  -62.689  -2.345 0.0000000000
30673  46.942  -61.285  -2.412 0.0000000000
38835  52.374  -55.146  -1.720 0.0000000000
36133  52.755  -56.808  -2.210 0.0000000000
27689  53.609  -63.270  1.272 0.0000000000
31978  53.037  -61.011  1.022 0.0000000000
27708  52.746  -63.507  0.941 0.0000000000
27710  51.119  -63.093  0.278 0.0000000000
26373  52.997  -64.803  -1.600 0.0000000000
23803  49.825  -66.190  -5.818 0.0000000000
44039  50.326  -52.442  2.482 0.0000000000
42752  51.715  -53.433  0.782 0.0000000000
41523  52.625  -53.466  2.352 0.0000000000
37428  48.887  -56.800  -1.754 0.0000000000
37430  46.874  -57.013  -1.865 0.0000000000
36186  43.079  -57.003  -4.720 0.0000000000
37472  42.786  -56.428  -3.428 0.0000000000
36093  55.174  -57.780  -0.212 0.0000000000
34719  53.829  -58.648  -0.761 0.0000000000
32031  55.387  -59.915  -0.141 0.0000000000
29144  55.038  -62.321  1.263 0.0000000000
26336  54.534  -64.626  0.933 0.0000000000
32035  48.305  -60.512  -0.604 0.0000000000
34749  46.578  -58.658  -1.276 0.0000000000
32057  46.382  -60.119  -1.612 0.0000000000
33447  44.464  -59.547  -3.055 0.0000000000
27823  47.774  -63.068  -5.774 0.0000000000
42834  48.856  -52.591  -2.081 0.0000000000
37448  49.416  -56.125  -2.401 0.0000000000
34746  50.113  -57.774  -1.279 0.0000000000
33394  53.376  -59.320  -0.444 0.0000000000
33396  51.372  -59.335  -0.221 0.0000000000
33368  50.399  -60.286  0.061 0.0000000000
29198  50.264  -61.990  -0.241 0.0000000000
27748  49.792  -63.073  -1.337 0.0000000000
26390  49.438  -64.406  -2.962 0.0000000000
26387  53.209  -65.368  -2.247 0.0000000000
25016  51.765  -65.601  -2.980 0.0000000000
26405  49.909  -65.199  -3.542 0.0000000000
26420  48.103  -64.358  -5.055 0.0000000000
44078  44.434  -51.209  -0.504 0.0000000000
42791  45.874  -52.102  -0.327 0.0000000000
42757  46.778  -52.501  0.545 0.0000000000
42788  48.484  -52.692  -0.513 0.0000000000
41588  50.096  -53.431  -0.385 0.0000000000
41609  51.602  -53.862  -1.039 0.0000000000
40278  54.240  -54.856  -0.375 0.0000000000
40217  54.850  -54.601  1.298 0.0000000000
37394  54.902  -56.653  0.198 0.0000000000
37453  44.151  -56.454  -1.992 0.0000000000
44103  46.196  -51.680  -1.665 0.0000000000
44104  45.580  -51.243  -1.730 0.0000000000
44122  46.653  -51.993  -2.242 0.0000000000
29248  48.131  -63.364  -3.084 0.0000000000
29250  46.656  -62.105  -3.448 0.0000000000
38834  52.995  -55.576  -1.653 0.0000000000
37444  52.969  -56.422  -2.162 0.0000000000
36131  53.518  -57.000  -2.114 0.0000000000
26317  53.311  -63.845  1.128 0.0000000000
26338  53.066  -64.275  0.673 0.0000000000
27726  52.334  -63.972  0.278 0.0000000000
26357  52.636  -64.480  -0.494 0.0000000000
25084  47.476  -65.712  -6.744 0.0000000000
42722  51.848  -52.956  2.297 0.0000000000
36119  48.284  -57.765  -1.353 0.0000000000
37429  47.876  -56.901  -1.789 0.0000000000
36120  47.236  -57.794  -1.467 0.0000000000
38913  42.957  -55.596  -5.288 0.0000000000
34717  55.503  -58.871  -0.195 0.0000000000
33362  56.117  -59.747  0.399 0.0000000000
27686  55.694  -62.935  1.665 0.0000000000
27687  55.183  -63.023  1.314 0.0000000000
26315  54.478  -63.923  1.434 0.0000000000
30627  48.966  -61.133  -0.637 0.0000000000
32055  47.466  -60.382  -1.124 0.0000000000
30650  47.673  -61.048  -1.732 0.0000000000
32089  45.572  -60.617  -3.002 0.0000000000
33464  44.543  -59.584  -3.934 0.0000000000
34817  44.173  -58.319  -4.784 0.0000000000
41630  49.221  -53.499  -2.200 0.0000000000
40299  50.168  -54.624  -2.273 0.0000000000
37427  49.748  -56.786  -1.952 0.0000000000
34745  50.743  -57.897  -1.291 0.0000000000
33393  54.323  -59.458  -0.474 0.0000000000
33364  53.724  -59.872  -0.128 0.0000000000
30606  52.177  -61.244  1.041 0.0000000000
33366  51.855  -59.926  0.241 0.0000000000
32008  51.292  -60.583  0.599 0.0000000000
33367  50.928  -60.108  0.103 0.0000000000
32009  50.542  -60.641  0.373 0.0000000000
32010  50.010  -60.604  0.061 0.0000000000
30608  50.753  -61.280  0.674 0.0000000000
27747  50.756  -63.795  -1.348 0.0000000000
27728  50.330  -62.927  -0.446 0.0000000000
27765  50.597  -64.066  -1.989 0.0000000000
27766  49.723  -63.677  -2.137 0.0000000000
22514  49.655  -67.612  -4.669 0.0000000000
22529  50.673  -67.073  -5.498 0.0000000000
22512  51.422  -67.507  -5.228 0.0000000000
23758  52.471  -66.698  -4.608 0.0000000000
25035  52.637  -66.368  -3.578 0.0000000000
25015  52.677  -65.748  -2.939 0.0000000000
25054  51.863  -66.421  -4.472 0.0000000000
25081  49.443  -65.691  -5.840 0.0000000000
25056  50.004  -65.779  -4.429 0.0000000000
26432  49.011  -65.253  -5.311 0.0000000000
26418  49.272  -65.269  -4.454 0.0000000000
26433  48.511  -64.742  -5.534 0.0000000000
44055  43.529  -51.281  0.339 0.0000000000
44054  44.487  -51.906  0.354 0.0000000000
44053  45.294  -52.137  0.087 0.0000000000
44052  48.762  -52.232  1.276 0.0000000000
42740  48.036  -52.420  1.549 0.0000000000
42755  48.756  -52.534  0.712 0.0000000000
42756  47.761  -52.644  0.547 0.0000000000
42787  49.448  -53.102  -0.322 0.0000000000
42751  52.589  -53.551  0.848 0.0000000000
42785  51.293  -53.561  -0.115 0.0000000000
42784  52.246  -53.811  0.025 0.0000000000
41608  52.391  -54.219  -0.752 0.0000000000
41585  53.472  -54.257  0.356 0.0000000000
36046  53.931  -57.598  1.183 0.0000000000
37376  54.610  -56.614  1.126 0.0000000000
38793  54.885  -55.472  0.554 0.0000000000
34751  45.010  -58.420  -1.717 0.0000000000
36122  45.397  -57.769  -1.541 0.0000000000
36137  44.355  -57.501  -1.969 0.0000000000
38865  42.785  -55.537  -2.900 0.0000000000
30671  48.456  -61.922  -2.042 0.0000000000
30672  47.959  -61.677  -2.236 0.0000000000
40298  51.211  -54.676  -2.062 0.0000000000
38855  52.167  -55.616  -2.091 0.0000000000
36115  52.400  -57.227  -1.878 0.0000000000
30588  53.809  -61.450  0.858 0.0000000000
32006  53.634  -60.513  0.433 0.0000000000
29146  53.068  -62.511  1.010 0.0000000000
29147  52.123  -62.290  1.128 0.0000000000
29174  51.552  -62.716  0.808 0.0000000000
27709  51.918  -63.325  0.447 0.0000000000
26358  51.808  -64.282  -0.860 0.0000000000
26374  51.724  -64.485  -1.506 0.0000000000
23784  50.560  -66.578  -5.387 0.0000000000
23804  49.624  -66.073  -5.998 0.0000000000
25083  48.277  -65.675  -6.630 0.0000000000
42738  50.240  -52.753  1.523 0.0000000000
42753  50.655  -53.255  0.683 0.0000000000
42737  51.138  -53.032  1.761 0.0000000000
42736  52.160  -53.215  1.548 0.0000000000
42735  52.809  -53.474  1.490 0.0000000000
37451  46.432  -56.245  -2.134 0.0000000000
34782  43.672  -58.030  -3.315 0.0000000000
36138  43.569  -57.277  -2.542 0.0000000000
37491  43.030  -56.694  -4.027 0.0000000000
38907  42.643  -55.518  -4.463 0.0000000000
36094  54.271  -57.436  -0.698 0.0000000000
36113  53.723  -57.240  -1.442 0.0000000000
34718  54.673  -58.522  -0.570 0.0000000000
33392  55.161  -59.437  -0.362 0.0000000000
32032  54.936  -60.063  -0.277 0.0000000000
30603  55.267  -60.980  0.863 0.0000000000
30587  54.822  -61.608  0.974 0.0000000000
27688  54.443  -63.187  1.379 0.0000000000
26316  53.810  -64.002  1.201 0.0000000000
33399  48.216  -59.554  -0.575 0.0000000000
34748  47.539  -58.668  -1.078 0.0000000000
33414  47.624  -59.537  -0.861 0.0000000000
33415  46.892  -59.609  -1.224 0.0000000000
34762  45.053  -58.965  -1.989 0.0000000000
32075  46.512  -60.651  -1.969 0.0000000000
32077  45.241  -60.087  -2.502 0.0000000000
34781  43.976  -58.884  -3.176 0.0000000000
34799  43.583  -57.898  -4.092 0.0000000000
36185  43.444  -57.361  -5.064 0.0000000000
27805  47.664  -63.733  -4.822 0.0000000000
42835  48.307  -52.604  -2.292 0.0000000000
42836  47.360  -52.456  -2.434 0.0000000000
41631  48.087  -53.327  -2.695 0.0000000000
36118  49.408  -57.622  -1.333 0.0000000000
36095  49.160  -58.206  -0.880 0.0000000000
34721  52.010  -58.650  -0.808 0.0000000000
33365  52.894  -59.927  0.078 0.0000000000
33395  52.415  -59.245  -0.267 0.0000000000
34722  50.965  -58.641  -0.725 0.0000000000
34723  49.790  -58.472  -0.755 0.0000000000
33398  49.043  -59.559  -0.375 0.0000000000
32034  49.285  -60.502  -0.162 0.0000000000
30626  49.716  -61.357  -0.239 0.0000000000
30648  49.267  -61.637  -0.958 0.0000000000
29199  49.823  -62.088  -0.806 0.0000000000
29218  49.249  -62.274  -1.513 0.0000000000
29232  49.273  -62.942  -1.805 0.0000000000
27767  48.681  -63.789  -2.834 0.0000000000
27785  48.159  -63.913  -3.827 0.0000000000
24958  53.911  -65.303  -0.234 0.0000000000
22513  50.584  -67.555  -4.988 0.0000000000
26386  53.580  -65.539  -2.078 0.0000000000
26372  53.597  -65.309  -1.600 0.0000000000
26388  52.253  -65.211  -2.252 0.0000000000
25017  51.140  -65.499  -3.017 0.0000000000
25055  50.837  -66.292  -4.552 0.0000000000
26404  50.713  -65.454  -3.261 0.0000000000
26389  50.836  -64.763  -2.535 0.0000000000
26406  48.936  -64.679  -3.731 0.0000000000
27804  48.083  -64.183  -4.581 0.0000000000
27824  47.695  -63.423  -5.742 0.0000000000
45424  43.529  -50.040  -0.678 0.0000000000
45409  43.243  -50.615  -0.004 0.0000000000
44079  43.770  -50.808  -0.451 0.0000000000
44077  45.426  -51.605  -0.769 0.0000000000
44075  47.031  -52.065  -1.096 0.0000000000
42725  46.974  -52.115  2.570 0.0000000000
42742  46.110  -52.367  1.495 0.0000000000
42789  47.503  -52.455  -0.630 0.0000000000
42819  47.629  -52.199  -1.692 0.0000000000
42818  48.342  -52.454  -1.525 0.0000000000
42817  49.109  -52.766  -1.423 0.0000000000
41611  49.759  -53.448  -1.158 0.0000000000
42786  50.403  -53.224  -0.099 0.0000000000
42816  50.694  -53.469  -0.315 0.0000000000
41628  51.384  -54.091  -1.539 0.0000000000
41627  51.938  -54.222  -1.371 0.0000000000
40280  52.439  -54.784  -1.358 0.0000000000
38833  53.936  -55.564  -0.931 0.0000000000
40257  54.423  -54.726  0.071 0.0000000000
40277  54.547  -55.039  -0.253 0.0000000000
38813  54.196  -56.000  -0.619 0.0000000000
36121  46.263  -57.795  -1.454 0.0000000000
37452  45.260  -56.581  -1.926 0.0000000000
38863  43.851  -55.520  -2.185 0.0000000000
37455  42.881  -56.305  -2.733 0.0000000000
38864  43.170  -55.697  -2.455 0.0000000000
21226  51.782  -67.802  -4.914 0.0000000000
22511  52.194  -67.305  -5.089 0.0000000000
22527  52.092  -66.973  -5.484 0.0000000000
22528  51.562  -67.048  -5.499 0.0000000000
22532  48.310  -67.021  -4.620 0.0000000000
23759  52.249  -66.614  -5.013 0.0000000000
23760  51.559  -66.599  -5.048 0.0000000000
23782  52.267  -66.832  -5.262 0.0000000000
23805  48.985  -66.151  -6.296 0.0000000000
24999  53.873  -65.638  -1.741 0.0000000000
25014  53.409  -65.955  -2.585 0.0000000000
25036  51.987  -66.130  -3.794 0.0000000000
25037  51.293  -65.950  -3.655 0.0000000000
25038  50.529  -65.749  -3.857 0.0000000000
25053  52.390  -66.562  -4.405 0.0000000000
25071  50.105  -66.214  -5.061 0.0000000000
25072  49.609  -65.734  -5.172 0.0000000000
25080  49.886  -66.126  -5.572 0.0000000000
25082  48.845  -65.557  -6.297 0.0000000000
26291  54.961  -63.742  1.800 0.0000000000
26335  54.816  -64.610  1.177 0.0000000000
26391  48.744  -64.236  -3.284 0.0000000000
26419  48.570  -64.626  -4.651 0.0000000000
26434  47.971  -64.269  -5.648 0.0000000000
26444  48.867  -65.219  -5.936 0.0000000000
27664  55.190  -63.375  1.623 0.0000000000
27727  51.522  -63.779  -0.404 0.0000000000
27729  49.785  -62.586  -1.032 0.0000000000
27746  51.397  -64.172  -1.013 0.0000000000
27835  47.868  -63.059  -6.007 0.0000000000
29145  54.180  -62.414  1.178 0.0000000000
29148  51.428  -62.158  1.058 0.0000000000
29173  52.261  -62.892  0.920 0.0000000000
29175  50.813  -62.202  0.450 0.0000000000
29219  48.713  -62.042  -1.895 0.0000000000
29249  47.488  -62.909  -3.527 0.0000000000
30586  55.532  -61.378  1.186 0.0000000000
30589  52.646  -61.636  1.017 0.0000000000
30590  51.837  -61.693  1.153 0.0000000000
30591  51.202  -61.700  0.965 0.0000000000
30604  54.716  -60.942  0.653 0.0000000000
30609  50.193  -61.107  0.296 0.0000000000
30625  50.353  -61.575  0.169 0.0000000000
30651  47.063  -60.782  -1.725 0.0000000000
31979  52.549  -61.127  1.035 0.0000000000
32003  55.945  -60.196  0.405 0.0000000000
32004  55.468  -60.397  0.316 0.0000000000
32005  54.562  -60.494  0.215 0.0000000000
32007  52.364  -60.651  0.733 0.0000000000
32033  54.268  -60.082  -0.077 0.0000000000
32036  47.810  -60.019  -0.655 0.0000000000
32054  47.987  -60.847  -1.236 0.0000000000
32056  46.836  -60.336  -1.506 0.0000000000
32076  45.823  -60.286  -2.098 0.0000000000
32088  46.182  -60.859  -2.554 0.0000000000
32090  44.890  -60.170  -3.057 0.0000000000
32106  44.722  -60.005  -3.513 0.0000000000
33363  55.859  -60.009  0.223 0.0000000000
33390  55.918  -59.548  0.207 0.0000000000
33391  55.699  -59.651  0.054 0.0000000000
33397  50.200  -59.694  -0.236 0.0000000000
33416  46.067  -59.502  -1.540 0.0000000000
33430  45.401  -59.530  -1.990 0.0000000000
33431  44.871  -59.521  -2.471 0.0000000000
33478  44.439  -59.047  -4.390 0.0000000000
34678  53.251  -58.551  1.542 0.0000000000
34720  52.966  -58.651  -0.841 0.0000000000
34724  48.741  -58.765  -0.750 0.0000000000
34725  48.055  -58.991  -0.819 0.0000000000
34741  53.966  -57.936  -0.882 0.0000000000
34750  45.640  -58.668  -1.542 0.0000000000
34763  44.439  -58.671  -2.249 0.0000000000
34798  43.964  -58.692  -4.000 0.0000000000
34818  43.570  -57.728  -4.599 0.0000000000
36096  48.755  -58.126  -0.996 0.0000000000
36114  53.192  -57.401  -1.781 0.0000000000
36123  44.756  -57.954  -1.681 0.0000000000
36132  53.100  -56.984  -2.272 0.0000000000
36136  45.014  -57.398  -1.745 0.0000000000
36139  43.013  -56.870  -2.694 0.0000000000
36155  43.119  -57.227  -3.375 0.0000000000
36156  42.758  -56.783  -2.985 0.0000000000
36169  43.225  -57.208  -4.292 0.0000000000
36170  43.035  -56.741  -4.450 0.0000000000
37409  54.494  -56.626  -0.413 0.0000000000
37423  53.442  -56.425  -1.784 0.0000000000
37424  53.124  -56.109  -1.989 0.0000000000
37431  45.931  -57.102  -1.778 0.0000000000
37432  45.391  -57.218  -1.759 0.0000000000
37443  53.313  -56.747  -2.170 0.0000000000
37454  43.378  -56.374  -2.360 0.0000000000
37471  43.022  -56.904  -3.782 0.0000000000
37492  42.821  -56.246  -4.153 0.0000000000
37505  42.952  -56.495  -4.893 0.0000000000
38770  54.992  -55.125  1.134 0.0000000000
38771  54.670  -55.450  1.672 0.0000000000
38794  54.929  -55.723  1.060 0.0000000000
38812  54.574  -55.563  -0.274 0.0000000000
38832  54.406  -55.176  -0.455 0.0000000000
38854  52.889  -55.959  -2.027 0.0000000000
38885  42.633  -55.487  -3.645 0.0000000000
40233  55.191  -54.888  0.870 0.0000000000
40256  54.683  -54.841  0.194 0.0000000000
40279  53.317  -54.861  -0.944 0.0000000000
40297  51.958  -54.658  -1.793 0.0000000000
40342  42.529  -54.592  -4.859 0.0000000000
41503  52.598  -53.860  3.136 0.0000000000
41522  52.740  -53.817  2.657 0.0000000000
41536  55.020  -54.420  1.168 0.0000000000
41537  55.055  -54.515  1.343 0.0000000000
41538  53.100  -53.830  1.907 0.0000000000
41539  52.741  -53.445  1.927 0.0000000000
41556  55.080  -54.549  0.955 0.0000000000
41583  54.712  -54.665  0.864 0.0000000000
41584  54.342  -54.626  0.536 0.0000000000
41586  52.877  -54.130  -0.031 0.0000000000
41587  50.520  -53.358  -0.192 0.0000000000
41606  53.957  -54.574  -0.092 0.0000000000
41607  53.449  -54.455  -0.339 0.0000000000
41610  50.690  -53.669  -0.783 0.0000000000
42705  52.226  -53.222  2.544 0.0000000000
42721  52.431  -53.099  1.845 0.0000000000
42724  47.508  -52.132  2.328 0.0000000000
42734  53.138  -53.812  1.332 0.0000000000
42739  48.561  -52.299  1.344 0.0000000000
42741  47.034  -52.382  1.652 0.0000000000
42758  45.839  -52.295  0.553 0.0000000000
42759  45.034  -52.337  0.788 0.0000000000
42783  52.893  -53.835  0.431 0.0000000000
42790  46.556  -52.254  -0.341 0.0000000000
42814  51.739  -53.792  -0.649 0.0000000000
42815  51.121  -53.638  -0.566 0.0000000000
44051  49.086  -52.207  1.265 0.0000000000
44076  46.358  -51.888  -1.003 0.0000000000
