#!ascii label  , from subject HYGLY28_VISIT_2 vox2ras=TkReg
714
83784  21.749  -21.715  -16.134 0.1428571492
83785  20.926  -21.515  -15.644 0.1428571492
86467  21.246  -19.610  -15.819 0.1428571492
83783  22.570  -22.033  -15.968 0.1428571492
83810  21.873  -21.034  -16.514 0.2857142985
85122  20.983  -20.837  -15.645 0.1428571492
83809  22.650  -21.303  -16.302 0.1428571492
87847  21.383  -18.708  -16.510 0.5714285970
85146  22.258  -20.592  -16.717 0.1428571492
86488  23.495  -19.927  -17.206 0.2857142985
86516  23.717  -19.143  -17.903 0.1428571492
89252  24.415  -17.090  -19.541 0.2857142985
89240  24.596  -17.894  -19.214 0.1428571492
89241  23.505  -17.850  -19.244 0.2857142985
91635  25.254  -15.479  -20.751 0.2857142985
90484  25.168  -16.275  -20.046 0.2857142985
92865  25.462  -14.490  -21.396 0.2857142985
91643  25.056  -15.174  -21.348 0.2857142985
95387  26.210  -12.867  -21.900 0.2857142985
96682  26.133  -11.209  -24.083 0.8571428657
96652  26.481  -11.815  -22.583 0.4285714328
95371  26.309  -13.306  -21.317 0.2857142985
99190  26.834  -9.989  -24.342 0.7142857313
97926  26.503  -10.654  -23.961 0.7142857313
96669  25.865  -11.636  -23.590 0.7142857313
99207  27.563  -9.125  -24.789 0.8571428657
99208  27.118  -9.591  -24.928 0.5714285970
100440  26.796  -9.473  -25.449 0.8571428657
99191  26.434  -10.426  -24.605 0.7142857313
97943  26.160  -10.902  -24.692 0.7142857313
101634  28.496  -7.443  -26.838 0.4285714328
100463  27.466  -8.693  -26.229 0.7142857313
100439  27.320  -9.156  -25.456 0.8571428657
102758  29.267  -6.234  -27.359 0.2857142985
103929  29.163  -6.279  -27.733 0.5714285970
100483  27.961  -8.080  -27.511 0.8571428657
100484  27.436  -8.224  -27.188 0.8571428657
103940  29.577  -5.297  -28.443 0.1428571492
103927  30.505  -5.440  -27.804 0.1428571492
103941  28.703  -5.886  -28.192 0.4285714328
102771  28.096  -6.692  -27.971 0.5714285970
100497  27.755  -7.975  -28.275 0.8571428657
105126  30.007  -4.681  -29.856 0.1428571492
103939  30.595  -5.086  -28.514 0.1428571492
103953  29.876  -4.846  -28.910 0.1428571492
102773  26.801  -7.015  -28.130 0.8571428657
106315  29.166  -3.446  -30.272 0.1428571492
105136  30.275  -4.337  -30.294 0.1428571492
105137  29.358  -4.032  -29.892 0.1428571492
105116  29.246  -4.715  -28.928 0.1428571492
106296  28.093  -3.717  -27.874 0.4285714328
105118  27.957  -4.780  -27.972 0.5714285970
103930  27.573  -5.758  -27.191 0.7142857313
102743  27.025  -6.340  -26.782 0.8571428657
107515  28.305  -3.047  -30.299 0.1428571492
106304  28.482  -3.495  -29.296 0.1428571492
106295  28.400  -3.574  -28.562 0.5714285970
105095  27.217  -4.725  -26.575 0.8571428657
103914  27.182  -5.646  -26.646 0.8571428657
105096  26.643  -4.772  -26.222 0.8571428657
107514  28.937  -2.512  -30.563 0.1428571492
107505  28.733  -2.466  -29.826 0.2857142985
107496  28.450  -2.647  -28.575 0.1428571492
108677  27.518  -1.822  -27.103 0.8571428657
106287  27.679  -3.762  -27.201 0.8571428657
107474  26.355  -2.878  -26.430 0.8571428657
109831  28.958  -0.622  -29.158 0.1428571492
109850  29.043  -0.667  -30.023 0.1428571492
108687  28.723  -1.540  -28.168 0.4285714328
109819  25.512  -0.643  -26.681 0.8571428657
109803  26.254  -0.923  -26.113 0.8571428657
108666  25.728  -2.152  -26.244 0.8571428657
107476  24.900  -2.730  -26.846 0.8571428657
109833  27.895  -0.366  -27.344 0.4285714328
109820  24.717  -1.222  -26.911 0.8571428657
109805  25.329  -1.704  -26.519 0.8571428657
108679  23.796  -1.666  -27.658 0.8571428657
110994  29.321  0.011  -29.206 0.1428571492
110995  28.687  0.533  -28.397 0.2857142985
109832  28.566  -0.446  -28.236 0.5714285970
109834  26.660  0.068  -27.193 0.8571428657
109836  24.553  -0.194  -27.575 0.8571428657
109837  23.784  -0.775  -28.084 0.8571428657
111001  23.156  -0.132  -28.745 0.8571428657
108689  23.003  -1.276  -28.107 0.8571428657
112142  27.975  1.491  -27.758 0.2857142985
110983  26.810  1.398  -27.180 0.7142857313
110997  26.798  0.748  -27.189 0.5714285970
110998  25.652  0.988  -27.911 0.8571428657
111000  23.426  0.364  -28.599 0.8571428657
111016  22.421  0.423  -29.218 0.8571428657
109838  22.868  -0.591  -28.817 0.8571428657
110984  26.161  1.468  -27.637 0.8571428657
112145  22.938  1.337  -28.613 0.8571428657
111015  22.761  0.642  -28.916 0.8571428657
111027  21.084  1.411  -30.849 0.7142857313
111017  21.413  0.867  -30.144 0.7142857313
112144  24.185  1.592  -27.999 0.8571428657
112146  21.607  1.756  -29.357 0.8571428657
112161  22.241  0.998  -29.035 0.8571428657
113337  21.662  2.607  -30.687 0.8571428657
114424  21.498  3.059  -30.647 0.8571428657
112177  20.669  1.847  -31.047 0.7142857313
114406  24.147  3.530  -28.190 0.7142857313
114408  21.730  3.361  -28.388 0.8571428657
115552  20.632  4.047  -29.518 0.8571428657
116659  21.119  5.099  -29.429 0.7142857313
114409  21.072  3.334  -29.618 0.8571428657
116642  27.771  5.394  -28.254 0.1428571492
115550  22.155  4.505  -28.622 0.8571428657
115549  23.305  4.549  -28.437 0.7142857313
116647  22.480  5.718  -28.713 0.7142857313
115551  21.037  4.448  -29.118 0.8571428657
117724  27.266  6.537  -27.423 0.1428571492
116646  23.469  6.235  -28.213 0.5714285970
117727  23.947  6.944  -28.737 0.5714285970
118787  23.101  7.748  -29.037 0.5714285970
117726  24.956  6.558  -28.086 0.1428571492
119874  28.012  8.355  -28.369 0.1428571492
119875  26.993  8.551  -28.172 0.1428571492
120983  27.695  9.439  -28.303 0.1428571492
118785  25.131  7.830  -27.869 0.1428571492
122017  27.536  10.632  -28.734 0.1428571492
118786  24.324  7.735  -29.081 0.5714285970
120984  26.637  9.587  -28.582 0.1428571492
120985  26.020  9.361  -29.067 0.1428571492
120998  25.584  9.884  -29.272 0.1428571492
82549  21.272  -22.413  -15.738 0.1428571492
85144  24.406  -20.645  -16.398 0.2857142985
86489  22.511  -20.049  -17.202 0.2857142985
87898  24.947  -18.342  -18.593 0.2857142985
87899  23.835  -18.589  -18.657 0.1428571492
94143  25.563  -13.594  -21.804 0.2857142985
94127  25.265  -14.087  -21.517 0.2857142985
96668  26.363  -11.242  -23.483 0.4285714328
95400  25.957  -12.431  -22.577 0.5714285970
100438  28.264  -8.451  -24.821 0.2857142985
96683  25.595  -11.286  -24.238 0.7142857313
102742  29.132  -6.823  -26.253 0.1428571492
100485  27.214  -8.020  -26.761 0.8571428657
102772  27.415  -6.702  -27.978 0.7142857313
107497  28.059  -2.709  -27.794 0.8571428657
107473  26.977  -2.845  -26.738 0.8571428657
106280  25.319  -3.598  -26.062 0.8571428657
107487  24.130  -2.489  -27.427 0.8571428657
110985  25.703  1.602  -28.005 0.8571428657
113321  24.956  2.702  -27.895 0.8571428657
116645  24.930  5.500  -28.123 0.7142857313
122008  29.474  11.074  -28.408 0.1428571492
82550  20.671  -22.486  -15.239 0.1428571492
86532  22.974  -19.079  -18.259 0.2857142985
86518  22.098  -19.579  -17.499 0.4285714328
89250  26.083  -17.099  -19.192 0.2857142985
90483  26.195  -16.393  -19.609 0.2857142985
90485  24.237  -16.219  -19.737 0.2857142985
91624  25.379  -15.791  -20.251 0.2857142985
96653  25.598  -12.085  -22.994 0.7142857313
103965  30.765  -4.825  -29.835 0.1428571492
106324  31.077  -3.039  -30.890 0.1428571492
108709  29.320  -1.619  -31.214 0.1428571492
108686  28.982  -1.545  -29.062 0.2857142985
108710  28.773  -1.509  -30.881 0.1428571492
109802  26.945  -0.834  -26.437 0.8571428657
106267  26.048  -4.212  -25.995 0.8571428657
106268  25.672  -4.275  -25.949 1.0000000000
111013  29.461  0.334  -29.900 0.1428571492
111014  29.224  0.745  -28.982 0.1428571492
111018  20.620  0.771  -30.064 0.8571428657
112126  26.344  2.037  -27.523 0.5714285970
114387  26.684  3.388  -27.602 0.5714285970
114388  25.859  3.475  -27.671 0.5714285970
115548  24.356  4.515  -28.189 0.7142857313
116644  25.955  4.973  -27.552 0.4285714328
116620  26.986  4.502  -27.803 0.2857142985
116643  27.065  5.642  -28.153 0.2857142985
117725  25.965  6.558  -27.366 0.1428571492
118784  26.469  7.856  -27.275 0.1428571492
119878  24.103  8.813  -29.141 0.2857142985
118783  27.415  7.494  -28.058 0.1428571492
119876  25.884  8.771  -28.362 0.1428571492
119877  24.998  8.617  -29.164 0.1428571492
119891  25.064  9.410  -29.340 0.1428571492
122029  26.321  10.725  -29.576 0.1428571492
122030  25.187  10.733  -29.474 0.1428571492
122028  27.049  11.306  -29.500 0.1428571492
113320  28.441  2.343  -27.905 0.4285714328
114386  27.460  3.294  -28.035 0.4285714328
115529  27.826  3.965  -28.056 0.4285714328
115531  26.195  4.002  -27.910 0.5714285970
116621  26.579  4.121  -27.892 0.5714285970
85121  21.407  -20.694  -16.088 0.1428571492
83766  20.481  -21.566  -14.777 0.1428571492
85147  21.806  -20.550  -16.533 0.4285714328
86468  21.057  -20.334  -15.543 0.2857142985
86490  21.793  -19.835  -16.782 0.5714285970
85145  23.149  -20.617  -16.657 0.1428571492
86517  22.602  -19.349  -17.902 0.1428571492
86531  23.227  -18.898  -18.383 0.1428571492
89251  25.345  -17.144  -19.502 0.2857142985
97944  25.415  -10.672  -24.570 0.7142857313
100462  27.926  -7.962  -26.355 0.8571428657
102759  28.838  -6.672  -27.400 0.5714285970
103942  27.947  -5.789  -27.744 0.5714285970
105128  28.852  -4.136  -29.082 0.2857142985
103952  30.563  -4.816  -29.263 0.1428571492
105117  28.610  -4.642  -28.562 0.1428571492
108688  28.182  -1.687  -27.520 0.5714285970
106278  27.096  -3.765  -26.679 0.8571428657
108665  26.404  -2.061  -26.155 0.8571428657
109818  26.452  -0.503  -26.691 0.8571428657
110999  24.420  0.713  -28.074 0.8571428657
109835  25.532  0.153  -27.268 0.8571428657
109851  22.181  -0.441  -29.524 0.8571428657
112160  22.886  0.823  -28.843 0.8571428657
113323  22.951  2.303  -28.107 0.8571428657
113324  21.665  2.309  -28.804 0.8571428657
117723  27.834  6.433  -28.412 0.1428571492
117728  22.783  6.778  -29.044 0.5714285970
122016  28.194  10.034  -28.202 0.1428571492
120982  28.947  9.447  -28.765 0.1428571492
122018  26.629  10.216  -28.989 0.1428571492
87897  25.898  -18.071  -18.300 0.1428571492
113302  26.470  2.708  -27.401 0.5714285970
87877  21.737  -18.850  -17.858 0.4285714328
90494  24.654  -15.845  -20.312 0.5714285970
120986  24.382  9.576  -29.116 0.1428571492
91625  23.824  -15.621  -20.090 0.5714285970
91627  22.262  -15.432  -19.912 0.5714285970
91612  21.517  -15.147  -18.906 0.2857142985
91637  23.445  -15.242  -20.920 0.5714285970
91638  22.557  -15.065  -20.473 0.5714285970
90472  21.912  -16.320  -18.603 0.4285714328
92844  20.900  -14.272  -18.470 0.2857142985
92855  21.743  -14.235  -19.269 0.4285714328
94144  24.659  -13.729  -21.716 0.4285714328
94145  23.496  -13.703  -21.389 0.5714285970
92878  22.199  -13.769  -20.921 0.5714285970
94147  21.900  -13.220  -20.852 0.4285714328
95389  23.999  -13.004  -22.253 0.5714285970
95390  23.077  -12.585  -22.052 0.5714285970
94146  22.534  -13.452  -21.337 0.4285714328
95403  23.681  -12.425  -22.924 0.7142857313
96635  22.884  -12.024  -22.393 0.4285714328
95414  24.025  -12.296  -23.272 0.4285714328
92868  22.067  -14.279  -20.418 0.4285714328
94112  21.387  -13.415  -18.875 0.2857142985
94101  20.858  -13.533  -18.512 0.2857142985
94156  24.730  -13.107  -22.402 0.7142857313
97927  24.069  -11.359  -23.681 0.7142857313
97928  23.316  -10.906  -23.336 0.4285714328
97946  23.350  -10.165  -24.042 0.7142857313
99211  23.768  -9.562  -24.245 0.7142857313
99212  22.827  -9.359  -24.167 0.2857142985
96670  24.809  -11.754  -23.639 0.5714285970
96684  25.035  -11.216  -24.309 0.5714285970
97945  24.355  -10.695  -24.076 0.7142857313
99210  24.997  -9.624  -24.361 0.7142857313
100442  24.003  -8.802  -24.569 0.7142857313
100466  24.145  -8.201  -25.064 0.7142857313
100467  23.131  -8.142  -25.025 0.7142857313
100468  22.223  -8.140  -25.041 0.4285714328
101621  22.227  -7.355  -25.239 0.4285714328
99209  26.193  -9.904  -25.084 0.5714285970
99225  25.937  -9.108  -25.279 0.5714285970
100465  25.313  -8.425  -25.189 0.5714285970
101619  24.333  -7.419  -25.275 0.7142857313
103900  24.496  -5.584  -25.658 0.7142857313
101620  23.204  -7.330  -25.122 0.7142857313
102730  22.274  -6.462  -25.790 0.5714285970
103917  22.315  -5.626  -26.516 0.5714285970
100499  26.867  -8.303  -27.744 0.7142857313
101617  26.246  -7.741  -25.734 0.5714285970
101636  26.002  -7.207  -25.777 0.7142857313
101618  25.489  -7.507  -25.509 0.7142857313
102731  21.470  -6.830  -25.826 0.4285714328
105088  23.905  -5.084  -26.067 0.7142857313
103916  22.931  -5.258  -26.780 0.7142857313
105099  23.336  -4.477  -26.817 0.7142857313
105101  21.443  -4.948  -27.086 0.5714285970
105100  22.283  -4.838  -27.200 0.7142857313
101635  26.650  -7.527  -26.170 0.5714285970
102728  24.442  -6.461  -25.370 0.7142857313
105087  24.425  -4.870  -26.111 0.8571428657
105098  24.206  -4.052  -26.254 0.8571428657
105107  22.784  -3.782  -27.506 0.7142857313
105109  21.386  -4.488  -27.819 0.5714285970
106299  20.378  -3.454  -28.555 0.2857142985
103915  26.704  -5.593  -26.202 0.7142857313
106282  23.768  -3.776  -26.779 0.7142857313
107508  20.595  -2.148  -28.925 0.7142857313
105097  24.720  -3.802  -26.140 0.7142857313
106289  23.187  -3.248  -27.202 0.8571428657
105108  22.241  -4.096  -28.061 0.8571428657
108690  22.644  -1.379  -28.957 0.8571428657
106290  22.266  -3.194  -27.827 0.8571428657
106306  21.263  -3.019  -29.185 0.5714285970
107507  22.078  -2.393  -29.295 0.8571428657
108714  21.167  -1.782  -29.494 0.8571428657
108702  20.084  -1.184  -28.671 0.7142857313
106288  23.712  -2.840  -27.360 0.8571428657
107498  22.571  -1.715  -28.237 0.8571428657
108701  20.720  -1.285  -29.221 0.8571428657
108700  21.267  -1.193  -29.549 0.8571428657
109852  21.378  -0.307  -29.770 0.8571428657
109854  20.049  -0.240  -28.975 0.7142857313
113352  20.247  2.682  -30.873 0.7142857313
113339  19.227  2.749  -29.213 0.7142857313
114440  20.654  3.197  -30.915 0.5714285970
114412  18.167  3.173  -28.181 0.7142857313
114427  19.159  3.594  -29.148 0.7142857313
114426  19.894  3.642  -30.197 0.7142857313
115563  20.014  4.658  -29.696 0.8571428657
116662  19.214  5.510  -29.099 0.7142857313
114429  17.651  4.010  -28.177 0.7142857313
117742  18.517  6.199  -28.881 0.7142857313
117732  18.361  6.855  -28.781 0.7142857313
117733  17.676  6.534  -28.393 0.5714285970
116661  20.040  5.702  -29.360 0.7142857313
117741  19.083  6.476  -29.297 0.7142857313
118792  17.879  7.531  -28.302 0.5714285970
118800  19.397  6.985  -29.465 0.4285714328
118791  18.836  7.403  -28.804 0.5714285970
116650  20.090  6.240  -29.246 0.5714285970
118773  17.139  7.429  -27.504 0.5714285970
118790  19.905  7.312  -29.104 0.5714285970
119883  19.397  8.057  -28.045 0.5714285970
119884  18.340  8.301  -27.902 0.5714285970
119870  17.697  8.166  -27.691 0.4285714328
119860  17.588  8.227  -27.107 0.5714285970
120992  18.773  9.249  -27.661 0.5714285970
120979  18.118  8.830  -27.438 0.5714285970
119882  20.111  8.312  -28.914 0.5714285970
120969  17.971  8.949  -27.017 0.4285714328
118759  17.036  7.582  -26.605 0.4285714328
120978  18.396  9.646  -27.176 0.5714285970
123076  18.684  11.311  -26.898 0.4285714328
97905  26.967  -10.924  -23.016 0.2857142985
100464  26.474  -8.668  -25.762 0.5714285970
123084  18.786  11.159  -27.228 0.2857142985
122013  18.494  10.519  -27.009 0.4285714328
122003  18.685  10.481  -26.648 0.2857142985
90487  22.460  -16.091  -19.449 0.5714285970
91644  24.613  -15.273  -21.346 0.2857142985
91645  24.060  -15.353  -21.344 0.4285714328
90488  21.948  -15.634  -19.354 0.5714285970
92875  24.924  -14.655  -21.489 0.2857142985
92876  24.092  -14.667  -21.333 0.5714285970
94130  21.716  -13.314  -19.857 0.4285714328
95391  22.126  -12.591  -21.512 0.4285714328
95372  21.389  -12.415  -20.493 0.2857142985
97906  23.040  -11.307  -22.795 0.5714285970
97925  27.293  -10.180  -23.421 0.2857142985
99193  21.804  -9.587  -23.390 0.2857142985
100443  23.022  -8.716  -24.508 0.7142857313
106281  24.321  -3.376  -26.886 0.8571428657
105119  21.653  -3.684  -28.548 0.7142857313
112164  19.889  1.613  -29.810 0.7142857313
113326  19.492  2.165  -29.387 0.7142857313
112148  19.484  1.658  -29.072 0.7142857313
116663  18.342  5.492  -28.718 0.7142857313
118774  16.614  6.838  -27.263 0.5714285970
116648  21.352  5.587  -29.100 0.5714285970
117731  20.145  6.621  -29.293 0.5714285970
117729  21.747  6.807  -29.028 0.5714285970
120993  18.343  8.845  -27.636 0.5714285970
96636  22.525  -11.903  -21.865 0.4285714328
101658  26.617  -7.688  -28.182 0.7142857313
103899  25.307  -5.501  -25.804 0.7142857313
102744  26.652  -6.581  -26.335 0.7142857313
107488  22.973  -2.097  -27.400 0.7142857313
96654  25.035  -12.111  -22.902 0.5714285970
111019  19.975  0.793  -29.225 0.7142857313
91626  22.990  -15.576  -20.002 0.5714285970
91628  21.808  -15.012  -19.752 0.5714285970
92866  23.417  -14.467  -21.093 0.5714285970
92867  22.806  -14.506  -20.955 0.5714285970
94128  23.140  -14.168  -21.115 0.5714285970
89243  22.260  -17.377  -18.615 0.5714285970
96655  22.954  -11.995  -23.060 0.5714285970
96671  23.817  -11.932  -23.494 0.5714285970
99192  22.622  -9.930  -23.740 0.4285714328
97929  22.416  -10.223  -23.151 0.4285714328
97907  22.434  -10.832  -22.624 0.4285714328
99226  25.546  -9.182  -24.895 0.7142857313
100441  24.880  -8.778  -24.672 0.7142857313
102729  23.361  -6.449  -25.298 0.7142857313
103902  22.823  -6.027  -25.885 0.7142857313
102727  25.448  -6.440  -25.564 0.5714285970
103901  23.424  -5.580  -25.974 0.7142857313
103918  21.418  -5.543  -26.581 0.2857142985
105120  21.249  -3.997  -28.440 0.5714285970
106291  19.953  -3.996  -28.148 0.2857142985
107499  22.380  -2.295  -28.546 0.8571428657
115564  19.350  4.573  -29.051 0.7142857313
122025  18.798  10.354  -27.329 0.5714285970
120968  18.405  9.724  -26.796 0.4285714328
96637  21.418  -11.666  -21.355 0.4285714328
91634  26.322  -15.182  -20.521 0.1428571492
92864  25.954  -14.688  -21.100 0.1428571492
96634  26.738  -12.225  -21.858 0.1428571492
94125  26.346  -13.804  -20.984 0.1428571492
91633  26.930  -14.921  -20.281 0.1428571492
96633  27.347  -11.915  -21.756 0.1428571492
95370  26.720  -13.093  -21.011 0.1428571492
94124  27.170  -13.674  -20.467 0.1428571492
96651  27.614  -11.365  -22.291 0.1428571492
99189  27.867  -9.461  -24.034 0.2857142985
124172  26.321  12.948  -30.624 0.1428571492
111002  19.438  0.462  -28.781 0.4285714328
124162  25.706  12.834  -30.103 0.1428571492
120999  24.903  10.024  -29.216 0.1428571492
113328  18.225  2.194  -28.164 0.4285714328
113327  19.000  2.298  -28.686 0.5714285970
114392  17.673  2.975  -27.760 0.4285714328
123088  22.512  11.458  -28.307 0.2857142985
122022  21.276  10.218  -27.625 0.2857142985
120989  21.794  9.441  -28.344 0.2857142985
114361  16.528  3.689  -25.725 0.1428571492
114413  17.226  3.750  -27.896 0.5714285970
116664  17.726  5.162  -28.637 0.5714285970
123090  20.559  11.046  -27.101 0.2857142985
118789  20.930  7.533  -29.145 0.4285714328
115518  16.567  4.381  -26.621 0.4285714328
116628  16.628  5.411  -27.563 0.5714285970
122011  19.989  10.604  -27.503 0.2857142985
116609  15.848  5.696  -26.330 0.4285714328
117686  15.696  6.461  -25.981 0.2857142985
124154  19.238  11.505  -27.271 0.1428571492
122024  19.525  10.325  -27.545 0.1428571492
123091  19.705  11.100  -27.287 0.1428571492
118735  15.771  7.034  -25.742 0.1428571492
124146  19.037  11.898  -27.142 0.1428571492
124153  19.879  12.151  -27.227 0.1428571492
118746  16.196  7.555  -26.028 0.2857142985
124141  19.086  12.018  -26.813 0.2857142985
123065  19.766  11.119  -26.786 0.1428571492
124145  19.515  12.555  -26.989 0.1428571492
125191  19.884  13.121  -27.182 0.1428571492
124140  19.678  12.583  -26.659 0.1428571492
125176  19.966  13.042  -26.283 0.1428571492
125163  20.409  12.870  -26.331 0.1428571492
90430  21.302  -16.705  -15.944 0.2857142985
91623  25.851  -15.720  -20.111 0.1428571492
95369  27.633  -12.921  -20.744 0.1428571492
112150  18.069  1.297  -28.149 0.2857142985
119880  22.380  8.728  -29.108 0.2857142985
124152  21.043  12.227  -27.343 0.2857142985
122021  22.252  10.386  -28.036 0.2857142985
125190  20.596  13.076  -27.345 0.2857142985
89180  21.206  -17.539  -15.927 0.2857142985
87874  25.321  -18.670  -17.982 0.1428571492
87875  24.494  -18.790  -18.184 0.1428571492
117675  15.883  6.460  -25.482 0.1428571492
111003  18.661  0.533  -28.615 0.4285714328
115500  16.580  4.368  -26.029 0.2857142985
118775  16.458  6.511  -27.169 0.5714285970
118788  21.997  8.219  -28.880 0.4285714328
124151  21.929  12.361  -28.011 0.2857142985
123089  21.583  11.299  -27.733 0.2857142985
120988  22.754  9.533  -28.581 0.2857142985
123087  23.362  11.592  -28.962 0.1428571492
124149  23.811  12.675  -28.833 0.1428571492
123099  23.888  11.264  -29.471 0.1428571492
123098  24.582  11.480  -29.558 0.1428571492
122031  24.305  10.569  -29.314 0.1428571492
101604  29.121  -7.842  -24.754 0.2857142985
119879  23.355  8.686  -29.031 0.4285714328
124150  22.760  12.525  -28.647 0.2857142985
120987  23.598  9.525  -28.804 0.2857142985
122019  23.779  10.181  -29.015 0.1428571492
119881  21.319  8.408  -28.976 0.2857142985
114428  18.390  3.881  -28.383 0.5714285970
115553  16.952  4.577  -28.112 0.5714285970
117734  17.099  6.134  -28.223 0.5714285970
123066  19.050  11.253  -26.619 0.2857142985
112165  19.547  1.287  -29.074 0.5714285970
116652  17.040  5.404  -28.308 0.5714285970
118761  16.182  6.767  -26.849 0.5714285970
120991  19.906  9.126  -27.897 0.2857142985
113308  17.569  2.261  -27.474 0.2857142985
120990  20.804  9.265  -28.153 0.2857142985
114378  16.779  3.584  -26.424 0.2857142985
115534  16.635  4.593  -27.304 0.4285714328
115535  16.038  4.985  -26.724 0.4285714328
115519  15.989  4.937  -26.130 0.2857142985
117700  15.948  6.338  -26.562 0.5714285970
118747  15.824  7.066  -26.334 0.4285714328
96650  28.636  -11.206  -22.138 0.1428571492
111004  17.873  0.421  -28.074 0.2857142985
122020  23.099  10.487  -28.705 0.2857142985
122032  23.590  10.779  -29.240 0.2857142985
124164  24.037  11.932  -29.329 0.1428571492
102746  21.853  -6.014  -26.381 0.4285714328
105110  20.482  -4.449  -27.573 0.2857142985
125180  22.156  13.477  -27.568 0.1428571492
126162  22.833  13.890  -27.952 0.1428571492
125174  21.269  13.398  -26.703 0.1428571492
126154  22.788  13.878  -27.318 0.1428571492
125188  22.311  13.347  -28.298 0.1428571492
125173  22.109  13.508  -26.963 0.1428571492
126144  22.796  13.796  -26.724 0.1428571492
126161  23.315  14.437  -27.611 0.1428571492
125189  21.501  13.064  -27.660 0.1428571492
126143  23.509  13.926  -26.245 0.1428571492
126153  23.229  14.407  -26.949 0.1428571492
126172  23.518  14.301  -28.303 0.1428571492
95401  25.377  -12.750  -22.592 0.2857142985
126173  22.930  13.775  -28.360 0.1428571492
125187  23.130  13.466  -28.715 0.1428571492
94155  25.205  -13.388  -22.252 0.4285714328
89242  22.605  -17.774  -19.014 0.2857142985
90470  23.147  -17.206  -19.173 0.2857142985
90486  23.301  -16.354  -19.480 0.2857142985
87901  22.035  -18.137  -18.609 0.2857142985
118760  16.450  7.243  -26.719 0.4285714328
90495  24.302  -15.718  -20.212 0.2857142985
89253  23.717  -16.967  -19.400 0.1428571492
87900  22.659  -18.709  -18.575 0.1428571492
90471  22.642  -16.876  -19.001 0.4285714328
114393  17.112  3.499  -27.177 0.2857142985
89202  21.547  -17.650  -17.069 0.2857142985
89222  21.816  -17.510  -18.082 0.2857142985
90458  21.586  -16.530  -17.515 0.2857142985
96657  22.098  -11.365  -22.121 0.2857142985
100444  22.126  -8.662  -24.480 0.1428571492
102747  21.436  -6.160  -26.227 0.1428571492
106292  19.788  -3.568  -27.408 0.1428571492
106300  19.775  -3.247  -28.030 0.1428571492
107509  20.054  -1.964  -28.506 0.1428571492
107490  19.410  -2.426  -27.476 0.1428571492
108692  18.764  -1.090  -27.862 0.1428571492
109822  18.233  -0.737  -27.705 0.1428571492
113293  17.168  1.952  -26.778 0.1428571492
113309  17.118  2.813  -26.794 0.1428571492
113294  16.728  2.751  -26.220 0.1428571492
119848  17.712  8.187  -26.662 0.1428571492
118745  16.897  7.343  -25.943 0.1428571492
120959  18.196  9.106  -26.670 0.1428571492
120958  18.601  9.542  -26.470 0.1428571492
87832  21.108  -18.672  -15.528 0.2857142985
109839  19.354  -0.304  -28.533 0.2857142985
109823  17.716  -0.510  -27.149 0.1428571492
95392  21.656  -12.500  -21.104 0.2857142985
97908  21.344  -10.779  -22.122 0.2857142985
101622  21.434  -7.500  -25.342 0.1428571492
103919  20.802  -5.440  -26.148 0.1428571492
105102  20.699  -4.859  -26.792 0.1428571492
107463  19.019  -2.970  -26.160 0.1428571492
107477  19.327  -2.736  -26.758 0.1428571492
107491  18.833  -2.054  -26.891 0.1428571492
108668  18.310  -1.593  -26.629 0.1428571492
112116  16.674  1.767  -26.092 0.1428571492
97887  20.876  -11.005  -21.623 0.2857142985
107500  20.271  -2.643  -28.686 0.1428571492
96617  20.981  -11.788  -20.657 0.1428571492
109840  18.519  -0.409  -28.195 0.1428571492
112131  17.549  1.191  -27.457 0.1428571492
90448  21.397  -16.703  -16.557 0.2857142985
108681  18.539  -1.382  -27.293 0.1428571492
89150  21.486  -17.592  -14.777 0.1428571492
87833  21.252  -17.958  -15.241 0.1428571492
89149  21.682  -17.125  -14.551 0.1428571492
89181  21.317  -17.403  -15.312 0.1428571492
101616  28.927  -7.412  -25.481 0.1428571492
101603  29.610  -7.358  -24.490 0.1428571492
113318  29.342  2.501  -29.435 0.1428571492
86462  21.008  -19.738  -14.986 0.1428571492
91593  21.192  -15.818  -16.965 0.1428571492
91576  21.241  -16.058  -16.117 0.1428571492
92838  20.522  -14.635  -18.125 0.1428571492
112140  29.296  1.854  -29.140 0.1428571492
114403  28.968  3.399  -29.149 0.1428571492
92845  20.328  -14.258  -18.193 0.1428571492
112158  29.650  1.480  -30.023 0.1428571492
86461  21.026  -19.263  -15.360 0.1428571492
102725  29.409  -6.907  -25.592 0.1428571492
91603  20.936  -15.360  -17.986 0.1428571492
95357  21.206  -12.502  -19.451 0.1428571492
87811  21.040  -19.055  -15.130 0.1428571492
91604  20.811  -15.106  -17.198 0.1428571492
86515  24.773  -19.085  -17.698 0.1428571492
87812  21.370  -18.657  -14.794 0.1428571492
91636  24.282  -15.706  -20.861 0.5714285970
91639  22.037  -15.041  -20.263 0.4285714328
92863  26.695  -14.458  -20.516 0.1428571492
92874  25.370  -14.963  -21.337 0.2857142985
92877  22.470  -14.011  -20.957 0.5714285970
94129  22.865  -13.981  -21.147 0.5714285970
94142  26.046  -13.524  -21.469 0.2857142985
95386  27.057  -12.463  -21.314 0.1428571492
95388  25.635  -13.215  -22.208 0.2857142985
95402  24.468  -12.414  -22.912 0.4285714328
95413  24.251  -12.110  -23.358 0.4285714328
96656  22.833  -11.524  -22.395 0.4285714328
100498  27.429  -8.313  -28.031 0.7142857313
100503  27.441  -7.775  -28.420 0.8571428657
100504  27.362  -8.033  -28.406 0.8571428657
100505  27.076  -8.216  -28.274 0.8571428657
100512  27.120  -8.100  -28.425 0.8571428657
100513  26.948  -8.030  -28.419 0.8571428657
101647  28.182  -7.457  -27.813 0.7142857313
101648  26.840  -7.570  -27.247 0.7142857313
101656  27.653  -7.406  -28.272 0.8571428657
101657  27.169  -7.546  -28.407 0.8571428657
101667  27.111  -7.865  -28.459 0.8571428657
101668  26.901  -7.775  -28.417 0.8571428657
102726  26.060  -6.134  -25.586 0.7142857313
102745  26.170  -6.778  -25.870 0.7142857313
102760  27.218  -6.559  -27.381 0.8571428657
102761  26.839  -7.016  -27.449 0.7142857313
103898  26.096  -5.475  -25.790 0.7142857313
103928  29.670  -5.897  -27.553 0.2857142985
105085  26.096  -4.793  -25.969 1.0000000000
105086  25.238  -4.544  -26.039 1.0000000000
105106  27.718  -4.754  -27.175 0.8571428657
105121  20.643  -4.189  -28.202 0.5714285970
105127  29.487  -4.503  -29.415 0.1428571492
105138  28.894  -3.921  -29.575 0.2857142985
106279  26.365  -3.792  -26.245 0.8571428657
106283  19.643  -3.575  -26.542 0.1428571492
106297  21.925  -3.188  -28.828 0.7142857313
106298  21.207  -3.472  -28.855 0.7142857313
106305  21.607  -2.726  -29.302 0.8571428657
106307  20.716  -2.973  -29.027 0.5714285970
106314  30.314  -3.236  -30.655 0.1428571492
106316  28.584  -3.509  -29.921 0.1428571492
106317  21.440  -2.518  -29.395 0.8571428657
106318  21.027  -2.877  -29.267 0.8571428657
106319  20.936  -2.655  -29.230 0.7142857313
107475  25.612  -2.831  -26.264 0.8571428657
107486  27.540  -2.793  -27.216 0.8571428657
107489  22.482  -2.630  -27.609 0.8571428657
107495  28.749  -2.341  -29.061 0.5714285970
107501  19.721  -2.444  -28.246 0.1428571492
107506  28.293  -2.942  -29.590 0.1428571492
107513  29.743  -1.925  -30.686 0.1428571492
107516  21.697  -2.289  -29.436 0.8571428657
107517  21.328  -2.251  -29.448 0.8571428657
107518  20.931  -2.177  -29.345 0.7142857313
108664  26.967  -1.995  -26.658 0.8571428657
108667  25.181  -2.089  -26.734 0.8571428657
108678  24.575  -1.936  -27.302 0.8571428657
108680  19.213  -1.702  -27.799 0.1428571492
108691  19.382  -1.298  -28.256 0.1428571492
108698  28.959  -1.594  -29.980 0.2857142985
108699  22.007  -1.530  -29.486 0.8571428657
108712  22.090  -1.822  -29.456 0.8571428657
108713  21.587  -1.858  -29.492 0.8571428657
109804  25.636  -1.436  -26.262 0.8571428657
109817  27.567  -0.825  -27.063 0.8571428657
109821  24.185  -1.392  -27.465 0.8571428657
109841  17.839  -0.247  -27.806 0.1428571492
109853  20.651  -0.245  -29.543 0.7142857313
109860  28.783  -0.561  -30.902 0.1428571492
110996  27.702  0.779  -27.549 0.2857142985
111020  19.244  0.955  -28.897 0.5714285970
111028  20.842  1.256  -30.660 0.7142857313
112125  27.115  1.881  -27.215 0.2857142985
112127  25.697  2.063  -27.906 0.5714285970
112141  28.962  1.555  -28.454 0.2857142985
112143  25.111  1.915  -28.225 0.8571428657
112147  21.533  2.226  -30.151 0.8571428657
112149  18.830  1.391  -28.758 0.7142857313
112159  29.347  1.214  -29.243 0.1428571492
112162  21.592  1.696  -30.083 0.8571428657
112163  20.431  1.532  -30.495 0.7142857313
112176  21.315  1.806  -30.894 0.8571428657
112178  20.105  2.053  -30.580 0.7142857313
113301  27.187  2.594  -27.435 0.4285714328
113303  25.655  2.737  -27.584 0.5714285970
113319  29.082  2.438  -28.834 0.1428571492
113322  24.059  2.557  -27.852 0.8571428657
113325  21.453  2.564  -30.014 0.8571428657
113338  19.560  2.635  -30.064 0.7142857313
113350  21.620  2.498  -31.007 0.8571428657
113351  21.011  2.549  -31.218 0.8571428657
114402  29.062  3.026  -29.748 0.1428571492
114404  28.575  3.127  -28.026 0.4285714328
114405  25.091  3.535  -28.073 0.5714285970
114407  23.027  3.490  -28.019 0.8571428657
114410  20.563  3.871  -29.855 0.8571428657
114411  18.870  3.133  -28.649 0.7142857313
114425  20.711  3.571  -30.246 0.8571428657
114438  21.953  2.997  -31.171 0.8571428657
114439  21.353  3.083  -31.043 0.8571428657
115530  26.928  3.912  -27.781 0.4285714328
115547  25.357  4.322  -28.026 0.5714285970
115561  21.019  4.912  -29.631 0.8571428657
115562  20.640  4.611  -29.713 0.8571428657
115565  18.468  4.577  -28.597 0.7142857313
115566  17.638  4.588  -28.450 0.5714285970
116590  15.825  5.702  -25.696 0.4285714328
116619  27.568  4.839  -28.034 0.2857142985
116629  16.159  5.543  -26.950 0.4285714328
116649  20.542  6.030  -29.244 0.5714285970
116651  17.530  5.755  -28.489 0.5714285970
116660  20.809  5.353  -29.485 0.7142857313
117712  17.006  6.651  -27.818 0.5714285970
117713  16.698  6.174  -27.648 0.5714285970
117714  16.333  6.150  -27.094 0.5714285970
117730  21.016  6.685  -29.052 0.5714285970
117740  19.737  6.534  -29.318 0.7142857313
118799  19.790  6.883  -29.439 0.5714285970
119890  25.531  9.134  -29.180 0.1428571492
120997  26.223  9.920  -29.151 0.1428571492
122009  28.699  10.652  -28.208 0.1428571492
122012  19.804  10.743  -27.416 0.1428571492
122023  20.323  10.252  -27.706 0.2857142985
123082  20.239  10.690  -27.385 0.2857142985
123083  20.049  10.802  -27.261 0.2857142985
123092  19.140  10.944  -27.404 0.1428571492
125175  20.464  13.287  -26.540 0.1428571492
125183  19.835  13.247  -26.737 0.1428571492
161077  29.002  11.340  -28.341 0.1428571492
